1	131
1	168
1	193
1	222
1	236
1	240
1	249
1	250
2	24
2	114
2	204
2	255
2	263
2	269
2	277
2	292
3	66
3	123
3	135
3	232
3	233
3	279
3	281
3	282
4	120
4	226
4	260
4	265
4	276
4	280
4	292
4	299
5	33
5	64
5	193
5	201
5	204
5	205
5	222
5	249
6	61
6	142
6	175
6	177
6	234
6	255
6	272
6	286
7	45
7	191
7	261
7	273
7	277
7	289
7	294
7	298
8	45
8	79
8	152
8	215
8	218
8	221
8	224
8	284
9	29
9	275
9	276
9	277
9	278
9	288
9	293
9	297
10	225
10	257
10	262
10	263
10	270
10	283
10	292
10	295
11	13
11	33
11	39
11	104
11	113
11	118
11	119
11	262
12	85
12	107
12	227
12	256
12	263
12	269
12	292
12	295
13	11
13	45
13	123
13	140
13	175
13	248
13	255
13	272
14	35
14	41
14	73
14	78
14	82
14	146
14	274
14	300
15	40
15	59
15	238
15	248
15	255
15	272
15	287
15	291
16	97
16	147
16	166
16	189
16	235
16	246
16	259
16	278
17	50
17	138
17	161
17	178
17	244
17	261
17	281
17	282
18	126
18	142
18	219
18	238
18	248
18	255
18	272
18	275
19	92
19	153
19	171
19	215
19	218
19	221
19	224
19	271
20	102
20	137
20	141
20	179
20	273
20	288
20	294
20	298
21	101
21	130
21	189
21	206
21	237
21	239
21	246
21	259
22	33
22	87
22	104
22	113
22	118
22	119
22	203
22	286
23	56
23	165
23	208
23	222
23	236
23	260
23	280
23	291
24	2
24	151
24	203
24	234
24	261
24	289
24	294
24	298
25	208
25	211
25	213
25	214
25	231
25	260
25	268
25	300
26	99
26	192
26	215
26	217
26	218
26	221
26	224
26	258
27	41
27	73
27	78
27	82
27	132
27	146
27	251
27	282
28	60
28	71
28	115
28	154
28	239
28	250
28	282
28	285
29	9
29	87
29	230
29	240
29	269
29	270
29	271
29	283
30	109
30	155
30	185
30	208
30	214
30	235
30	280
30	288
31	70
31	187
31	209
31	227
31	251
31	267
31	279
31	287
32	117
32	204
32	220
32	237
32	283
32	284
32	292
32	293
33	5
33	11
33	22
33	39
33	87
33	113
33	118
33	119
34	184
34	223
34	278
34	283
34	287
34	290
34	291
34	300
35	14
35	73
35	82
35	132
35	146
35	147
35	153
35	261
36	92
36	94
36	219
36	238
36	248
36	254
36	255
36	300
37	48
37	75
37	98
37	244
37	271
37	281
37	290
37	291
37	300
38	99
38	218
38	220
38	238
38	240
38	283
38	284
38	292
38	295
39	11
39	33
39	59
39	87
39	104
39	113
39	118
39	119
39	252
40	15
40	175
40	185
40	219
40	230
40	238
40	248
40	272
40	293
41	14
41	27
41	78
41	82
41	132
41	146
41	175
41	244
41	279
42	74
42	100
42	115
42	116
42	131
42	201
42	205
42	222
42	249
43	95
43	103
43	121
43	129
43	200
43	239
43	242
43	279
43	281
44	152
44	192
44	215
44	218
44	221
44	224
44	232
44	237
44	253
45	7
45	8
45	13
45	115
45	234
45	273
45	289
45	294
45	298
46	80
46	122
46	132
46	217
46	265
46	274
46	276
46	286
46	299
47	76
47	108
47	180
47	213
47	227
47	250
47	271
47	290
47	292
48	37
48	135
48	244
48	245
48	257
48	271
48	288
48	290
48	297
49	95
49	117
49	186
49	252
49	258
49	262
49	288
49	296
49	297
50	17
50	103
50	139
50	199
50	264
50	276
50	286
50	293
50	299
51	54
51	136
51	164
51	189
51	196
51	241
51	246
51	265
51	282
52	112
52	256
52	270
52	278
52	283
52	284
52	292
52	293
52	295
53	73
53	194
53	271
53	278
53	280
53	288
53	291
53	293
53	297
54	51
54	68
54	159
54	196
54	199
54	235
54	237
54	246
54	259
55	119
55	210
55	212
55	217
55	222
55	251
55	276
55	286
55	299
56	23
56	165
56	199
56	202
56	203
56	211
56	260
56	266
56	280
57	72
57	191
57	202
57	203
57	216
57	232
57	242
57	252
57	297
58	67
58	168
58	171
58	193
58	201
58	205
58	236
58	249
58	297
59	15
59	39
59	96
59	107
59	140
59	177
59	238
59	245
59	272
60	28
60	143
60	172
60	204
60	269
60	276
60	283
60	292
60	295
61	6
61	177
61	219
61	238
61	248
61	252
61	255
61	258
61	272
62	148
62	199
62	226
62	236
62	243
62	274
62	286
62	294
62	299
63	134
63	180
63	191
63	199
63	210
63	265
63	274
63	286
63	299
64	5
64	109
64	129
64	131
64	168
64	193
64	201
64	236
64	249
65	71
65	89
65	168
65	169
65	189
65	235
65	237
65	259
65	291
66	3
66	71
66	161
66	183
66	214
66	233
66	253
66	279
66	293
67	58
67	252
67	275
67	277
67	292
67	293
67	296
67	297
67	300
68	54
68	74
68	93
68	201
68	205
68	222
68	236
68	249
68	257
69	152
69	161
69	165
69	216
69	231
69	247
69	268
69	280
69	286
70	31
70	88
70	202
70	223
70	277
70	278
70	288
70	291
70	297
71	28
71	65
71	66
71	111
71	157
71	183
71	188
71	274
71	282
72	57
72	86
72	144
72	208
72	216
72	254
72	256
72	268
72	280
72	296
73	14
73	27
73	35
73	53
73	78
73	82
73	132
73	146
73	187
73	287
74	42
74	68
74	168
74	171
74	193
74	222
74	232
74	236
74	246
74	249
75	37
75	145
75	149
75	172
75	207
75	229
75	261
75	289
75	294
75	298
76	47
76	110
76	224
76	250
76	264
76	279
76	281
76	282
76	285
76	287
77	112
77	277
77	278
77	280
77	288
77	293
77	296
77	297
77	299
77	300
78	14
78	27
78	41
78	73
78	82
78	132
78	134
78	146
78	207
78	225
79	8
79	90
79	136
79	192
79	217
79	218
79	220
79	221
79	224
79	281
80	46
80	179
80	194
80	214
80	234
80	238
80	261
80	273
80	289
80	294
81	169
81	173
81	176
81	189
81	235
81	241
81	245
81	246
81	249
81	259
82	14
82	27
82	35
82	41
82	73
82	78
82	132
82	146
82	170
82	275
83	212
83	220
83	226
83	229
83	243
83	264
83	281
83	285
83	286
83	299
84	171
84	179
84	190
84	197
84	198
84	216
84	267
84	273
84	294
84	298
85	12
85	89
85	94
85	196
85	206
85	235
85	237
85	241
85	251
85	259
86	72
86	131
86	180
86	213
86	267
86	279
86	281
86	282
86	287
86	293
87	22
87	29
87	33
87	39
87	104
87	113
87	118
87	119
87	218
87	255
88	70
88	154
88	159
88	280
88	284
88	290
88	291
88	293
88	296
88	297
89	65
89	85
89	97
89	164
89	206
89	210
89	216
89	237
89	241
89	259
90	79
90	171
90	174
90	192
90	215
90	218
90	221
90	224
90	276
90	298
91	138
91	154
91	178
91	180
91	187
91	227
91	240
91	277
91	287
91	291
92	19
92	36
92	96
92	147
92	157
92	219
92	238
92	248
92	255
92	272
93	68
93	116
93	201
93	205
93	222
93	236
93	244
93	249
93	298
93	299
94	36
94	85
94	162
94	217
94	219
94	238
94	248
94	252
94	255
94	272
95	43
95	49
95	137
95	160
95	251
95	271
95	275
95	291
95	293
95	300
96	59
96	92
96	112
96	125
96	226
96	253
96	258
96	274
96	276
96	299
97	16
97	89
97	166
97	168
97	187
97	188
97	237
97	241
97	246
97	259
98	37
98	114
98	191
98	240
98	256
98	257
98	284
98	290
98	292
98	295
99	26
99	38
99	136
99	153
99	192
99	215
99	221
99	224
99	260
99	271
100	42
100	110
100	212
100	217
100	243
100	265
100	274
100	277
100	286
100	288
100	299
101	21
101	124
101	159
101	198
101	244
101	249
101	251
101	275
101	290
101	296
101	297
102	20
102	182
102	198
102	248
102	257
102	261
102	273
102	286
102	289
102	294
102	298
103	43
103	50
103	178
103	226
103	258
103	264
103	265
103	274
103	276
103	285
103	299
104	11
104	22
104	39
104	87
104	113
104	118
104	119
104	150
104	202
104	269
104	280
105	107
105	133
105	135
105	220
105	242
105	245
105	256
105	257
105	292
105	294
105	295
106	122
106	134
106	179
106	188
106	207
106	230
106	261
106	289
106	294
106	297
106	298
107	12
107	59
107	105
107	162
107	175
107	177
107	180
107	248
107	255
107	272
107	293
108	47
108	176
108	213
108	226
108	239
108	261
108	267
108	281
108	285
108	287
108	295
109	30
109	64
109	194
109	228
109	229
109	258
109	264
109	265
109	274
109	286
109	299
110	76
110	100
110	189
110	226
110	258
110	264
110	265
110	276
110	286
110	295
110	299
111	71
111	206
111	209
111	225
111	239
111	250
111	267
111	281
111	282
111	285
111	296
112	52
112	77
112	96
112	187
112	199
112	219
112	243
112	258
112	265
112	286
112	299
113	11
113	22
113	33
113	39
113	87
113	104
113	118
113	119
113	126
113	223
113	292
114	2
114	98
114	142
114	186
114	189
114	204
114	211
114	269
114	270
114	283
114	295
115	28
115	42
115	45
115	118
115	149
115	190
115	234
115	273
115	289
115	294
115	298
116	42
116	93
116	121
116	168
116	184
116	205
116	222
116	236
116	246
116	249
116	280
117	32
117	49
117	153
117	174
117	192
117	244
117	275
117	290
117	291
117	296
117	297
118	11
118	22
118	33
118	39
118	87
118	104
118	113
118	115
118	119
118	151
118	294
119	11
119	22
119	33
119	39
119	55
119	87
119	104
119	113
119	118
119	142
119	181
120	4
120	179
120	192
120	229
120	258
120	264
120	273
120	274
120	276
120	286
120	299
121	43
121	116
121	154
121	155
121	193
121	201
121	205
121	222
121	236
121	249
121	253
122	46
122	106
122	147
122	148
122	194
122	197
122	232
122	273
122	289
122	294
122	298
123	3
123	13
123	210
123	212
123	243
123	258
123	264
123	274
123	282
123	286
123	299
124	101
124	140
124	170
124	247
124	252
124	253
124	262
124	266
124	275
124	290
124	296
125	96
125	199
125	212
125	229
125	231
125	252
125	262
125	264
125	265
125	274
125	299
126	18
126	113
126	212
126	228
126	230
126	257
126	270
126	283
126	284
126	295
126	298
127	176
127	178
127	183
127	227
127	268
127	272
127	279
127	281
127	282
127	285
127	287
128	157
128	158
128	185
128	191
128	211
128	234
128	242
128	254
128	259
128	260
128	293
129	43
129	64
129	160
129	213
129	226
129	227
129	239
129	250
129	283
129	285
129	287
130	21
130	141
130	202
130	203
130	211
130	214
130	215
130	232
130	275
130	276
130	280
131	1
131	42
131	64
131	86
131	205
131	215
131	222
131	236
131	237
131	249
131	292
132	27
132	35
132	41
132	46
132	73
132	78
132	82
132	146
132	223
132	234
132	235
133	105
133	190
133	195
133	228
133	256
133	272
133	283
133	284
133	292
133	293
133	295
134	63
134	78
134	106
134	182
134	190
134	207
134	273
134	286
134	289
134	294
134	298
135	3
135	48
135	105
135	228
135	230
135	257
135	270
135	274
135	283
135	284
135	292
135	295
136	51
136	79
136	99
136	152
136	153
136	163
136	171
136	192
136	215
136	218
136	224
136	231
137	20
137	95
137	150
137	162
137	172
137	182
137	194
137	241
137	261
137	289
137	294
137	298
138	17
138	91
138	177
138	184
138	227
138	233
138	239
138	245
138	282
138	285
138	287
138	288
139	50
139	217
139	226
139	237
139	243
139	258
139	260
139	264
139	266
139	269
139	274
139	299
140	13
140	59
140	124
140	143
140	144
140	147
140	175
140	219
140	238
140	248
140	272
140	277
141	20
141	130
141	143
141	165
141	185
141	204
141	216
141	231
141	254
141	260
141	280
141	297
142	6
142	18
142	114
142	119
142	147
142	150
142	162
142	215
142	219
142	248
142	255
142	272
143	60
143	140
143	141
143	204
143	208
143	214
143	231
143	232
143	254
143	260
143	268
143	298
144	72
144	140
144	157
144	158
144	165
144	173
144	185
144	231
144	239
144	260
144	267
144	280
145	75
145	197
145	225
145	251
145	266
145	272
145	278
145	288
145	291
145	293
145	296
145	300
146	14
146	27
146	35
146	41
146	73
146	78
146	82
146	132
146	190
146	240
146	248
146	299
147	16
147	35
147	92
147	122
147	140
147	142
147	177
147	219
147	238
147	248
147	255
147	272
148	62
148	122
148	166
148	176
148	206
148	224
148	235
148	237
148	241
148	246
148	259
148	263
149	75
149	115
149	190
149	207
149	234
149	235
149	273
149	283
149	286
149	289
149	294
149	298
150	104
150	137
150	142
150	182
150	197
150	236
150	261
150	273
150	285
150	289
150	294
150	298
151	24
151	118
151	157
151	159
151	174
151	195
151	245
151	253
151	262
151	266
151	290
151	293
151	300
152	8
152	44
152	69
152	136
152	153
152	171
152	192
152	201
152	215
152	221
152	222
152	224
152	247
153	19
153	35
153	99
153	117
153	136
153	152
153	171
153	185
153	215
153	218
153	221
153	224
153	254
154	28
154	88
154	91
154	121
154	161
154	220
154	233
154	250
154	267
154	279
154	281
154	282
154	298
155	30
155	121
155	173
155	202
155	203
155	207
155	222
155	227
155	231
155	242
155	247
155	260
155	268
156	192
156	195
156	198
156	240
156	250
156	256
156	263
156	270
156	283
156	284
156	288
156	292
156	295
157	71
157	92
157	128
157	144
157	151
157	158
157	163
157	170
157	185
157	191
157	209
157	214
157	242
158	128
158	144
158	157
158	196
158	206
158	211
158	224
158	242
158	247
158	254
158	260
158	268
158	297
159	54
159	88
159	101
159	151
159	223
159	229
159	270
159	277
159	283
159	291
159	293
159	296
159	297
160	95
160	129
160	180
160	183
160	202
160	227
160	236
160	250
160	267
160	276
160	279
160	281
160	285
161	17
161	66
161	69
161	154
161	162
161	180
161	187
161	209
161	239
161	267
161	274
161	279
161	285
162	94
162	107
162	137
162	142
162	161
162	175
162	177
162	178
162	198
162	238
162	248
162	255
162	272
163	136
163	157
163	170
163	173
163	191
163	211
163	231
163	254
163	268
163	270
163	280
163	288
163	292
164	51
164	89
164	166
164	182
164	195
164	204
164	206
164	215
164	235
164	237
164	241
164	246
164	259
164	280
165	23
165	56
165	69
165	141
165	144
165	191
165	199
165	219
165	231
165	241
165	242
165	262
165	268
165	280
166	16
166	97
166	148
166	164
166	169
166	176
166	227
166	235
166	241
166	242
166	246
166	259
166	274
166	291
167	208
167	209
167	212
167	217
167	229
167	243
167	255
167	258
167	265
167	274
167	276
167	286
167	296
167	299
168	1
168	58
168	64
168	65
168	74
168	97
168	116
168	193
168	201
168	205
168	236
168	249
168	269
168	274
169	65
169	81
169	166
169	176
169	189
169	206
169	234
169	235
169	241
169	246
169	249
169	254
169	279
169	300
170	82
170	124
170	157
170	163
170	202
170	203
170	208
170	215
170	232
170	236
170	247
170	254
170	260
170	297
171	19
171	58
171	74
171	84
171	90
171	136
171	152
171	153
171	181
171	215
171	218
171	221
171	224
171	228
172	60
172	75
172	137
172	182
172	198
172	207
172	214
172	234
172	244
172	261
172	265
172	289
172	294
172	298
173	81
173	144
173	155
173	163
173	203
173	212
173	214
173	239
173	242
173	247
173	254
173	260
173	268
173	279
173	287
174	90
174	117
174	151
174	175
174	243
174	244
174	251
174	275
174	285
174	288
174	290
174	292
174	296
174	297
174	300
175	6
175	13
175	40
175	41
175	107
175	140
175	162
175	174
175	177
175	223
175	233
175	238
175	255
175	272
175	275
176	81
176	108
176	127
176	148
176	166
176	169
176	196
176	235
176	236
176	237
176	241
176	246
176	259
176	271
176	274
177	6
177	59
177	61
177	107
177	138
177	147
177	162
177	175
177	182
177	238
177	248
177	255
177	272
177	273
177	293
178	17
178	91
178	103
178	127
178	162
178	185
178	187
178	200
178	220
178	233
178	267
178	279
178	282
178	285
178	287
179	20
179	80
179	84
179	106
179	120
179	194
179	197
179	207
179	234
179	262
179	265
179	273
179	285
179	289
179	298
180	47
180	63
180	86
180	91
180	107
180	160
180	161
180	213
180	233
180	239
180	246
180	279
180	283
180	285
180	287
181	119
181	171
181	185
181	195
181	204
181	230
181	256
181	257
181	263
181	269
181	283
181	284
181	291
181	292
181	295
182	102
182	134
182	137
182	150
182	164
182	172
182	177
182	197
182	198
182	233
182	254
182	256
182	289
182	294
182	298
183	66
183	71
183	127
183	160
183	196
183	233
183	247
183	267
183	271
183	279
183	281
183	283
183	285
183	287
183	289
184	34
184	116
184	138
184	225
184	240
184	244
184	253
184	262
184	266
184	271
184	277
184	287
184	289
184	293
184	300
185	30
185	40
185	128
185	141
185	144
185	153
185	157
185	178
185	181
185	211
185	216
185	247
185	258
185	260
185	268
185	280
186	49
186	114
186	201
186	220
186	228
186	240
186	248
186	256
186	257
186	263
186	279
186	283
186	284
186	288
186	292
186	295
187	31
187	73
187	91
187	97
187	112
187	161
187	178
187	188
187	200
187	223
187	233
187	281
187	282
187	285
187	287
187	298
188	71
188	97
188	106
188	187
188	197
188	200
188	209
188	213
188	250
188	261
188	267
188	279
188	281
188	285
188	287
188	296
189	16
189	21
189	51
189	65
189	81
189	110
189	114
189	169
189	196
189	206
189	237
189	241
189	246
189	259
189	263
189	286
190	84
190	115
190	133
190	134
190	146
190	149
190	197
190	198
190	261
190	273
190	278
190	282
190	283
190	289
190	294
190	298
191	7
191	57
191	63
191	98
191	128
191	157
191	163
191	165
191	216
191	231
191	242
191	260
191	268
191	280
191	292
191	295
192	26
192	44
192	79
192	90
192	99
192	117
192	120
192	136
192	152
192	156
192	215
192	218
192	221
192	224
192	281
192	286
193	1
193	5
193	58
193	64
193	74
193	121
193	168
193	201
193	210
193	222
193	228
193	236
193	244
193	249
193	281
193	287
194	53
194	80
194	109
194	122
194	137
194	179
194	197
194	198
194	207
194	221
194	225
194	234
194	261
194	273
194	289
194	298
195	133
195	151
195	156
195	164
195	181
195	210
195	226
195	228
195	240
195	263
195	269
195	270
195	284
195	292
195	295
195	299
196	51
196	54
196	85
196	158
196	176
196	183
196	189
196	206
196	209
196	215
196	235
196	237
196	241
196	246
196	247
196	259
197	84
197	122
197	145
197	150
197	179
197	182
197	188
197	190
197	194
197	231
197	233
197	261
197	264
197	289
197	294
197	298
198	84
198	101
198	102
198	156
198	162
198	172
198	182
198	190
198	194
198	201
198	234
198	273
198	288
198	289
198	294
198	297
198	298
199	50
199	54
199	56
199	62
199	63
199	112
199	125
199	165
199	204
199	210
199	212
199	216
199	243
199	258
199	274
199	286
199	299
200	43
200	178
200	187
200	188
200	208
200	213
200	227
200	233
200	239
200	244
200	267
200	277
200	279
200	282
200	284
200	287
200	300
201	5
201	42
201	58
201	64
201	68
201	93
201	121
201	152
201	168
201	186
201	193
201	198
201	222
201	236
201	247
201	249
201	290
202	56
202	57
202	70
202	104
202	130
202	155
202	160
202	170
202	203
202	208
202	232
202	241
202	242
202	245
202	247
202	260
202	261
203	22
203	24
203	56
203	57
203	130
203	155
203	170
203	173
203	202
203	211
203	242
203	247
203	248
203	254
203	270
203	271
203	280
204	2
204	5
204	32
204	60
204	114
204	141
204	143
204	164
204	181
204	199
204	230
204	263
204	269
204	270
204	283
204	284
204	295
205	5
205	42
205	58
205	68
205	93
205	116
205	121
205	131
205	168
205	207
205	222
205	236
205	249
205	254
205	262
205	263
205	268
206	21
206	85
206	89
206	111
206	148
206	158
206	164
206	169
206	189
206	196
206	229
206	235
206	237
206	241
206	243
206	246
206	259
206	295
207	75
207	78
207	106
207	134
207	149
207	155
207	172
207	179
207	194
207	205
207	234
207	261
207	273
207	275
207	289
207	294
207	298
207	299
208	23
208	25
208	30
208	72
208	143
208	167
208	170
208	200
208	202
208	212
208	216
208	234
208	238
208	247
208	254
208	268
208	280
208	293
209	31
209	111
209	157
209	161
209	167
209	188
209	196
209	227
209	233
209	239
209	250
209	264
209	267
209	278
209	281
209	282
209	287
209	295
210	55
210	63
210	89
210	123
210	193
210	195
210	199
210	212
210	217
210	224
210	229
210	243
210	258
210	264
210	274
210	276
210	278
210	286
211	25
211	56
211	114
211	128
211	130
211	158
211	163
211	185
211	203
211	214
211	232
211	241
211	242
211	254
211	256
211	268
211	275
211	298
212	55
212	83
212	100
212	123
212	125
212	126
212	167
212	173
212	199
212	208
212	210
212	226
212	243
212	258
212	260
212	265
212	276
212	289
212	299
213	25
213	47
213	86
213	108
213	129
213	180
213	188
213	200
213	227
213	229
213	238
213	267
213	271
213	272
213	279
213	281
213	285
213	287
213	294
214	25
214	30
214	66
214	80
214	130
214	143
214	157
214	172
214	173
214	211
214	231
214	232
214	247
214	254
214	260
214	280
214	282
214	290
214	300
215	8
215	19
215	26
215	44
215	90
215	99
215	130
215	131
215	136
215	142
215	152
215	153
215	164
215	170
215	171
215	192
215	196
215	218
215	221
216	57
216	69
216	72
216	84
216	89
216	141
216	185
216	191
216	199
216	208
216	231
216	232
216	237
216	242
216	247
216	260
216	268
216	280
216	296
217	26
217	46
217	55
217	79
217	94
217	100
217	139
217	167
217	210
217	226
217	229
217	243
217	250
217	264
217	265
217	274
217	276
217	285
217	286
218	8
218	19
218	26
218	38
218	44
218	79
218	87
218	90
218	136
218	153
218	171
218	192
218	215
218	219
218	221
218	224
218	232
218	257
218	260
219	18
219	36
219	40
219	61
219	92
219	94
219	112
219	140
219	142
219	147
219	165
219	218
219	233
219	238
219	248
219	251
219	252
219	255
219	272
220	32
220	38
220	79
220	83
220	105
220	154
220	178
220	186
220	228
220	240
220	243
220	256
220	257
220	263
220	269
220	270
220	276
220	284
220	292
220	295
221	8
221	19
221	26
221	44
221	79
221	90
221	99
221	152
221	153
221	171
221	192
221	194
221	215
221	218
221	224
221	226
221	235
221	270
221	284
221	295
222	1
222	5
222	23
222	42
222	55
222	68
222	74
222	93
222	116
222	121
222	131
222	152
222	155
222	193
222	201
222	205
222	236
222	249
222	260
222	272
223	34
223	70
223	113
223	132
223	159
223	175
223	187
223	225
223	245
223	252
223	262
223	266
223	267
223	276
223	288
223	290
223	291
223	293
223	296
223	300
224	8
224	19
224	26
224	44
224	76
224	79
224	90
224	99
224	136
224	148
224	152
224	153
224	158
224	171
224	192
224	210
224	218
224	221
224	233
224	285
225	10
225	78
225	111
225	145
225	184
225	194
225	223
225	228
225	253
225	266
225	271
225	275
225	277
225	278
225	287
225	288
225	290
225	291
225	293
225	300
226	4
226	62
226	83
226	96
226	103
226	108
226	110
226	129
226	139
226	195
226	212
226	217
226	221
226	227
226	229
226	243
226	264
226	276
226	286
226	298
227	12
227	31
227	47
227	91
227	127
227	129
227	138
227	155
227	160
227	166
227	200
227	209
227	213
227	226
227	250
227	267
227	278
227	281
227	282
227	283
227	285
228	109
228	126
228	133
228	135
228	171
228	186
228	193
228	195
228	220
228	225
228	230
228	240
228	250
228	257
228	263
228	270
228	283
228	284
228	292
228	295
228	298
229	75
229	83
229	109
229	120
229	125
229	159
229	167
229	206
229	210
229	213
229	217
229	226
229	234
229	243
229	258
229	264
229	265
229	267
229	276
229	286
229	299
230	29
230	40
230	106
230	126
230	135
230	181
230	204
230	228
230	240
230	256
230	257
230	262
230	263
230	268
230	269
230	270
230	279
230	283
230	284
230	295
230	296
231	25
231	69
231	125
231	136
231	141
231	143
231	144
231	155
231	163
231	165
231	191
231	197
231	214
231	216
231	232
231	247
231	268
231	280
231	294
231	295
231	300
232	3
232	44
232	57
232	74
232	122
232	130
232	143
232	170
232	202
232	211
232	214
232	216
232	218
232	231
232	242
232	247
232	254
232	260
232	268
232	273
232	280
233	3
233	66
233	138
233	154
233	175
233	178
233	180
233	182
233	183
233	187
233	197
233	200
233	209
233	219
233	224
233	239
233	246
233	250
233	267
233	282
233	285
233	287
234	6
234	24
234	45
234	80
234	115
234	128
234	132
234	149
234	169
234	172
234	179
234	194
234	198
234	207
234	208
234	229
234	261
234	268
234	273
234	289
234	294
234	298
235	16
235	30
235	54
235	65
235	81
235	85
235	132
235	148
235	149
235	164
235	166
235	169
235	176
235	196
235	206
235	221
235	237
235	241
235	243
235	246
235	259
235	281
236	1
236	23
236	58
236	62
236	64
236	68
236	74
236	93
236	116
236	121
236	131
236	150
236	160
236	168
236	170
236	176
236	193
236	201
236	205
236	222
236	249
236	259
237	21
237	32
237	44
237	54
237	65
237	85
237	89
237	97
237	131
237	139
237	148
237	164
237	176
237	189
237	196
237	206
237	216
237	235
237	241
237	246
237	259
237	274
237	295
238	15
238	18
238	36
238	38
238	40
238	59
238	61
238	80
238	92
238	94
238	140
238	147
238	162
238	175
238	177
238	208
238	213
238	219
238	245
238	248
238	255
238	257
238	272
239	21
239	28
239	43
239	108
239	111
239	129
239	138
239	144
239	161
239	173
239	180
239	200
239	209
239	233
239	246
239	250
239	252
239	258
239	281
239	282
239	285
239	287
239	291
240	1
240	29
240	38
240	91
240	98
240	146
240	156
240	184
240	186
240	195
240	220
240	228
240	230
240	256
240	263
240	266
240	269
240	270
240	277
240	283
240	284
240	285
240	292
240	295
241	51
241	81
241	85
241	89
241	97
241	137
241	148
241	164
241	165
241	166
241	169
241	176
241	189
241	196
241	202
241	206
241	211
241	235
241	237
241	246
241	255
241	259
241	270
241	295
242	43
242	57
242	105
242	128
242	155
242	157
242	158
242	165
242	166
242	173
242	191
242	202
242	203
242	211
242	216
242	232
242	247
242	254
242	259
242	262
242	268
242	269
242	280
242	300
243	62
243	83
243	100
243	112
243	123
243	139
243	167
243	174
243	199
243	206
243	210
243	212
243	217
243	220
243	226
243	229
243	235
243	254
243	264
243	276
243	280
243	286
243	299
243	300
244	17
244	37
244	41
244	48
244	93
244	101
244	117
244	172
244	174
244	184
244	193
244	200
244	253
244	262
244	266
244	277
244	278
244	279
244	288
244	290
244	293
244	296
244	297
244	300
245	48
245	59
245	81
245	105
245	138
245	151
245	202
245	223
245	238
245	251
245	252
245	262
245	266
245	271
245	277
245	278
245	282
245	287
245	288
245	290
245	291
245	293
245	296
245	297
245	300
246	16
246	21
246	51
246	54
246	74
246	81
246	97
246	116
246	148
246	164
246	166
246	169
246	176
246	180
246	189
246	196
246	206
246	233
246	235
246	237
246	239
246	241
246	257
246	259
246	296
247	69
247	124
247	152
247	155
247	158
247	170
247	173
247	183
247	185
247	196
247	201
247	202
247	203
247	208
247	214
247	216
247	231
247	232
247	242
247	251
247	253
247	254
247	264
247	268
247	280
248	13
248	15
248	18
248	36
248	40
248	61
248	92
248	94
248	102
248	107
248	140
248	142
248	146
248	147
248	162
248	177
248	186
248	203
248	219
248	238
248	255
248	272
248	285
248	291
248	293
249	1
249	5
249	42
249	58
249	64
249	68
249	74
249	81
249	93
249	101
249	116
249	121
249	131
249	168
249	169
249	193
249	201
249	205
249	222
249	236
249	257
249	263
249	273
249	281
249	296
250	1
250	28
250	47
250	76
250	111
250	129
250	154
250	156
250	160
250	188
250	209
250	217
250	227
250	228
250	233
250	239
250	267
250	271
250	279
250	281
250	282
250	285
250	287
250	288
250	295
251	27
251	31
251	55
251	85
251	95
251	101
251	145
251	174
251	219
251	245
251	247
251	253
251	254
251	262
251	266
251	271
251	275
251	277
251	278
251	288
251	290
251	291
251	293
251	296
251	300
252	39
252	49
252	57
252	61
252	67
252	94
252	124
252	125
252	219
252	223
252	239
252	245
252	253
252	262
252	271
252	275
252	277
252	278
252	288
252	290
252	291
252	293
252	296
252	299
252	300
253	44
253	66
253	96
253	121
253	124
253	151
253	184
253	225
253	244
253	247
253	251
253	252
253	262
253	271
253	275
253	277
253	278
253	288
253	289
253	291
253	293
253	296
253	297
253	299
253	300
254	36
254	72
254	128
254	141
254	143
254	153
254	158
254	163
254	169
254	170
254	173
254	182
254	203
254	205
254	208
254	211
254	214
254	232
254	242
254	243
254	247
254	251
254	260
254	268
254	276
255	2
255	6
255	13
255	15
255	18
255	36
255	61
255	87
255	92
255	94
255	107
255	142
255	147
255	162
255	167
255	175
255	177
255	219
255	238
255	241
255	248
255	260
255	268
255	272
255	278
255	284
256	12
256	52
256	72
256	98
256	105
256	133
256	156
256	181
256	182
256	186
256	211
256	220
256	230
256	240
256	257
256	263
256	267
256	268
256	269
256	270
256	283
256	284
256	288
256	292
256	295
256	298
257	10
257	48
257	68
257	98
257	102
257	105
257	126
257	135
257	181
257	186
257	218
257	220
257	228
257	230
257	238
257	246
257	249
257	256
257	263
257	269
257	270
257	283
257	284
257	289
257	292
257	295
258	26
258	49
258	61
258	96
258	103
258	109
258	110
258	112
258	120
258	123
258	139
258	167
258	185
258	199
258	210
258	212
258	229
258	239
258	261
258	264
258	265
258	267
258	274
258	276
258	277
258	286
258	299
259	16
259	21
259	54
259	65
259	81
259	85
259	89
259	97
259	128
259	148
259	164
259	166
259	176
259	189
259	196
259	206
259	235
259	236
259	237
259	241
259	242
259	246
259	261
259	266
259	285
259	294
259	299
260	4
260	23
260	25
260	56
260	99
260	128
260	139
260	141
260	143
260	144
260	155
260	158
260	170
260	173
260	185
260	191
260	202
260	212
260	214
260	216
260	218
260	222
260	232
260	254
260	255
260	280
260	296
261	7
261	17
261	24
261	35
261	75
261	80
261	102
261	106
261	108
261	137
261	150
261	172
261	188
261	190
261	194
261	197
261	202
261	207
261	234
261	258
261	259
261	265
261	273
261	289
261	294
261	298
261	299
262	10
262	11
262	49
262	124
262	125
262	151
262	165
262	179
262	184
262	205
262	223
262	230
262	242
262	244
262	245
262	251
262	252
262	253
262	266
262	271
262	275
262	288
262	290
262	293
262	296
262	297
262	300
263	2
263	10
263	12
263	148
263	156
263	181
263	186
263	189
263	195
263	204
263	205
263	220
263	228
263	230
263	240
263	249
263	256
263	257
263	269
263	270
263	272
263	275
263	282
263	283
263	284
263	290
263	292
263	295
264	50
264	76
264	83
264	103
264	109
264	110
264	120
264	123
264	125
264	139
264	197
264	209
264	210
264	217
264	226
264	229
264	243
264	247
264	258
264	265
264	272
264	274
264	276
264	278
264	286
264	297
264	299
264	300
265	4
265	46
265	51
265	63
265	100
265	103
265	109
265	110
265	112
265	125
265	167
265	172
265	179
265	212
265	217
265	229
265	258
265	261
265	264
265	270
265	273
265	274
265	276
265	281
265	286
265	295
265	299
265	300
266	56
266	124
266	139
266	145
266	151
266	184
266	223
266	225
266	240
266	244
266	245
266	251
266	259
266	262
266	271
266	272
266	275
266	277
266	278
266	282
266	288
266	290
266	291
266	293
266	297
266	298
266	299
266	300
267	31
267	84
267	86
267	108
267	111
267	144
267	154
267	160
267	161
267	178
267	183
267	188
267	200
267	209
267	213
267	223
267	227
267	229
267	233
267	250
267	256
267	258
267	279
267	282
267	285
267	287
267	289
267	292
268	25
268	69
268	72
268	127
268	143
268	155
268	158
268	163
268	165
268	173
268	185
268	191
268	205
268	208
268	211
268	216
268	230
268	231
268	232
268	234
268	242
268	247
268	254
268	255
268	256
268	280
268	290
268	294
269	2
269	12
269	29
269	60
269	104
269	114
269	139
269	168
269	181
269	195
269	204
269	220
269	230
269	240
269	242
269	256
269	257
269	263
269	270
269	279
269	283
269	284
269	287
269	290
269	292
269	294
269	295
269	297
270	10
270	29
270	52
270	114
270	126
270	135
270	156
270	159
270	163
270	195
270	203
270	204
270	220
270	221
270	228
270	230
270	240
270	241
270	256
270	257
270	263
270	265
270	269
270	275
270	284
270	291
270	292
270	294
270	295
271	19
271	29
271	37
271	47
271	48
271	53
271	95
271	99
271	176
271	183
271	184
271	203
271	213
271	225
271	245
271	250
271	251
271	252
271	253
271	262
271	266
271	277
271	278
271	288
271	290
271	291
271	293
271	296
271	297
271	300
272	6
272	13
272	15
272	18
272	40
272	59
272	61
272	92
272	94
272	107
272	127
272	133
272	140
272	142
272	145
272	147
272	162
272	175
272	177
272	213
272	219
272	222
272	238
272	248
272	255
272	263
272	264
272	266
272	284
272	294
273	7
273	20
273	45
273	80
273	84
273	102
273	115
273	120
273	122
273	134
273	149
273	150
273	177
273	179
273	190
273	194
273	198
273	207
273	232
273	234
273	249
273	261
273	265
273	274
273	282
273	289
273	292
273	294
273	296
273	298
274	14
274	46
274	62
274	63
274	71
274	96
274	100
274	103
274	109
274	120
274	123
274	125
274	135
274	139
274	161
274	166
274	167
274	168
274	176
274	199
274	210
274	217
274	237
274	258
274	264
274	265
274	273
274	276
274	286
274	299
275	9
275	18
275	67
275	82
275	95
275	101
275	117
275	124
275	130
275	174
275	175
275	207
275	211
275	225
275	251
275	252
275	253
275	262
275	263
275	266
275	270
275	277
275	278
275	288
275	290
275	291
275	294
275	296
275	297
275	300
276	4
276	9
276	46
276	50
276	55
276	60
276	90
276	96
276	103
276	110
276	120
276	130
276	160
276	167
276	210
276	212
276	217
276	220
276	223
276	226
276	229
276	243
276	254
276	258
276	264
276	265
276	274
276	286
276	297
276	299
277	2
277	7
277	9
277	67
277	70
277	77
277	91
277	100
277	140
277	159
277	184
277	200
277	225
277	240
277	244
277	245
277	251
277	252
277	253
277	258
277	266
277	271
277	275
277	278
277	288
277	289
277	291
277	293
277	296
277	297
277	300
278	9
278	16
278	34
278	52
278	53
278	70
278	77
278	145
278	190
278	209
278	210
278	225
278	227
278	244
278	245
278	251
278	252
278	253
278	255
278	264
278	266
278	271
278	275
278	277
278	284
278	288
278	290
278	291
278	296
278	297
278	300
279	3
279	31
279	41
279	43
279	66
279	76
279	86
279	127
279	154
279	160
279	161
279	169
279	173
279	178
279	180
279	183
279	186
279	188
279	200
279	213
279	230
279	244
279	250
279	267
279	269
279	281
279	282
279	285
279	286
279	287
279	291
280	4
280	23
280	30
280	53
280	56
280	69
280	72
280	77
280	88
280	104
280	116
280	130
280	141
280	144
280	163
280	164
280	165
280	185
280	191
280	203
280	208
280	214
280	216
280	231
280	232
280	242
280	243
280	247
280	260
280	268
280	287
280	289
281	3
281	17
281	37
281	43
281	76
281	79
281	83
281	86
281	108
281	111
281	127
281	154
281	160
281	183
281	187
281	188
281	192
281	193
281	209
281	213
281	227
281	235
281	239
281	249
281	250
281	265
281	279
281	282
281	283
281	285
281	287
281	298
282	3
282	17
282	27
282	28
282	51
282	71
282	76
282	86
282	111
282	123
282	127
282	138
282	154
282	178
282	187
282	190
282	200
282	209
282	214
282	227
282	233
282	239
282	245
282	250
282	263
282	266
282	267
282	273
282	279
282	281
282	284
282	285
282	287
283	10
283	29
283	32
283	34
283	38
283	52
283	60
283	114
283	126
283	129
283	133
283	135
283	149
283	156
283	159
283	180
283	181
283	183
283	186
283	190
283	204
283	227
283	228
283	230
283	240
283	256
283	257
283	263
283	269
283	281
283	287
283	292
283	295
284	8
284	32
284	38
284	52
284	88
284	98
284	126
284	133
284	135
284	156
284	181
284	186
284	195
284	200
284	204
284	220
284	221
284	228
284	230
284	240
284	255
284	256
284	257
284	263
284	269
284	270
284	272
284	278
284	282
284	290
284	291
284	292
284	295
285	28
285	76
285	83
285	103
285	108
285	111
285	127
285	129
285	138
285	150
285	160
285	161
285	174
285	178
285	179
285	180
285	183
285	187
285	188
285	213
285	217
285	224
285	227
285	233
285	239
285	240
285	248
285	250
285	259
285	267
285	279
285	281
285	282
285	287
286	6
286	22
286	46
286	50
286	55
286	62
286	63
286	69
286	83
286	100
286	102
286	109
286	110
286	112
286	120
286	123
286	134
286	149
286	167
286	189
286	192
286	199
286	210
286	217
286	226
286	229
286	243
286	258
286	264
286	265
286	274
286	276
286	279
286	290
286	299
287	15
287	31
287	34
287	73
287	76
287	86
287	91
287	108
287	127
287	129
287	138
287	173
287	178
287	180
287	183
287	184
287	187
287	188
287	193
287	200
287	209
287	213
287	225
287	233
287	239
287	245
287	250
287	267
287	269
287	279
287	280
287	281
287	282
287	283
287	285
288	9
288	20
288	30
288	48
288	49
288	53
288	70
288	77
288	100
288	138
288	145
288	156
288	163
288	174
288	186
288	198
288	223
288	225
288	244
288	245
288	250
288	251
288	252
288	253
288	256
288	262
288	266
288	271
288	275
288	277
288	278
288	290
288	291
288	296
288	297
288	300
289	7
289	24
289	45
289	75
289	80
289	102
289	106
289	115
289	122
289	134
289	137
289	149
289	150
289	172
289	179
289	182
289	183
289	184
289	190
289	194
289	197
289	198
289	207
289	212
289	234
289	253
289	257
289	261
289	267
289	273
289	277
289	280
289	290
289	294
289	296
289	297
289	298
290	34
290	37
290	47
290	48
290	88
290	98
290	101
290	117
290	124
290	151
290	174
290	201
290	214
290	223
290	225
290	244
290	245
290	251
290	252
290	262
290	263
290	266
290	268
290	269
290	271
290	275
290	278
290	284
290	286
290	288
290	289
290	291
290	292
290	293
290	296
290	297
290	300
291	15
291	23
291	34
291	37
291	53
291	65
291	70
291	88
291	91
291	95
291	117
291	145
291	159
291	166
291	181
291	223
291	225
291	239
291	245
291	248
291	251
291	252
291	253
291	266
291	270
291	271
291	275
291	277
291	278
291	279
291	284
291	288
291	290
291	293
291	296
291	297
291	300
292	2
292	4
292	10
292	12
292	32
292	38
292	47
292	52
292	60
292	67
292	98
292	105
292	113
292	131
292	133
292	135
292	156
292	163
292	174
292	181
292	186
292	191
292	195
292	220
292	228
292	240
292	256
292	257
292	263
292	267
292	269
292	270
292	273
292	283
292	284
292	290
292	295
293	9
293	32
293	40
293	50
293	52
293	53
293	66
293	67
293	77
293	86
293	88
293	95
293	107
293	128
293	133
293	145
293	151
293	159
293	177
293	184
293	208
293	223
293	225
293	244
293	245
293	248
293	251
293	252
293	253
293	262
293	266
293	271
293	277
293	290
293	291
293	296
293	297
293	300
294	7
294	20
294	24
294	45
294	62
294	75
294	80
294	84
294	102
294	105
294	106
294	115
294	118
294	122
294	134
294	137
294	149
294	150
294	172
294	182
294	190
294	197
294	198
294	207
294	213
294	231
294	234
294	259
294	261
294	268
294	269
294	270
294	272
294	273
294	275
294	289
294	298
294	300
295	10
295	12
295	38
295	52
295	60
295	98
295	105
295	108
295	110
295	114
295	126
295	133
295	135
295	156
295	181
295	186
295	191
295	195
295	204
295	206
295	209
295	220
295	221
295	228
295	230
295	231
295	237
295	240
295	241
295	250
295	256
295	257
295	263
295	265
295	269
295	270
295	283
295	284
295	292
296	49
296	67
296	72
296	77
296	88
296	101
296	111
296	117
296	124
296	145
296	159
296	167
296	174
296	188
296	216
296	223
296	230
296	244
296	245
296	246
296	249
296	251
296	252
296	253
296	260
296	262
296	271
296	273
296	275
296	277
296	278
296	288
296	289
296	290
296	291
296	293
296	297
296	299
296	300
297	9
297	48
297	49
297	53
297	57
297	58
297	67
297	70
297	77
297	88
297	101
297	106
297	117
297	141
297	158
297	159
297	170
297	174
297	198
297	244
297	245
297	253
297	262
297	264
297	266
297	269
297	271
297	275
297	276
297	277
297	278
297	288
297	289
297	290
297	291
297	293
297	296
297	299
297	300
298	7
298	20
298	24
298	45
298	75
298	84
298	90
298	93
298	102
298	106
298	115
298	122
298	126
298	134
298	137
298	143
298	149
298	150
298	154
298	172
298	179
298	182
298	187
298	190
298	194
298	197
298	198
298	207
298	211
298	226
298	228
298	234
298	256
298	261
298	266
298	273
298	281
298	289
298	294
299	4
299	46
299	50
299	55
299	62
299	63
299	77
299	83
299	93
299	96
299	100
299	103
299	109
299	110
299	112
299	120
299	123
299	125
299	139
299	146
299	167
299	195
299	199
299	207
299	212
299	229
299	243
299	252
299	253
299	258
299	259
299	261
299	264
299	265
299	266
299	274
299	276
299	286
299	296
299	297
300	14
300	25
300	34
300	36
300	37
300	67
300	77
300	95
300	145
300	151
300	169
300	174
300	184
300	200
300	214
300	223
300	225
300	231
300	242
300	243
300	244
300	245
300	251
300	252
300	253
300	262
300	264
300	265
300	266
300	271
300	275
300	277
300	278
300	288
300	290
300	291
300	293
300	294
300	296
300	297
