1	88
1	114
1	186
1	220
1	254
1	266
1	283
2	101
2	139
2	222
2	223
2	230
2	235
2	238
3	58
3	161
3	166
3	219
3	282
3	291
3	299
4	43
4	199
4	230
4	235
4	238
4	274
4	284
5	38
5	172
5	197
5	257
5	275
5	284
5	299
6	105
6	122
6	167
6	223
6	267
6	277
6	297
7	142
7	150
7	220
7	225
7	231
7	251
7	282
8	34
8	40
8	157
8	234
8	236
8	274
8	287
9	106
9	115
9	179
9	260
9	265
9	298
9	300
10	52
10	78
10	190
10	255
10	262
10	264
10	288
11	69
11	209
11	220
11	232
11	260
11	265
11	296
12	80
12	95
12	98
12	155
12	238
12	240
12	277
13	30
13	86
13	170
13	186
13	269
13	285
13	296
14	32
14	40
14	91
14	163
14	217
14	234
14	283
15	114
15	159
15	252
15	262
15	269
15	289
15	300
16	185
16	204
16	206
16	207
16	292
16	295
16	296
17	55
17	72
17	144
17	220
17	247
17	258
17	288
18	192
18	219
18	242
18	243
18	282
18	295
18	297
19	106
19	149
19	223
19	258
19	267
19	272
19	280
20	136
20	173
20	246
20	286
20	290
20	297
20	299
21	36
21	178
21	231
21	260
21	279
21	298
21	300
22	185
22	211
22	237
22	241
22	250
22	252
22	268
23	104
23	178
23	214
23	222
23	238
23	249
23	271
24	56
24	160
24	165
24	198
24	224
24	256
24	298
25	71
25	118
25	140
25	152
25	177
25	195
25	228
26	240
26	264
26	273
26	284
26	295
26	298
26	300
27	28
27	196
27	205
27	215
27	252
27	280
27	294
28	27
28	150
28	183
28	222
28	228
28	234
28	251
29	49
29	138
29	159
29	170
29	184
29	257
29	262
30	13
30	180
30	210
30	235
30	264
30	265
30	284
31	134
31	227
31	244
31	268
31	292
31	295
31	299
32	14
32	54
32	140
32	152
32	243
32	252
32	253
33	44
33	64
33	205
33	237
33	245
33	247
33	296
34	8
34	196
34	209
34	267
34	272
34	277
34	298
35	176
35	183
35	231
35	241
35	251
35	257
35	300
36	21
36	111
36	204
36	281
36	292
36	295
36	299
37	174
37	262
37	276
37	286
37	294
37	298
37	300
38	5
38	233
38	236
38	250
38	253
38	276
38	279
39	63
39	244
39	259
39	269
39	276
39	284
39	286
40	8
40	14
40	90
40	156
40	204
40	206
40	207
41	59
41	129
41	219
41	241
41	247
41	252
41	293
42	125
42	223
42	267
42	272
42	276
42	277
42	288
43	4
43	146
43	183
43	221
43	240
43	280
43	283
44	33
44	229
44	254
44	267
44	272
44	277
44	285
45	105
45	233
45	240
45	250
45	253
45	283
45	287
46	201
46	215
46	236
46	250
46	253
46	255
46	278
47	83
47	236
47	250
47	253
47	266
47	273
47	300
48	140
48	169
48	230
48	267
48	272
48	277
48	300
49	29
49	170
49	184
49	245
49	248
49	287
49	300
50	84
50	113
50	142
50	207
50	257
50	274
50	294
51	116
51	127
51	197
51	212
51	226
51	238
51	269
51	286
52	10
52	70
52	97
52	122
52	143
52	251
52	290
52	294
53	139
53	145
53	167
53	170
53	184
53	244
53	290
53	298
54	32
54	118
54	134
54	140
54	152
54	265
54	283
54	297
55	17
55	79
55	114
55	176
55	220
55	224
55	273
55	299
56	24
56	123
56	166
56	174
56	191
56	224
56	262
56	296
57	110
57	239
57	242
57	259
57	273
57	279
57	298
57	300
58	3
58	123
58	200
58	225
58	240
58	289
58	298
58	300
59	41
59	79
59	128
59	144
59	186
59	203
59	220
59	263
60	145
60	156
60	204
60	206
60	207
60	210
60	262
60	285
61	133
61	160
61	264
61	275
61	282
61	295
61	298
61	299
62	105
62	139
62	145
62	170
62	268
62	285
62	290
62	293
63	39
63	75
63	198
63	203
63	241
63	247
63	250
63	252
64	33
64	164
64	193
64	205
64	221
64	242
64	266
64	291
65	239
65	256
65	266
65	267
65	271
65	273
65	292
65	295
66	92
66	163
66	209
66	218
66	234
66	259
66	277
66	278
67	165
67	195
67	226
67	261
67	281
67	291
67	297
67	299
68	93
68	216
68	254
68	260
68	261
68	262
68	275
68	296
69	11
69	138
69	180
69	217
69	261
69	280
69	284
69	296
70	52
70	177
70	182
70	192
70	211
70	218
70	279
70	288
71	25
71	81
71	118
71	145
71	152
71	209
71	262
71	291
72	17
72	121
72	132
72	226
72	275
72	282
72	290
72	297
73	115
73	151
73	184
73	204
73	206
73	207
73	230
73	299
74	128
74	148
74	152
74	225
74	263
74	271
74	272
74	299
75	63
75	168
75	183
75	231
75	232
75	243
75	251
75	267
76	96
76	99
76	130
76	165
76	166
76	198
76	224
76	291
77	97
77	226
77	227
77	256
77	276
77	284
77	286
77	296
78	10
78	178
78	210
78	261
78	270
78	275
78	288
78	296
78	300
79	55
79	59
79	88
79	130
79	186
79	220
79	261
79	268
79	272
80	12
80	165
80	174
80	229
80	250
80	256
80	272
80	277
80	284
81	71
81	153
81	192
81	209
81	225
81	229
81	267
81	272
81	277
82	139
82	195
82	201
82	214
82	216
82	222
82	230
82	235
82	238
83	47
83	143
83	227
83	257
83	275
83	285
83	290
83	296
83	297
84	50
84	182
84	196
84	235
84	240
84	268
84	278
84	283
84	297
85	124
85	149
85	185
85	241
85	247
85	252
85	287
85	291
85	296
86	13
86	188
86	240
86	263
86	277
86	278
86	283
86	288
86	293
87	96
87	159
87	165
87	177
87	224
87	240
87	262
87	274
87	294
88	1
88	79
88	106
88	168
88	186
88	220
88	244
88	266
88	282
89	141
89	149
89	151
89	159
89	165
89	166
89	179
89	221
89	224
90	40
90	107
90	229
90	256
90	258
90	269
90	276
90	286
90	287
91	14
91	92
91	120
91	148
91	154
91	179
91	236
91	278
91	290
92	66
92	91
92	193
92	199
92	213
92	217
92	246
92	258
92	296
93	68
93	101
93	118
93	153
93	188
93	221
93	254
93	261
93	274
94	141
94	160
94	221
94	225
94	249
94	266
94	269
94	272
94	296
95	12
95	173
95	190
95	194
95	217
95	245
95	272
95	283
95	287
96	76
96	87
96	123
96	199
96	219
96	224
96	234
96	238
96	251
97	52
97	77
97	100
97	104
97	120
97	126
97	183
97	223
97	291
98	12
98	132
98	223
98	236
98	267
98	272
98	273
98	276
98	277
99	76
99	161
99	176
99	241
99	247
99	252
99	282
99	288
99	292
100	97
100	104
100	108
100	148
100	152
100	179
100	185
100	266
100	280
101	2
101	93
101	137
101	243
101	256
101	269
101	281
101	286
101	300
102	125
102	151
102	201
102	217
102	228
102	232
102	237
102	251
102	274
102	276
103	113
103	137
103	167
103	176
103	222
103	237
103	245
103	249
103	252
103	266
104	23
104	97
104	100
104	148
104	154
104	166
104	179
104	210
104	247
104	291
105	6
105	45
105	62
105	113
105	139
105	145
105	170
105	176
105	184
105	243
106	9
106	19
106	88
106	134
106	213
106	229
106	257
106	267
106	272
106	277
107	90
107	169
107	187
107	215
107	229
107	233
107	236
107	250
107	253
107	297
108	100
108	126
108	142
108	148
108	154
108	179
108	199
108	265
108	287
108	294
109	156
109	178
109	260
109	266
109	273
109	279
109	294
109	295
109	298
109	300
110	57
110	129
110	203
110	238
110	239
110	241
110	244
110	247
110	252
110	268
111	36
111	148
111	159
111	216
111	227
111	275
111	284
111	285
111	289
111	294
112	121
112	128
112	132
112	153
112	160
112	221
112	257
112	282
112	287
112	288
113	50
113	103
113	105
113	139
113	169
113	188
113	281
113	288
113	293
113	294
114	1
114	15
114	55
114	115
114	144
114	186
114	220
114	276
114	288
114	298
115	9
115	73
115	114
115	156
115	192
115	204
115	206
115	207
115	249
115	277
116	51
116	180
116	215
116	221
116	233
116	236
116	250
116	253
116	275
116	290
117	126
117	160
117	274
117	278
117	282
117	290
117	291
117	295
117	296
117	299
118	25
118	54
118	71
118	93
118	140
118	152
118	242
118	270
118	281
118	290
119	133
119	139
119	144
119	168
119	203
119	226
119	269
119	276
119	286
119	298
120	91
120	97
120	126
120	154
120	179
120	199
120	228
120	255
120	259
120	279
121	72
121	112
121	194
121	233
121	241
121	248
121	270
121	284
121	285
121	296
122	6
122	52
122	170
122	185
122	237
122	246
122	248
122	261
122	284
122	285
123	56
123	58
123	96
123	159
123	166
123	186
123	202
123	224
123	250
123	272
124	85
124	210
124	222
124	227
124	257
124	265
124	269
124	274
124	284
124	285
125	42
125	102
125	167
125	201
125	228
125	232
125	242
125	249
125	250
125	293
126	97
126	108
126	117
126	120
126	148
126	154
126	179
126	181
126	216
126	249
126	254
127	51
127	172
127	186
127	242
127	260
127	279
127	288
127	289
127	298
127	299
127	300
128	59
128	74
128	112
128	143
128	166
128	213
128	263
128	264
128	276
128	295
128	297
129	41
129	110
129	172
129	189
129	203
129	241
129	247
129	252
129	262
129	269
129	287
130	76
130	79
130	180
130	200
130	243
130	244
130	256
130	276
130	281
130	286
130	287
131	141
131	151
131	162
131	163
131	199
131	220
131	223
131	245
131	249
131	266
131	298
132	72
132	98
132	112
132	159
132	161
132	187
132	264
132	268
132	281
132	291
132	300
133	61
133	119
133	200
133	227
133	256
133	269
133	276
133	277
133	286
133	293
133	300
134	31
134	54
134	106
134	209
134	229
134	243
134	255
134	265
134	267
134	272
134	277
135	242
135	262
135	264
135	279
135	282
135	289
135	294
135	295
135	298
135	299
135	300
136	20
136	180
136	209
136	258
136	260
136	262
136	272
136	275
136	289
136	298
136	300
137	101
137	103
137	153
137	181
137	205
137	221
137	225
137	232
137	249
137	260
137	266
138	29
138	69
138	200
138	242
138	243
138	244
138	269
138	272
138	276
138	286
138	294
139	2
139	53
139	62
139	82
139	105
139	113
139	119
139	145
139	170
139	184
139	251
140	25
140	32
140	48
140	54
140	118
140	152
140	174
140	177
140	191
140	237
140	291
141	89
141	94
141	131
141	151
141	225
141	237
141	249
141	250
141	256
141	282
141	287
142	7
142	50
142	108
142	271
142	280
142	281
142	290
142	291
142	293
142	295
142	299
143	52
143	83
143	128
143	172
143	228
143	233
143	234
143	276
143	287
143	293
143	294
144	17
144	59
144	114
144	119
144	146
144	149
144	186
144	211
144	216
144	220
144	286
145	53
145	60
145	62
145	71
145	105
145	139
145	170
145	180
145	184
145	215
145	299
146	43
146	144
146	182
146	195
146	203
146	219
146	228
146	236
146	254
146	265
146	274
146	289
147	248
147	250
147	259
147	261
147	268
147	275
147	285
147	290
147	291
147	297
147	299
147	300
148	74
148	91
148	100
148	104
148	108
148	111
148	126
148	159
148	163
148	179
148	201
148	229
149	19
149	85
149	89
149	144
149	185
149	203
149	227
149	241
149	246
149	247
149	252
149	269
150	7
150	28
150	167
150	171
150	172
150	228
150	232
150	251
150	278
150	283
150	284
150	285
151	73
151	89
151	102
151	131
151	141
151	171
151	205
151	237
151	245
151	266
151	268
151	281
152	25
152	32
152	54
152	71
152	74
152	100
152	118
152	140
152	174
152	211
152	263
152	273
153	81
153	93
153	112
153	137
153	172
153	182
153	196
153	197
153	218
153	236
153	269
153	285
154	91
154	104
154	108
154	120
154	126
154	179
154	194
154	198
154	217
154	261
154	293
154	299
155	12
155	167
155	187
155	237
155	260
155	275
155	279
155	281
155	289
155	294
155	298
155	300
156	40
156	60
156	109
156	115
156	190
156	204
156	206
156	207
156	223
156	251
156	284
156	287
157	8
157	213
157	214
157	222
157	229
157	230
157	235
157	238
157	255
157	258
157	261
157	275
158	164
158	181
158	183
158	206
158	207
158	225
158	237
158	245
158	249
158	266
158	267
158	289
159	15
159	29
159	87
159	89
159	111
159	123
159	132
159	148
159	165
159	166
159	218
159	224
160	24
160	61
160	94
160	112
160	117
160	200
160	235
160	255
160	259
160	274
160	279
160	287
160	294
161	3
161	99
161	132
161	213
161	214
161	222
161	230
161	235
161	238
161	272
161	274
161	282
161	299
162	131
162	164
162	195
162	218
162	225
162	237
162	242
162	245
162	249
162	262
162	263
162	266
162	271
163	14
163	66
163	131
163	148
163	173
163	177
163	184
163	239
163	240
163	279
163	280
163	288
163	294
164	64
164	158
164	162
164	189
164	205
164	228
164	239
164	245
164	248
164	266
164	278
164	291
164	295
165	24
165	67
165	76
165	80
165	87
165	89
165	159
165	224
165	233
165	260
165	263
165	281
165	297
166	3
166	56
166	76
166	89
166	104
166	123
166	128
166	159
166	167
166	224
166	289
166	290
166	295
167	6
167	53
167	103
167	125
167	150
167	155
167	166
167	183
167	201
167	217
167	231
167	232
167	236
168	75
168	88
168	119
168	188
168	198
168	199
168	226
168	234
168	255
168	274
168	293
168	294
168	296
169	48
169	107
169	113
169	206
169	210
169	240
169	259
169	263
169	273
169	286
169	289
169	298
169	300
170	13
170	29
170	49
170	53
170	62
170	105
170	122
170	139
170	145
170	184
170	214
170	243
170	294
171	150
171	151
171	216
171	228
171	242
171	246
171	248
171	257
171	260
171	284
171	285
171	287
171	296
172	5
172	127
172	129
172	143
172	150
172	153
172	194
172	217
172	242
172	256
172	278
172	279
172	293
173	20
173	95
173	163
173	191
173	228
173	251
173	254
173	272
173	278
173	279
173	280
173	283
173	294
174	37
174	56
174	80
174	140
174	152
174	254
174	277
174	278
174	280
174	283
174	287
174	288
174	293
175	186
175	191
175	209
175	226
175	238
175	243
175	244
175	265
175	274
175	276
175	286
175	295
175	297
176	35
176	55
176	99
176	103
176	105
176	183
176	189
176	195
176	201
176	228
176	231
176	232
176	251
177	25
177	70
177	87
177	140
177	163
177	185
177	222
177	259
177	263
177	281
177	282
177	291
177	295
177	297
178	21
178	23
178	78
178	109
178	217
178	221
178	255
178	278
178	285
178	287
178	288
178	291
178	292
178	293
179	9
179	89
179	91
179	100
179	104
179	108
179	120
179	126
179	148
179	154
179	278
179	288
179	291
179	292
180	30
180	69
180	116
180	130
180	136
180	145
180	192
180	213
180	259
180	263
180	290
180	291
180	292
180	297
181	126
181	137
181	158
181	195
181	198
181	200
181	203
181	221
181	254
181	261
181	270
181	287
181	293
181	296
182	70
182	84
182	146
182	153
182	198
182	224
182	253
182	268
182	287
182	290
182	292
182	294
182	296
182	300
183	28
183	35
183	43
183	75
183	97
183	158
183	167
183	176
183	215
183	231
183	251
183	270
183	274
183	291
184	29
184	49
184	53
184	73
184	105
184	139
184	145
184	163
184	170
184	198
184	229
184	232
184	249
184	295
185	16
185	22
185	85
185	100
185	122
185	149
185	177
185	193
185	203
185	241
185	247
185	252
185	267
185	299
186	1
186	13
186	59
186	79
186	88
186	114
186	123
186	127
186	144
186	175
186	208
186	220
186	246
186	271
187	107
187	132
187	155
187	194
187	239
187	242
187	262
187	273
187	277
187	278
187	287
187	289
187	298
187	300
188	86
188	93
188	113
188	168
188	197
188	209
188	223
188	225
188	234
188	238
188	267
188	274
188	294
188	297
189	129
189	164
189	176
189	196
189	212
189	258
189	263
189	268
189	276
189	282
189	290
189	292
189	295
189	298
190	10
190	95
190	156
190	208
190	240
190	254
190	255
190	262
190	273
190	279
190	289
190	290
190	298
190	300
191	56
191	140
191	173
191	175
191	200
191	238
191	243
191	244
191	256
191	264
191	269
191	271
191	276
191	286
192	18
192	70
192	81
192	115
192	180
192	221
192	255
192	256
192	259
192	268
192	271
192	273
192	281
192	291
192	297
193	64
193	92
193	185
193	207
193	215
193	231
193	254
193	257
193	258
193	259
193	261
193	265
193	270
193	275
193	296
194	95
194	121
194	154
194	172
194	187
194	195
194	218
194	221
194	226
194	247
194	259
194	273
194	278
194	279
194	283
195	25
195	67
195	82
195	146
195	162
195	176
195	181
195	194
195	241
195	245
195	254
195	274
195	277
195	278
195	287
196	27
196	34
196	84
196	153
196	189
196	208
196	224
196	228
196	269
196	273
196	283
196	287
196	288
196	293
196	298
197	5
197	51
197	153
197	188
197	204
197	224
197	243
197	244
197	256
197	269
197	271
197	276
197	279
197	282
197	286
198	24
198	63
198	76
198	154
198	168
198	181
198	182
198	184
198	212
198	219
198	234
198	255
198	260
198	265
198	287
198	294
199	4
199	92
199	96
199	108
199	120
199	131
199	168
199	202
199	215
199	233
199	236
199	250
199	253
199	297
200	58
200	130
200	133
200	138
200	160
200	181
200	191
200	211
200	221
200	234
200	280
200	286
200	288
200	293
200	294
200	298
201	46
201	82
201	102
201	125
201	148
201	167
201	176
201	228
201	231
201	232
201	236
201	251
201	277
201	279
201	286
201	296
202	123
202	199
202	215
202	233
202	236
202	239
202	250
202	251
202	253
202	270
202	286
202	289
202	293
202	300
203	59
203	63
203	110
203	119
203	129
203	146
203	149
203	181
203	185
203	217
203	234
203	241
203	247
203	252
203	254
203	283
204	16
204	36
204	40
204	60
204	73
204	115
204	156
204	197
204	206
204	207
204	218
204	221
204	246
204	268
204	275
204	295
205	27
205	33
205	64
205	137
205	151
205	164
205	225
205	249
205	266
205	267
205	273
205	277
205	279
205	294
205	295
205	299
206	16
206	40
206	60
206	73
206	115
206	156
206	158
206	169
206	204
206	207
206	212
206	213
206	278
206	286
206	294
206	298
207	16
207	40
207	50
207	60
207	73
207	115
207	156
207	158
207	193
207	204
207	206
207	210
207	272
207	283
207	289
207	295
207	299
208	186
208	190
208	196
208	227
208	235
208	239
208	243
208	264
208	267
208	271
208	273
208	280
208	282
208	291
208	292
208	297
208	299
209	11
209	34
209	66
209	71
209	81
209	134
209	136
209	175
209	188
209	223
209	229
209	231
209	267
209	272
209	277
209	278
209	295
210	30
210	60
210	78
210	104
210	124
210	169
210	207
210	232
210	240
210	260
210	269
210	273
210	279
210	280
210	289
210	298
210	300
211	22
211	70
211	144
211	152
211	200
211	218
211	229
211	237
211	246
211	248
211	257
211	258
211	270
211	273
211	275
211	284
211	296
212	51
212	189
212	198
212	206
212	231
212	232
212	233
212	235
212	239
212	254
212	259
212	260
212	271
212	282
212	290
212	295
212	299
213	92
213	106
213	128
213	157
213	161
213	180
213	206
213	214
213	222
213	230
213	235
213	238
213	259
213	264
213	274
213	294
214	23
214	82
214	157
214	161
214	170
214	213
214	222
214	227
214	230
214	235
214	238
214	245
214	250
214	253
214	260
214	263
214	275
214	297
215	27
215	46
215	107
215	116
215	145
215	183
215	193
215	199
215	202
215	225
215	233
215	236
215	250
215	253
215	260
215	266
215	295
215	299
216	68
216	82
216	111
216	126
216	144
216	171
216	227
216	234
216	247
216	258
216	270
216	271
216	275
216	285
216	286
216	287
216	296
216	300
217	14
217	69
217	92
217	95
217	102
217	154
217	167
217	172
217	178
217	203
217	245
217	246
217	254
217	283
217	288
217	293
217	294
217	299
218	66
218	70
218	153
218	159
218	162
218	194
218	204
218	211
218	219
218	223
218	230
218	245
218	255
218	275
218	280
218	288
218	294
218	297
219	3
219	18
219	41
219	96
219	146
219	198
219	218
219	254
219	255
219	274
219	278
219	280
219	282
219	285
219	290
219	292
219	293
219	297
220	1
220	7
220	11
220	17
220	55
220	59
220	79
220	88
220	114
220	131
220	144
220	186
220	230
220	251
220	280
220	284
220	285
220	295
221	43
221	64
221	89
221	93
221	94
221	112
221	116
221	137
221	178
221	181
221	192
221	194
221	200
221	204
221	255
221	281
221	288
221	293
221	299
222	2
222	23
222	28
222	82
222	103
222	124
222	157
222	161
222	177
222	213
222	214
222	230
222	231
222	235
222	238
222	255
222	263
222	291
222	299
223	2
223	6
223	19
223	42
223	97
223	98
223	131
223	156
223	188
223	209
223	218
223	229
223	245
223	264
223	267
223	272
223	277
223	282
223	289
224	24
224	55
224	56
224	76
224	87
224	89
224	96
224	123
224	159
224	165
224	166
224	182
224	196
224	197
224	239
224	240
224	263
224	292
224	295
225	7
225	58
225	74
225	81
225	94
225	137
225	141
225	158
225	162
225	188
225	205
225	215
225	237
225	238
225	243
225	245
225	249
225	266
225	273
226	51
226	67
226	72
226	77
226	119
226	168
226	175
226	194
226	243
226	244
226	256
226	258
226	262
226	269
226	275
226	276
226	281
226	283
226	286
227	31
227	77
227	83
227	111
227	124
227	133
227	149
227	208
227	214
227	216
227	246
227	249
227	261
227	265
227	268
227	270
227	275
227	285
227	286
227	293
228	25
228	28
228	102
228	120
228	125
228	143
228	146
228	150
228	164
228	171
228	173
228	176
228	196
228	201
228	231
228	232
228	247
228	251
228	257
228	294
229	44
229	80
229	81
229	90
229	106
229	107
229	134
229	148
229	157
229	184
229	209
229	211
229	223
229	248
229	267
229	268
229	272
229	277
229	283
229	285
230	2
230	4
230	48
230	73
230	82
230	157
230	161
230	213
230	214
230	218
230	220
230	222
230	235
230	238
230	252
230	262
230	270
230	288
230	292
230	300
231	7
231	21
231	35
231	75
231	167
231	176
231	183
231	193
231	201
231	209
231	212
231	222
231	228
231	232
231	239
231	251
231	277
231	279
231	289
231	299
232	11
232	75
232	102
232	125
232	137
232	150
232	167
232	176
232	184
232	201
232	210
232	212
232	228
232	231
232	233
232	251
232	261
232	294
232	297
232	298
233	38
233	45
233	107
233	116
233	121
233	143
233	165
233	199
233	202
233	212
233	215
233	232
233	236
233	246
233	250
233	253
233	272
233	278
233	287
233	289
233	297
234	8
234	14
234	28
234	66
234	96
234	143
234	168
234	188
234	198
234	200
234	203
234	216
234	264
234	266
234	270
234	274
234	281
234	282
234	283
234	294
234	297
235	2
235	4
235	30
235	82
235	84
235	157
235	160
235	161
235	208
235	212
235	213
235	214
235	222
235	230
235	238
235	247
235	254
235	262
235	271
235	289
235	299
236	8
236	38
236	46
236	47
236	91
236	98
236	107
236	116
236	146
236	153
236	167
236	199
236	201
236	202
236	215
236	233
236	250
236	253
236	283
236	288
236	297
237	22
237	33
237	102
237	103
237	122
237	140
237	141
237	151
237	155
237	158
237	162
237	211
237	225
237	241
237	245
237	249
237	265
237	266
237	270
237	282
237	295
238	2
238	4
238	12
238	23
238	51
238	82
238	96
238	110
238	157
238	161
238	175
238	188
238	191
238	213
238	214
238	222
238	225
238	230
238	235
238	261
238	281
238	286
239	57
239	65
239	110
239	163
239	164
239	187
239	202
239	208
239	212
239	224
239	231
239	244
239	259
239	263
239	264
239	268
239	278
239	282
239	290
239	292
239	296
239	299
240	12
240	26
240	43
240	45
240	58
240	84
240	86
240	87
240	163
240	169
240	190
240	210
240	224
240	245
240	258
240	262
240	273
240	279
240	280
240	289
240	298
240	300
241	22
241	35
241	41
241	63
241	85
241	99
241	110
241	121
241	129
241	149
241	185
241	195
241	203
241	237
241	247
241	252
241	263
241	267
241	269
241	270
241	280
241	285
241	299
242	18
242	57
242	64
242	118
242	125
242	127
242	135
242	138
242	162
242	171
242	172
242	187
242	249
242	260
242	262
242	273
242	279
242	280
242	284
242	288
242	289
242	298
242	300
243	18
243	32
243	75
243	101
243	105
243	130
243	134
243	138
243	170
243	175
243	191
243	197
243	208
243	225
243	226
243	244
243	256
243	257
243	269
243	276
243	286
243	291
243	296
244	31
244	39
244	53
244	88
244	110
244	130
244	138
244	175
244	191
244	197
244	226
244	239
244	243
244	255
244	256
244	263
244	264
244	265
244	269
244	276
244	286
244	288
244	293
245	33
245	49
245	95
245	103
245	131
245	151
245	158
245	162
245	164
245	195
245	214
245	217
245	218
245	223
245	225
245	237
245	240
245	249
245	250
245	266
245	272
245	289
245	291
246	20
246	92
246	122
246	149
246	171
246	186
246	204
246	211
246	217
246	227
246	233
246	257
246	258
246	259
246	270
246	278
246	279
246	284
246	285
246	290
246	296
246	297
246	300
247	17
247	33
247	41
247	63
247	85
247	99
247	104
247	110
247	129
247	149
247	185
247	194
247	203
247	216
247	228
247	235
247	241
247	248
247	252
247	258
247	266
247	281
247	285
248	49
248	121
248	122
248	147
248	164
248	171
248	211
248	229
248	247
248	252
248	254
248	257
248	258
248	261
248	265
248	270
248	274
248	275
248	284
248	293
248	296
248	298
248	300
249	23
249	94
249	103
249	115
249	125
249	126
249	131
249	137
249	141
249	158
249	162
249	184
249	205
249	225
249	227
249	237
249	242
249	245
249	251
249	264
249	266
249	281
249	292
249	300
250	22
250	38
250	45
250	46
250	47
250	63
250	80
250	107
250	116
250	123
250	125
250	141
250	147
250	199
250	202
250	214
250	215
250	233
250	236
250	245
250	253
250	265
250	275
250	296
251	7
251	28
251	35
251	52
251	75
251	96
251	102
251	139
251	150
251	156
251	173
251	176
251	183
251	201
251	202
251	220
251	228
251	231
251	232
251	249
251	263
251	274
251	284
251	289
252	15
252	22
252	27
252	32
252	41
252	63
252	85
252	99
252	103
252	110
252	129
252	149
252	185
252	203
252	230
252	241
252	247
252	248
252	265
252	268
252	269
252	274
252	284
252	295
253	32
253	38
253	45
253	46
253	47
253	107
253	116
253	182
253	199
253	202
253	214
253	215
253	233
253	236
253	250
253	254
253	261
253	270
253	271
253	274
253	276
253	283
253	286
253	294
253	295
254	1
254	44
254	68
254	93
254	126
254	146
254	173
254	174
254	181
254	190
254	193
254	195
254	203
254	212
254	217
254	219
254	235
254	248
254	253
254	280
254	288
254	293
254	294
254	298
254	299
255	10
255	46
255	120
255	134
255	157
255	160
255	168
255	178
255	190
255	192
255	198
255	218
255	219
255	221
255	222
255	244
255	268
255	276
255	278
255	283
255	284
255	285
255	287
255	291
255	294
256	24
256	65
256	77
256	80
256	90
256	101
256	130
256	133
256	141
256	172
256	191
256	192
256	197
256	226
256	243
256	244
256	260
256	265
256	269
256	273
256	274
256	276
256	286
256	297
256	298
257	5
257	29
257	35
257	50
257	83
257	106
257	112
257	124
257	171
257	193
257	211
257	228
257	243
257	246
257	248
257	258
257	265
257	271
257	280
257	283
257	284
257	285
257	290
257	291
257	292
257	296
258	17
258	19
258	90
258	92
258	136
258	157
258	189
258	193
258	211
258	216
258	226
258	240
258	246
258	247
258	248
258	257
258	261
258	264
258	265
258	268
258	270
258	284
258	285
258	288
258	290
258	296
259	39
259	57
259	66
259	120
259	147
259	160
259	169
259	177
259	180
259	192
259	193
259	194
259	212
259	213
259	239
259	246
259	260
259	271
259	277
259	281
259	290
259	291
259	292
259	293
259	297
259	299
259	300
260	9
260	11
260	21
260	68
260	109
260	127
260	136
260	137
260	155
260	165
260	171
260	198
260	210
260	212
260	214
260	215
260	242
260	256
260	259
260	262
260	266
260	273
260	279
260	289
260	290
260	298
260	300
261	67
261	68
261	69
261	78
261	79
261	93
261	122
261	147
261	154
261	157
261	181
261	193
261	227
261	232
261	238
261	248
261	253
261	258
261	265
261	270
261	275
261	281
261	282
261	285
261	289
261	296
261	300
262	10
262	15
262	29
262	37
262	56
262	60
262	68
262	71
262	87
262	129
262	135
262	136
262	162
262	187
262	190
262	226
262	230
262	235
262	240
262	242
262	260
262	270
262	273
262	279
262	283
262	289
262	298
262	300
263	59
263	74
263	86
263	128
263	152
263	162
263	165
263	169
263	177
263	180
263	189
263	214
263	222
263	224
263	239
263	241
263	244
263	251
263	264
263	268
263	271
263	278
263	281
263	288
263	290
263	292
263	295
263	297
264	10
264	26
264	30
264	61
264	128
264	132
264	135
264	191
264	208
264	213
264	223
264	234
264	239
264	244
264	249
264	258
264	263
264	268
264	271
264	281
264	282
264	283
264	284
264	289
264	290
264	291
264	292
264	297
265	9
265	11
265	30
265	54
265	108
265	124
265	134
265	146
265	175
265	193
265	198
265	227
265	237
265	244
265	248
265	250
265	252
265	256
265	257
265	258
265	261
265	270
265	275
265	284
265	285
265	288
265	296
265	297
266	1
266	47
266	64
266	65
266	88
266	94
266	100
266	103
266	109
266	131
266	137
266	151
266	158
266	162
266	164
266	205
266	215
266	225
266	234
266	237
266	245
266	247
266	249
266	260
266	292
266	296
266	297
266	300
267	6
267	19
267	34
267	42
267	44
267	48
267	65
267	75
267	81
267	98
267	106
267	134
267	158
267	185
267	188
267	205
267	208
267	209
267	223
267	229
267	241
267	272
267	277
267	282
267	284
267	288
267	294
267	298
267	299
268	22
268	31
268	62
268	79
268	84
268	110
268	132
268	147
268	151
268	182
268	189
268	192
268	204
268	227
268	229
268	239
268	252
268	255
268	258
268	263
268	264
268	281
268	288
268	290
268	291
268	292
268	295
268	297
268	299
269	13
269	15
269	39
269	51
269	90
269	94
269	101
269	119
269	124
269	129
269	133
269	138
269	149
269	153
269	191
269	196
269	197
269	210
269	226
269	241
269	243
269	244
269	252
269	256
269	273
269	276
269	286
269	294
269	300
270	78
270	118
270	121
270	181
270	183
270	193
270	202
270	211
270	216
270	227
270	230
270	234
270	237
270	241
270	246
270	248
270	253
270	258
270	261
270	262
270	265
270	275
270	280
270	284
270	285
270	289
270	292
270	293
270	296
271	23
271	65
271	74
271	142
271	162
271	186
271	191
271	192
271	197
271	208
271	212
271	216
271	235
271	253
271	257
271	259
271	263
271	264
271	274
271	279
271	280
271	282
271	285
271	291
271	292
271	295
271	297
271	298
271	299
272	19
272	34
272	42
272	44
272	48
272	74
272	79
272	80
272	81
272	94
272	95
272	98
272	106
272	123
272	134
272	136
272	138
272	161
272	173
272	207
272	209
272	223
272	229
272	233
272	245
272	267
272	275
272	277
272	286
272	292
273	26
273	47
273	55
273	57
273	65
273	98
273	109
273	152
273	169
273	187
273	190
273	192
273	194
273	196
273	205
273	208
273	210
273	211
273	225
273	240
273	242
273	256
273	260
273	262
273	269
273	279
273	289
273	294
273	298
273	300
274	4
274	8
274	50
274	87
274	93
274	102
274	117
274	124
274	146
274	160
274	161
274	168
274	175
274	183
274	188
274	195
274	213
274	219
274	234
274	248
274	251
274	252
274	253
274	256
274	271
274	278
274	280
274	288
274	292
274	293
274	294
275	5
275	61
275	68
275	72
275	78
275	83
275	111
275	116
275	136
275	147
275	155
275	157
275	193
275	204
275	211
275	214
275	216
275	218
275	226
275	227
275	248
275	250
275	261
275	265
275	270
275	272
275	276
275	284
275	285
275	293
275	296
276	37
276	38
276	39
276	42
276	77
276	90
276	98
276	102
276	114
276	119
276	128
276	130
276	133
276	138
276	143
276	175
276	189
276	191
276	197
276	226
276	243
276	244
276	253
276	255
276	256
276	269
276	275
276	286
276	290
276	296
276	300
277	6
277	12
277	34
277	42
277	44
277	48
277	66
277	80
277	81
277	86
277	98
277	106
277	115
277	133
277	134
277	174
277	187
277	195
277	201
277	205
277	209
277	223
277	229
277	231
277	259
277	267
277	272
277	278
277	284
277	287
277	289
277	295
278	46
278	66
278	84
278	86
278	91
278	117
278	150
278	164
278	172
278	173
278	174
278	178
278	179
278	187
278	194
278	195
278	206
278	209
278	219
278	233
278	239
278	246
278	255
278	263
278	274
278	277
278	280
278	283
278	287
278	291
278	294
278	298
279	21
279	38
279	57
279	70
279	109
279	120
279	127
279	135
279	155
279	160
279	163
279	172
279	173
279	190
279	194
279	197
279	201
279	205
279	210
279	231
279	240
279	242
279	246
279	260
279	262
279	271
279	273
279	281
279	289
279	293
279	298
279	300
280	19
280	27
280	43
280	69
280	100
280	142
280	163
280	173
280	174
280	200
280	208
280	210
280	218
280	219
280	220
280	240
280	241
280	242
280	254
280	257
280	270
280	271
280	274
280	278
280	283
280	287
280	288
280	289
280	293
280	294
280	298
280	299
281	36
281	67
281	101
281	113
281	118
281	130
281	132
281	142
281	151
281	155
281	165
281	177
281	192
281	221
281	226
281	234
281	238
281	247
281	249
281	259
281	261
281	263
281	264
281	268
281	279
281	282
281	285
281	288
281	290
281	292
281	295
281	297
281	299
282	3
282	7
282	18
282	61
282	72
282	88
282	99
282	112
282	117
282	135
282	141
282	161
282	177
282	189
282	197
282	208
282	212
282	219
282	223
282	234
282	237
282	239
282	261
282	264
282	267
282	271
282	281
282	289
282	292
282	293
282	295
282	297
282	299
283	1
283	14
283	43
283	45
283	54
283	84
283	86
283	95
283	150
283	173
283	174
283	194
283	196
283	203
283	207
283	217
283	226
283	229
283	234
283	236
283	253
283	255
283	257
283	262
283	264
283	278
283	280
283	284
283	285
283	286
283	287
283	288
283	292
283	293
284	4
284	5
284	26
284	30
284	39
284	69
284	77
284	80
284	111
284	121
284	122
284	124
284	150
284	156
284	171
284	211
284	220
284	242
284	246
284	248
284	251
284	252
284	255
284	257
284	258
284	264
284	265
284	267
284	270
284	275
284	277
284	283
284	285
284	293
284	296
285	13
285	44
285	60
285	62
285	83
285	111
285	121
285	122
285	124
285	147
285	150
285	153
285	171
285	178
285	216
285	219
285	220
285	227
285	229
285	241
285	246
285	247
285	255
285	257
285	258
285	261
285	265
285	270
285	271
285	275
285	281
285	283
285	284
285	296
285	297
286	20
286	37
286	39
286	51
286	77
286	90
286	101
286	119
286	130
286	133
286	138
286	144
286	169
286	175
286	191
286	197
286	200
286	201
286	202
286	206
286	216
286	226
286	227
286	238
286	243
286	244
286	253
286	256
286	269
286	272
286	276
286	283
286	293
286	294
286	295
286	299
287	8
287	45
287	49
287	85
287	90
287	95
287	108
287	112
287	129
287	130
287	141
287	143
287	156
287	160
287	171
287	174
287	178
287	181
287	182
287	187
287	195
287	196
287	198
287	216
287	233
287	255
287	277
287	278
287	280
287	283
287	288
287	289
287	292
287	293
287	295
287	300
288	10
288	17
288	42
288	70
288	78
288	86
288	99
288	112
288	113
288	114
288	127
288	163
288	174
288	178
288	179
288	196
288	200
288	217
288	218
288	221
288	230
288	236
288	242
288	244
288	254
288	258
288	263
288	265
288	267
288	268
288	274
288	280
288	281
288	283
288	287
288	293
288	298
289	15
289	58
289	111
289	127
289	135
289	136
289	146
289	155
289	158
289	166
289	169
289	187
289	190
289	202
289	207
289	210
289	223
289	231
289	233
289	235
289	240
289	242
289	245
289	251
289	260
289	261
289	262
289	264
289	270
289	273
289	277
289	279
289	280
289	282
289	287
289	298
289	300
290	20
290	52
290	53
290	62
290	72
290	83
290	91
290	116
290	117
290	118
290	142
290	147
290	166
290	180
290	182
290	189
290	190
290	212
290	219
290	239
290	246
290	257
290	258
290	259
290	260
290	263
290	264
290	268
290	276
290	281
290	291
290	292
290	295
290	296
290	297
290	299
290	300
291	3
291	64
291	67
291	71
291	76
291	85
291	97
291	104
291	117
291	132
291	140
291	142
291	147
291	164
291	177
291	178
291	179
291	180
291	183
291	192
291	208
291	222
291	243
291	245
291	255
291	257
291	259
291	264
291	268
291	271
291	278
291	290
291	292
291	293
291	295
291	297
291	298
291	299
292	16
292	31
292	36
292	65
292	99
292	178
292	179
292	180
292	182
292	189
292	208
292	219
292	224
292	230
292	239
292	249
292	257
292	259
292	263
292	264
292	266
292	268
292	270
292	271
292	272
292	274
292	281
292	282
292	283
292	287
292	290
292	291
292	293
292	295
292	296
292	297
292	298
292	299
293	41
293	62
293	86
293	113
293	125
293	133
293	142
293	143
293	154
293	168
293	172
293	174
293	178
293	181
293	196
293	200
293	202
293	217
293	219
293	221
293	227
293	244
293	248
293	254
293	259
293	270
293	274
293	275
293	279
293	280
293	282
293	283
293	284
293	286
293	287
293	288
293	291
293	292
294	27
294	37
294	50
294	52
294	87
294	108
294	109
294	111
294	113
294	135
294	138
294	143
294	155
294	160
294	163
294	168
294	170
294	173
294	182
294	188
294	198
294	200
294	205
294	206
294	213
294	217
294	218
294	228
294	232
294	234
294	253
294	254
294	255
294	267
294	269
294	273
294	274
294	278
294	280
294	286
294	296
295	16
295	18
295	26
295	31
295	36
295	61
295	65
295	109
295	117
295	128
295	135
295	142
295	164
295	166
295	175
295	177
295	184
295	189
295	204
295	205
295	207
295	209
295	212
295	215
295	220
295	224
295	237
295	252
295	253
295	263
295	268
295	271
295	277
295	281
295	282
295	286
295	287
295	290
295	291
295	292
295	297
295	299
296	11
296	13
296	16
296	33
296	56
296	68
296	69
296	77
296	78
296	83
296	85
296	92
296	94
296	117
296	121
296	168
296	171
296	181
296	182
296	193
296	201
296	211
296	216
296	239
296	243
296	246
296	248
296	250
296	257
296	258
296	261
296	265
296	266
296	270
296	275
296	276
296	284
296	285
296	290
296	292
296	294
296	298
296	299
297	6
297	18
297	20
297	54
297	67
297	72
297	83
297	84
297	107
297	128
297	147
297	165
297	175
297	177
297	180
297	188
297	192
297	199
297	208
297	214
297	218
297	219
297	232
297	233
297	234
297	236
297	246
297	256
297	259
297	263
297	264
297	265
297	266
297	268
297	271
297	281
297	282
297	285
297	290
297	291
297	292
297	295
297	299
298	9
298	21
298	24
298	26
298	34
298	37
298	53
298	57
298	58
298	61
298	109
298	114
298	119
298	127
298	131
298	135
298	136
298	155
298	169
298	187
298	189
298	190
298	196
298	200
298	206
298	210
298	232
298	240
298	242
298	248
298	254
298	256
298	260
298	262
298	267
298	271
298	273
298	278
298	279
298	280
298	288
298	289
298	291
298	292
298	296
298	300
299	3
299	5
299	20
299	31
299	36
299	55
299	61
299	67
299	73
299	74
299	117
299	127
299	135
299	142
299	145
299	147
299	154
299	161
299	185
299	205
299	207
299	208
299	212
299	215
299	217
299	221
299	222
299	231
299	235
299	239
299	241
299	254
299	259
299	267
299	268
299	271
299	280
299	281
299	282
299	286
299	290
299	291
299	292
299	295
299	296
299	297
299	300
300	9
300	15
300	21
300	26
300	35
300	37
300	47
300	48
300	49
300	57
300	58
300	78
300	101
300	109
300	127
300	132
300	133
300	135
300	136
300	147
300	155
300	169
300	182
300	187
300	190
300	202
300	210
300	216
300	230
300	240
300	242
300	246
300	248
300	249
300	259
300	260
300	261
300	262
300	266
300	269
300	273
300	276
300	279
300	287
300	289
300	290
300	298
300	299
