1	37
1	49
1	70
1	79
1	95
1	119
1	152
1	177
1	224
1	227
1	235
1	236
1	246
1	272
1	275
1	278
1	285
2	85
2	96
2	150
2	159
2	160
2	178
2	181
2	189
2	202
2	234
2	241
2	248
2	249
2	263
2	273
2	283
2	295
3	71
3	77
3	111
3	133
3	170
3	175
3	190
3	200
3	209
3	233
3	241
3	243
3	252
3	254
3	282
3	288
3	294
4	25
4	39
4	55
4	57
4	67
4	99
4	104
4	105
4	117
4	129
4	162
4	167
4	186
4	197
4	198
4	213
4	253
5	18
5	61
5	66
5	138
5	162
5	174
5	187
5	214
5	218
5	229
5	231
5	262
5	272
5	274
5	284
5	290
5	293
6	64
6	102
6	106
6	125
6	132
6	143
6	180
6	196
6	200
6	217
6	221
6	222
6	233
6	243
6	282
6	288
6	294
7	8
7	24
7	37
7	62
7	93
7	173
7	184
7	199
7	205
7	235
7	248
7	254
7	275
7	278
7	281
7	285
7	294
8	7
8	65
8	139
8	144
8	166
8	171
8	177
8	205
8	235
8	263
8	265
8	268
8	272
8	275
8	278
8	281
8	285
9	32
9	34
9	50
9	57
9	67
9	99
9	121
9	129
9	137
9	162
9	167
9	180
9	181
9	186
9	197
9	198
9	213
10	59
10	71
10	87
10	154
10	155
10	176
10	208
10	223
10	237
10	246
10	255
10	256
10	258
10	270
10	280
10	293
10	299
11	19
11	43
11	50
11	51
11	76
11	163
11	188
11	202
11	208
11	209
11	219
11	236
11	240
11	242
11	250
11	260
11	265
12	69
12	71
12	144
12	153
12	181
12	191
12	205
12	215
12	220
12	222
12	235
12	241
12	263
12	272
12	275
12	281
12	285
13	21
13	46
13	78
13	92
13	141
13	163
13	184
13	219
13	236
13	239
13	240
13	242
13	250
13	260
13	265
13	271
13	291
14	51
14	76
14	80
14	152
14	163
14	177
14	184
14	194
14	219
14	221
14	230
14	236
14	240
14	242
14	250
14	260
14	265
15	26
15	31
15	40
15	133
15	171
15	175
15	190
15	200
15	209
15	226
15	233
15	243
15	252
15	256
15	288
15	294
15	296
16	20
16	91
16	110
16	158
16	167
16	194
16	201
16	202
16	214
16	221
16	235
16	241
16	249
16	255
16	267
16	279
16	283
17	57
17	67
17	79
17	99
17	105
17	117
17	121
17	151
17	167
17	186
17	197
17	198
17	204
17	213
17	227
17	245
17	271
18	5
18	36
18	65
18	106
18	109
18	115
18	116
18	125
18	153
18	155
18	164
18	168
18	170
18	176
18	183
18	235
18	247
19	11
19	25
19	88
19	98
19	100
19	115
19	116
19	118
19	125
19	127
19	153
19	155
19	164
19	168
19	170
19	183
19	229
20	16
20	66
20	71
20	86
20	110
20	147
20	151
20	158
20	212
20	230
20	234
20	241
20	248
20	273
20	279
20	283
20	287
21	13
21	28
21	78
21	169
21	172
21	184
21	192
21	219
21	227
21	240
21	242
21	247
21	250
21	253
21	260
21	265
21	272
22	32
22	34
22	57
22	78
22	79
22	94
22	121
22	129
22	136
22	167
22	186
22	197
22	198
22	213
22	237
22	249
22	298
23	27
23	85
23	128
23	155
23	175
23	178
23	180
23	185
23	200
23	226
23	233
23	249
23	252
23	254
23	282
23	288
23	294
24	7
24	37
24	48
24	127
24	174
24	177
24	191
24	200
24	220
24	227
24	235
24	260
24	263
24	278
24	281
24	285
24	292
25	4
25	19
25	49
25	98
25	106
25	116
25	125
25	127
25	153
25	155
25	164
25	168
25	170
25	183
25	188
25	203
25	300
26	15
26	49
26	92
26	101
26	104
26	112
26	130
26	210
26	218
26	225
26	228
26	259
26	274
26	277
26	279
26	293
26	298
27	23
27	118
27	154
27	177
27	185
27	196
27	209
27	221
27	222
27	228
27	243
27	252
27	254
27	282
27	288
27	294
27	296
28	21
28	29
28	35
28	51
28	56
28	125
28	163
28	168
28	172
28	184
28	219
28	236
28	240
28	250
28	260
28	265
28	295
29	28
29	83
29	90
29	121
29	131
29	151
29	158
29	160
29	189
29	194
29	232
29	247
29	258
29	261
29	269
29	273
29	279
30	100
30	153
30	173
30	177
30	184
30	187
30	191
30	215
30	227
30	235
30	263
30	275
30	278
30	281
30	282
30	285
30	293
31	15
31	43
31	65
31	98
31	109
31	115
31	125
31	127
31	153
31	155
31	168
31	170
31	183
31	215
31	230
31	266
31	299
32	9
32	22
32	34
32	55
32	57
32	79
32	94
32	100
32	121
32	157
32	167
32	197
32	198
32	213
32	259
32	297
32	298
33	65
33	140
33	150
33	211
33	212
33	218
33	226
33	237
33	239
33	244
33	255
33	257
33	264
33	286
33	290
33	296
33	300
34	9
34	22
34	32
34	67
34	79
34	117
34	121
34	129
34	146
34	167
34	186
34	191
34	198
34	213
34	233
34	245
34	272
35	28
35	82
35	89
35	152
35	163
35	172
35	188
35	191
35	195
35	219
35	240
35	242
35	250
35	260
35	261
35	265
35	266
36	18
36	61
36	83
36	124
36	128
36	135
36	145
36	147
36	149
36	165
36	203
36	207
36	211
36	230
36	231
36	234
36	245
37	1
37	7
37	24
37	45
37	93
37	115
37	119
37	144
37	152
37	173
37	177
37	215
37	220
37	227
37	240
37	251
37	263
37	275
38	96
38	106
38	137
38	157
38	199
38	217
38	218
38	239
38	244
38	248
38	255
38	264
38	276
38	286
38	289
38	290
38	296
38	300
39	4
39	45
39	54
39	78
39	84
39	92
39	112
39	124
39	132
39	134
39	195
39	197
39	203
39	207
39	211
39	231
39	245
39	251
40	15
40	132
40	143
40	190
40	196
40	200
40	213
40	221
40	222
40	233
40	241
40	243
40	254
40	271
40	279
40	282
40	288
40	294
41	61
41	66
41	79
41	101
41	111
41	148
41	179
41	187
41	218
41	225
41	228
41	246
41	262
41	266
41	281
41	287
41	291
41	298
42	52
42	55
42	99
42	101
42	108
42	110
42	111
42	138
42	166
42	205
42	228
42	229
42	276
42	277
42	284
42	291
42	293
42	300
43	11
43	31
43	106
43	109
43	115
43	116
43	125
43	127
43	144
43	153
43	155
43	158
43	164
43	170
43	183
43	190
43	206
43	294
44	53
44	71
44	114
44	118
44	169
44	171
44	192
44	210
44	225
44	251
44	256
44	270
44	271
44	280
44	289
44	292
44	297
44	299
45	37
45	39
45	108
45	114
45	127
45	128
45	132
45	143
45	145
45	149
45	160
45	195
45	203
45	207
45	211
45	221
45	230
45	231
46	13
46	90
46	151
46	168
46	178
46	189
46	202
46	206
46	226
46	232
46	234
46	248
46	249
46	258
46	260
46	267
46	273
46	279
47	54
47	61
47	84
47	102
47	107
47	114
47	128
47	130
47	135
47	149
47	169
47	195
47	211
47	217
47	231
47	241
47	245
47	275
48	24
48	70
48	84
48	100
48	118
48	119
48	205
48	222
48	235
48	255
48	263
48	272
48	273
48	275
48	278
48	281
48	285
48	289
49	1
49	25
49	26
49	69
49	93
49	107
49	139
49	173
49	177
49	215
49	224
49	227
49	267
49	269
49	275
49	278
49	285
49	299
50	9
50	11
50	82
50	87
50	97
50	117
50	184
50	188
50	219
50	236
50	240
50	242
50	243
50	250
50	251
50	257
50	260
50	265
51	11
51	14
51	28
51	72
51	87
51	97
51	152
51	184
51	193
51	219
51	220
51	236
51	240
51	242
51	250
51	259
51	260
51	265
52	42
52	55
52	60
52	92
52	102
52	108
52	127
52	166
52	172
52	193
52	225
52	253
52	259
52	274
52	275
52	277
52	282
52	298
53	44
53	93
53	153
53	165
53	189
53	202
53	232
53	236
53	239
53	249
53	258
53	261
53	267
53	273
53	279
53	283
53	295
53	299
54	39
54	47
54	56
54	82
54	83
54	102
54	132
54	134
54	135
54	149
54	191
54	211
54	221
54	230
54	231
54	245
54	281
54	286
55	4
55	32
55	42
55	52
55	85
55	99
55	105
55	117
55	121
55	129
55	167
55	186
55	197
55	198
55	212
55	213
55	247
55	262
56	28
56	54
56	162
56	179
56	185
56	190
56	196
56	209
56	212
56	221
56	226
56	233
56	243
56	252
56	254
56	282
56	288
56	294
57	4
57	9
57	17
57	22
57	32
57	67
57	79
57	94
57	121
57	172
57	186
57	197
57	198
57	211
57	213
57	228
57	274
57	300
58	107
58	111
58	126
58	145
58	154
58	223
58	238
58	240
58	251
58	259
58	268
58	269
58	271
58	287
58	289
58	292
58	299
58	300
59	10
59	81
59	131
59	154
59	161
59	167
59	169
59	202
59	205
59	208
59	246
59	256
59	268
59	270
59	289
59	292
59	297
59	298
60	52
60	68
60	92
60	103
60	108
60	111
60	162
60	164
60	214
60	228
60	248
60	266
60	269
60	284
60	291
60	293
60	297
60	298
61	5
61	36
61	41
61	47
61	111
61	138
61	178
61	185
61	187
61	210
61	214
61	246
61	253
61	259
61	266
61	277
61	286
61	293
62	7
62	90
62	93
62	100
62	118
62	119
62	144
62	156
62	205
62	208
62	220
62	223
62	227
62	238
62	272
62	275
62	278
62	281
63	81
63	108
63	138
63	162
63	166
63	177
63	178
63	184
63	210
63	218
63	259
63	266
63	274
63	278
63	291
63	292
63	293
63	297
64	6
64	80
64	86
64	158
64	159
64	185
64	190
64	196
64	221
64	222
64	226
64	243
64	248
64	252
64	254
64	282
64	288
64	294
65	8
65	18
65	31
65	33
65	98
65	106
65	109
65	115
65	116
65	119
65	125
65	153
65	155
65	168
65	170
65	183
65	257
65	291
66	5
66	20
66	41
66	101
66	103
66	104
66	148
66	178
66	196
66	229
66	236
66	253
66	259
66	262
66	264
66	277
66	279
66	291
66	293
67	4
67	9
67	17
67	34
67	57
67	79
67	94
67	99
67	105
67	108
67	117
67	167
67	197
67	198
67	207
67	213
67	253
67	269
67	287
68	60
68	113
68	131
68	140
68	148
68	151
68	162
68	187
68	214
68	224
68	229
68	247
68	253
68	259
68	262
68	266
68	274
68	285
68	291
69	12
69	49
69	93
69	94
69	100
69	108
69	119
69	143
69	191
69	220
69	224
69	227
69	235
69	260
69	263
69	272
69	277
69	278
69	285
70	1
70	48
70	87
70	120
70	144
70	147
70	191
70	198
70	205
70	207
70	215
70	220
70	224
70	227
70	272
70	275
70	281
70	285
70	291
71	3
71	10
71	12
71	20
71	44
71	126
71	131
71	154
71	171
71	176
71	192
71	208
71	209
71	220
71	223
71	271
71	287
71	297
71	299
72	51
72	122
72	138
72	142
72	150
72	157
72	158
72	182
72	186
72	216
72	237
72	239
72	255
72	257
72	264
72	276
72	286
72	296
72	300
73	118
73	122
73	157
73	180
73	199
73	204
73	216
73	226
73	227
73	237
73	239
73	257
73	264
73	272
73	276
73	286
73	290
73	296
73	300
74	88
74	116
74	126
74	136
74	149
74	154
74	160
74	179
74	182
74	224
74	238
74	251
74	261
74	263
74	268
74	280
74	287
74	289
74	292
75	104
75	115
75	138
75	142
75	149
75	165
75	187
75	214
75	235
75	251
75	253
75	259
75	266
75	274
75	277
75	284
75	291
75	293
75	298
76	11
76	14
76	82
76	116
76	141
76	172
76	175
76	188
76	219
76	236
76	240
76	242
76	250
76	260
76	265
76	278
76	280
76	288
76	295
77	3
77	114
77	123
77	140
77	159
77	160
77	194
77	206
77	226
77	229
77	232
77	234
77	241
77	258
77	261
77	267
77	277
77	283
77	295
78	13
78	21
78	22
78	39
78	97
78	152
78	163
78	172
78	188
78	212
78	219
78	233
78	236
78	240
78	242
78	250
78	260
78	265
78	298
79	1
79	17
79	22
79	32
79	34
79	41
79	57
79	67
79	94
79	98
79	105
79	121
79	144
79	167
79	183
79	186
79	194
79	197
79	213
80	14
80	64
80	89
80	174
80	195
80	196
80	204
80	212
80	217
80	239
80	244
80	264
80	276
80	279
80	286
80	287
80	290
80	296
80	300
81	59
81	63
81	90
81	104
81	111
81	124
81	140
81	162
81	184
81	225
81	228
81	229
81	242
81	259
81	262
81	277
81	284
81	293
81	298
82	35
82	50
82	54
82	76
82	97
82	141
82	152
82	172
82	180
82	188
82	216
82	219
82	225
82	236
82	244
82	250
82	255
82	260
82	265
83	29
83	36
83	54
83	84
83	85
83	89
83	107
83	132
83	149
83	162
83	175
83	195
83	203
83	207
83	211
83	230
83	231
83	240
83	245
84	39
84	47
84	48
84	83
84	109
84	119
84	124
84	125
84	134
84	135
84	195
84	203
84	207
84	211
84	225
84	230
84	231
84	245
84	276
85	2
85	23
85	55
85	83
85	122
85	136
85	170
85	175
85	190
85	192
85	221
85	222
85	226
85	236
85	252
85	254
85	282
85	288
85	294
86	20
86	64
86	123
86	151
86	157
86	189
86	201
86	204
86	215
86	225
86	228
86	234
86	241
86	248
86	258
86	261
86	267
86	283
86	295
87	10
87	50
87	51
87	70
87	120
87	151
87	154
87	161
87	169
87	192
87	208
87	238
87	251
87	268
87	269
87	270
87	271
87	280
87	292
88	19
88	74
88	91
88	95
88	113
88	117
88	131
88	134
88	181
88	238
88	246
88	256
88	262
88	268
88	269
88	270
88	271
88	297
88	299
89	35
89	80
89	83
89	174
89	199
89	204
89	205
89	216
89	217
89	224
89	237
89	244
89	255
89	276
89	279
89	286
89	290
89	296
89	300
90	29
90	46
90	62
90	81
90	110
90	120
90	147
90	158
90	160
90	166
90	194
90	201
90	220
90	232
90	250
90	251
90	273
90	279
90	283
90	295
91	16
91	88
91	120
91	126
91	151
91	159
91	182
91	194
91	206
91	236
91	247
91	253
91	258
91	261
91	267
91	273
91	279
91	283
91	290
91	295
92	13
92	26
92	39
92	52
92	60
92	111
92	116
92	165
92	166
92	190
92	193
92	225
92	253
92	257
92	259
92	274
92	277
92	284
92	291
92	293
93	7
93	37
93	49
93	53
93	62
93	69
93	133
93	173
93	177
93	182
93	191
93	215
93	220
93	238
93	252
93	254
93	263
93	272
93	281
93	285
94	22
94	32
94	57
94	67
94	69
94	79
94	99
94	105
94	117
94	121
94	129
94	183
94	186
94	197
94	198
94	213
94	232
94	250
94	284
94	288
95	1
95	88
95	155
95	180
95	193
95	199
95	203
95	204
95	212
95	217
95	239
95	250
95	255
95	257
95	264
95	276
95	286
95	290
95	296
95	300
96	2
96	38
96	110
96	147
96	159
96	191
96	201
96	206
96	209
96	225
96	232
96	234
96	241
96	245
96	247
96	258
96	267
96	273
96	274
96	295
97	50
97	51
97	78
97	82
97	107
97	141
97	152
97	168
97	172
97	184
97	188
97	191
97	226
97	230
97	236
97	240
97	242
97	260
97	265
97	283
98	19
98	25
98	31
98	65
98	79
98	109
98	113
98	116
98	125
98	127
98	136
98	153
98	155
98	164
98	166
98	168
98	170
98	183
98	256
98	294
99	4
99	9
99	17
99	42
99	55
99	67
99	94
99	105
99	108
99	117
99	129
99	167
99	171
99	186
99	197
99	198
99	213
99	241
99	273
99	277
100	19
100	30
100	32
100	48
100	62
100	69
100	162
100	170
100	177
100	191
100	201
100	215
100	224
100	227
100	263
100	272
100	278
100	281
100	285
100	296
101	26
101	41
101	42
101	66
101	108
101	130
101	136
101	140
101	148
101	162
101	163
101	187
101	223
101	228
101	239
101	249
101	262
101	274
101	291
101	293
102	6
102	47
102	52
102	54
102	112
102	114
102	124
102	128
102	130
102	132
102	134
102	145
102	195
102	230
102	231
102	245
102	256
102	264
102	290
102	293
103	60
103	66
103	136
103	154
103	169
103	176
103	181
103	194
103	205
103	238
103	250
103	251
103	256
103	270
103	271
103	280
103	287
103	288
103	297
103	299
104	4
104	26
104	66
104	75
104	81
104	133
104	180
104	187
104	193
104	225
104	244
104	253
104	262
104	266
104	274
104	277
104	293
104	298
104	299
104	300
105	4
105	17
105	55
105	67
105	79
105	94
105	99
105	117
105	122
105	129
105	137
105	164
105	167
105	186
105	191
105	197
105	198
105	213
105	274
105	289
106	6
106	18
106	25
106	38
106	43
106	65
106	109
106	115
106	116
106	127
106	153
106	155
106	164
106	168
106	170
106	183
106	193
106	233
106	285
106	288
107	47
107	49
107	58
107	83
107	97
107	112
107	114
107	124
107	135
107	145
107	149
107	195
107	203
107	207
107	211
107	230
107	231
107	239
107	245
107	274
107	283
108	42
108	45
108	52
108	60
108	63
108	67
108	69
108	99
108	101
108	178
108	210
108	225
108	228
108	229
108	237
108	262
108	277
108	281
108	291
108	293
108	298
109	18
109	31
109	43
109	65
109	84
109	98
109	106
109	111
109	116
109	125
109	153
109	155
109	164
109	165
109	168
109	170
109	183
109	210
109	232
109	286
109	298
110	16
110	20
110	42
110	90
110	96
110	128
110	159
110	187
110	193
110	194
110	202
110	206
110	247
110	248
110	249
110	257
110	261
110	265
110	267
110	268
110	273
111	3
111	41
111	42
111	58
111	60
111	61
111	81
111	92
111	109
111	166
111	178
111	188
111	193
111	214
111	228
111	229
111	274
111	277
111	281
111	283
111	293
112	26
112	39
112	102
112	107
112	114
112	124
112	128
112	130
112	132
112	134
112	149
112	161
112	201
112	202
112	203
112	207
112	230
112	243
112	245
112	249
112	297
113	68
113	88
113	98
113	155
113	156
113	161
113	169
113	171
113	176
113	204
113	208
113	246
113	250
113	256
113	268
113	269
113	270
113	281
113	289
113	297
113	299
114	44
114	45
114	47
114	77
114	102
114	107
114	112
114	124
114	128
114	130
114	132
114	135
114	145
114	149
114	189
114	207
114	210
114	211
114	231
114	251
114	259
115	18
115	19
115	31
115	37
115	43
115	65
115	75
115	106
115	124
115	125
115	127
115	153
115	155
115	164
115	168
115	170
115	183
115	198
115	264
115	286
115	292
116	18
116	19
116	25
116	43
116	65
116	74
116	76
116	92
116	98
116	106
116	109
116	124
116	125
116	127
116	153
116	155
116	164
116	168
116	170
116	183
116	253
117	4
117	17
117	34
117	50
117	55
117	67
117	88
117	94
117	99
117	105
117	129
117	138
117	167
117	172
117	186
117	191
117	197
117	198
117	213
117	261
117	269
118	19
118	27
118	44
118	48
118	62
118	73
118	119
118	139
118	144
118	173
118	205
118	215
118	220
118	224
118	252
118	263
118	272
118	273
118	275
118	281
118	285
119	1
119	37
119	48
119	62
119	65
119	69
119	84
119	118
119	126
119	177
119	215
119	224
119	235
119	267
119	272
119	275
119	278
119	281
119	284
119	285
119	292
120	70
120	87
120	90
120	91
120	123
120	145
120	147
120	161
120	166
120	173
120	194
120	206
120	241
120	247
120	249
120	261
120	267
120	273
120	279
120	283
120	291
121	9
121	17
121	22
121	29
121	32
121	34
121	55
121	57
121	79
121	94
121	129
121	154
121	167
121	186
121	194
121	197
121	198
121	213
121	216
121	246
121	280
122	72
122	73
122	85
122	105
122	133
122	171
122	175
122	200
122	209
122	221
122	222
122	226
122	243
122	252
122	254
122	278
122	282
122	288
122	289
122	294
122	295
123	77
123	86
123	120
123	160
123	171
123	183
123	189
123	198
123	206
123	226
123	227
123	232
123	234
123	241
123	249
123	258
123	267
123	274
123	282
123	283
123	295
124	36
124	39
124	81
124	84
124	102
124	107
124	112
124	114
124	115
124	116
124	128
124	132
124	134
124	163
124	176
124	195
124	203
124	207
124	216
124	231
124	245
125	6
125	18
125	19
125	25
125	28
125	31
125	43
125	65
125	84
125	98
125	109
125	115
125	116
125	127
125	148
125	153
125	164
125	168
125	170
125	183
125	234
125	264
126	58
126	71
126	74
126	91
126	119
126	136
126	143
126	153
126	156
126	179
126	182
126	199
126	217
126	246
126	270
126	271
126	280
126	282
126	289
126	292
126	297
126	299
127	19
127	24
127	25
127	31
127	43
127	45
127	52
127	98
127	106
127	115
127	116
127	125
127	142
127	146
127	148
127	153
127	155
127	164
127	168
127	170
127	183
127	282
128	23
128	36
128	45
128	47
128	102
128	110
128	112
128	114
128	124
128	130
128	134
128	145
128	195
128	203
128	204
128	207
128	210
128	211
128	215
128	230
128	245
128	275
129	4
129	9
129	22
129	34
129	55
129	94
129	99
129	105
129	117
129	121
129	147
129	153
129	157
129	167
129	186
129	188
129	195
129	197
129	198
129	213
129	289
129	291
130	26
130	47
130	101
130	102
130	112
130	114
130	128
130	131
130	135
130	144
130	145
130	149
130	165
130	195
130	203
130	207
130	211
130	230
130	231
130	242
130	245
130	283
131	29
131	59
131	68
131	71
131	88
131	130
131	146
131	169
131	176
131	179
131	181
131	192
131	196
131	223
131	224
131	246
131	251
131	256
131	271
131	280
131	285
131	287
132	6
132	39
132	40
132	45
132	54
132	83
132	102
132	112
132	114
132	124
132	134
132	135
132	195
132	203
132	211
132	226
132	230
132	231
132	244
132	245
132	283
132	297
133	3
133	15
133	93
133	104
133	122
133	143
133	146
133	175
133	185
133	186
133	189
133	190
133	209
133	221
133	233
133	243
133	249
133	252
133	277
133	282
133	288
133	294
134	39
134	54
134	84
134	88
134	102
134	112
134	124
134	128
134	132
134	145
134	149
134	203
134	207
134	211
134	223
134	227
134	230
134	231
134	245
134	250
134	258
134	290
135	36
135	47
135	54
135	84
135	107
135	114
135	130
135	132
135	145
135	149
135	151
135	156
135	195
135	207
135	211
135	218
135	230
135	231
135	245
135	255
135	266
135	275
136	22
136	74
136	85
136	98
136	101
136	103
136	126
136	146
136	161
136	171
136	176
136	192
136	251
136	252
136	269
136	271
136	273
136	280
136	287
136	289
136	292
136	297
137	9
137	38
137	105
137	157
137	158
137	174
137	185
137	199
137	204
137	216
137	233
137	235
137	237
137	238
137	239
137	244
137	264
137	276
137	286
137	290
137	296
137	300
138	5
138	42
138	61
138	63
138	72
138	75
138	117
138	166
138	196
138	210
138	218
138	225
138	228
138	256
138	262
138	274
138	275
138	277
138	278
138	283
138	284
138	291
138	298
139	8
139	49
139	118
139	144
139	154
139	163
139	173
139	200
139	215
139	220
139	224
139	227
139	235
139	244
139	247
139	263
139	272
139	275
139	278
139	281
139	284
139	285
139	300
140	33
140	68
140	77
140	81
140	101
140	162
140	166
140	178
140	206
140	210
140	214
140	218
140	225
140	231
140	253
140	259
140	266
140	273
140	274
140	278
140	280
140	284
140	298
141	13
141	76
141	82
141	97
141	152
141	163
141	172
141	184
141	188
141	219
141	221
141	222
141	229
141	236
141	240
141	241
141	242
141	245
141	250
141	260
141	265
141	277
141	293
142	72
142	75
142	127
142	157
142	174
142	180
142	212
142	216
142	237
142	240
142	241
142	244
142	246
142	254
142	255
142	257
142	264
142	267
142	276
142	286
142	290
142	296
142	300
143	6
143	40
143	45
143	69
143	126
143	133
143	174
143	175
143	190
143	196
143	209
143	216
143	222
143	226
143	233
143	235
143	243
143	252
143	254
143	274
143	282
143	288
143	294
144	8
144	12
144	37
144	43
144	62
144	70
144	79
144	118
144	130
144	139
144	177
144	191
144	205
144	220
144	224
144	228
144	271
144	272
144	275
144	278
144	281
144	285
144	286
145	36
145	45
145	58
145	102
145	107
145	114
145	120
145	128
145	130
145	134
145	135
145	181
145	195
145	203
145	207
145	211
145	230
145	231
145	240
145	245
145	246
145	253
145	270
146	34
146	127
146	131
146	133
146	136
146	169
146	171
146	179
146	208
146	215
146	238
146	262
146	265
146	268
146	269
146	270
146	280
146	285
146	287
146	289
146	292
146	297
146	299
147	20
147	36
147	70
147	90
147	96
147	120
147	129
147	164
147	201
147	206
147	232
147	241
147	248
147	249
147	251
147	258
147	261
147	262
147	267
147	273
147	279
147	283
147	284
148	41
148	66
148	68
148	101
148	125
148	127
148	161
148	162
148	204
148	214
148	216
148	229
148	234
148	253
148	262
148	266
148	267
148	274
148	277
148	284
148	291
148	293
148	298
149	36
149	45
149	47
149	54
149	74
149	75
149	83
149	107
149	112
149	114
149	130
149	134
149	135
149	152
149	184
149	195
149	203
149	206
149	207
149	230
149	245
149	262
149	299
150	2
150	33
150	72
150	157
150	174
150	212
150	216
150	217
150	237
150	239
150	243
150	244
150	248
150	256
150	257
150	264
150	267
150	286
150	290
150	294
150	296
150	298
150	300
151	17
151	20
151	29
151	46
151	68
151	86
151	87
151	91
151	135
151	154
151	158
151	165
151	206
151	222
151	232
151	234
151	247
151	248
151	249
151	267
151	279
151	283
151	295
152	1
152	14
152	35
152	37
152	51
152	78
152	82
152	97
152	141
152	149
152	163
152	172
152	184
152	219
152	229
152	240
152	242
152	250
152	260
152	261
152	265
152	278
152	283
153	12
153	18
153	19
153	25
153	30
153	31
153	43
153	53
153	65
153	98
153	106
153	109
153	115
153	116
153	125
153	126
153	127
153	129
153	164
153	168
153	170
153	181
153	183
153	266
154	10
154	27
154	58
154	59
154	71
154	74
154	87
154	103
154	121
154	139
154	151
154	179
154	182
154	187
154	223
154	230
154	238
154	251
154	261
154	269
154	271
154	287
154	289
154	292
155	10
155	18
155	19
155	23
155	25
155	31
155	43
155	65
155	95
155	98
155	106
155	109
155	113
155	115
155	116
155	127
155	164
155	167
155	168
155	170
155	174
155	180
155	183
155	205
156	62
156	113
156	126
156	135
156	157
156	179
156	181
156	192
156	203
156	207
156	208
156	213
156	219
156	220
156	223
156	238
156	256
156	268
156	270
156	271
156	280
156	287
156	289
156	299
157	32
157	38
157	72
157	73
157	86
157	129
157	137
157	142
157	150
157	156
157	204
157	212
157	227
157	244
157	255
157	257
157	264
157	266
157	276
157	283
157	286
157	290
157	296
157	300
158	16
158	20
158	29
158	43
158	64
158	72
158	90
158	137
158	151
158	164
158	194
158	202
158	234
158	241
158	247
158	248
158	258
158	264
158	267
158	273
158	279
158	283
158	288
158	295
159	2
159	64
159	77
159	91
159	96
159	110
159	165
159	173
159	187
159	201
159	202
159	206
159	207
159	232
159	236
159	241
159	248
159	249
159	250
159	261
159	273
159	279
159	293
159	295
160	2
160	29
160	45
160	74
160	77
160	90
160	123
160	183
160	194
160	197
160	201
160	204
160	206
160	234
160	242
160	247
160	249
160	258
160	261
160	267
160	273
160	279
160	283
160	289
161	59
161	87
161	112
161	113
161	120
161	136
161	148
161	169
161	176
161	192
161	223
161	237
161	238
161	250
161	251
161	256
161	269
161	270
161	280
161	285
161	287
161	289
161	292
161	296
162	4
162	5
162	9
162	56
162	60
162	63
162	68
162	81
162	83
162	100
162	101
162	140
162	148
162	166
162	193
162	210
162	212
162	225
162	228
162	229
162	242
162	284
162	291
162	298
163	11
163	13
163	14
163	28
163	35
163	78
163	101
163	124
163	139
163	141
163	152
163	184
163	188
163	193
163	207
163	219
163	220
163	236
163	242
163	250
163	260
163	263
163	265
163	276
164	18
164	19
164	25
164	43
164	60
164	98
164	105
164	106
164	109
164	115
164	116
164	125
164	127
164	147
164	153
164	155
164	158
164	168
164	170
164	171
164	183
164	266
164	270
164	277
165	36
165	53
165	75
165	92
165	109
165	130
165	151
165	159
165	189
165	194
165	206
165	216
165	232
165	233
165	247
165	248
165	249
165	258
165	261
165	267
165	273
165	279
165	283
165	295
166	8
166	42
166	52
166	63
166	90
166	92
166	98
166	111
166	120
166	138
166	140
166	162
166	172
166	187
166	193
166	198
166	210
166	218
166	225
166	229
166	262
166	266
166	284
166	295
167	4
167	9
167	16
167	17
167	22
167	32
167	34
167	55
167	59
167	67
167	79
167	99
167	105
167	117
167	121
167	129
167	155
167	186
167	190
167	196
167	197
167	213
167	235
167	269
168	18
168	19
168	25
168	28
168	31
168	46
168	65
168	97
168	98
168	106
168	109
168	115
168	116
168	125
168	127
168	153
168	155
168	164
168	170
168	183
168	193
168	198
168	224
168	248
168	283
169	21
169	44
169	47
169	59
169	87
169	103
169	113
169	131
169	146
169	161
169	182
169	192
169	198
169	202
169	204
169	238
169	257
169	263
169	268
169	271
169	280
169	289
169	290
169	292
169	299
170	3
170	18
170	19
170	25
170	31
170	43
170	65
170	85
170	98
170	100
170	106
170	109
170	115
170	116
170	125
170	127
170	153
170	155
170	164
170	168
170	183
170	199
170	213
170	249
170	268
171	8
171	15
171	44
171	71
171	99
171	113
171	122
171	123
171	136
171	146
171	164
171	208
171	223
171	238
171	239
171	256
171	268
171	269
171	270
171	271
171	280
171	287
171	289
171	292
171	297
172	21
172	28
172	35
172	52
172	57
172	76
172	78
172	82
172	97
172	117
172	141
172	152
172	166
172	179
172	184
172	188
172	206
172	220
172	236
172	240
172	242
172	250
172	260
172	265
172	274
173	7
173	30
173	37
173	49
173	93
173	118
173	120
173	139
173	159
173	176
173	200
173	205
173	212
173	215
173	224
173	227
173	235
173	263
173	271
173	272
173	275
173	277
173	278
173	281
173	285
174	5
174	24
174	80
174	89
174	137
174	142
174	143
174	150
174	155
174	180
174	199
174	216
174	222
174	237
174	239
174	243
174	255
174	257
174	261
174	264
174	276
174	286
174	290
174	296
174	300
175	3
175	15
175	23
175	76
175	83
175	85
175	122
175	133
175	143
175	185
175	200
175	209
175	210
175	221
175	222
175	226
175	229
175	243
175	254
175	267
175	273
175	279
175	282
175	288
175	294
176	10
176	18
176	71
176	103
176	113
176	124
176	131
176	136
176	161
176	173
176	181
176	217
176	223
176	242
176	246
176	253
176	268
176	269
176	271
176	272
176	284
176	287
176	292
176	297
176	299
177	1
177	8
177	14
177	24
177	27
177	30
177	37
177	49
177	63
177	93
177	100
177	119
177	144
177	235
177	254
177	263
177	270
177	272
177	275
177	278
177	281
177	285
177	286
177	295
177	297
178	2
178	23
178	46
178	61
178	63
178	66
178	108
178	111
178	140
178	187
178	192
178	194
178	210
178	211
178	218
178	223
178	229
178	259
178	262
178	266
178	274
178	284
178	293
178	298
178	300
179	41
179	56
179	74
179	126
179	131
179	146
179	154
179	156
179	172
179	182
179	208
179	214
179	230
179	246
179	248
179	256
179	264
179	268
179	279
179	280
179	287
179	289
179	292
179	297
179	299
180	6
180	9
180	23
180	73
180	82
180	95
180	104
180	142
180	155
180	174
180	191
180	199
180	212
180	217
180	237
180	239
180	244
180	255
180	257
180	264
180	276
180	286
180	290
180	296
180	300
181	2
181	9
181	12
181	88
181	103
181	131
181	145
181	153
181	156
181	176
181	182
181	208
181	217
181	227
181	238
181	243
181	246
181	251
181	268
181	269
181	270
181	280
181	287
181	292
181	297
181	299
182	72
182	74
182	91
182	93
182	126
182	154
182	169
182	179
182	181
182	208
182	223
182	235
182	238
182	242
182	246
182	251
182	256
182	258
182	271
182	280
182	287
182	289
182	294
182	297
182	298
182	299
183	18
183	19
183	25
183	31
183	43
183	65
183	79
183	94
183	98
183	106
183	109
183	115
183	116
183	123
183	125
183	127
183	153
183	155
183	160
183	164
183	168
183	170
183	201
183	244
183	249
183	272
184	7
184	13
184	14
184	21
184	28
184	30
184	50
184	51
184	63
184	81
184	97
184	141
184	149
184	152
184	163
184	172
184	188
184	197
184	230
184	236
184	240
184	242
184	250
184	260
184	261
184	265
185	23
185	27
185	56
185	61
185	64
185	133
185	137
185	175
185	186
185	196
185	209
185	215
185	221
185	222
185	226
185	228
185	233
185	243
185	252
185	254
185	263
185	267
185	279
185	282
185	288
185	294
186	4
186	9
186	17
186	22
186	34
186	55
186	57
186	72
186	79
186	94
186	99
186	105
186	117
186	121
186	129
186	133
186	167
186	185
186	197
186	198
186	199
186	213
186	222
186	263
186	269
186	299
187	5
187	30
187	41
187	61
187	68
187	75
187	101
187	104
187	110
187	154
187	159
187	166
187	178
187	189
187	218
187	225
187	228
187	229
187	239
187	259
187	266
187	274
187	280
187	284
187	296
187	298
188	11
188	25
188	35
188	50
188	76
188	78
188	82
188	97
188	111
188	129
188	141
188	163
188	172
188	184
188	190
188	196
188	219
188	220
188	236
188	240
188	242
188	250
188	260
188	261
188	265
188	266
189	2
189	29
189	46
189	53
189	86
189	114
189	123
189	133
189	165
189	187
189	194
189	201
189	206
189	216
189	224
189	232
189	245
189	249
189	261
189	267
189	273
189	279
189	283
189	288
189	290
189	295
190	3
190	15
190	40
190	43
190	56
190	64
190	85
190	92
190	133
190	143
190	167
190	188
190	196
190	200
190	209
190	222
190	226
190	233
190	243
190	254
190	278
190	282
190	287
190	288
190	294
190	297
191	12
191	24
191	30
191	34
191	35
191	54
191	69
191	70
191	93
191	96
191	97
191	100
191	105
191	117
191	144
191	180
191	205
191	215
191	220
191	224
191	263
191	272
191	275
191	278
191	281
191	285
192	21
192	44
192	71
192	85
192	87
192	131
192	136
192	156
192	161
192	169
192	178
192	206
192	210
192	217
192	238
192	246
192	249
192	251
192	262
192	268
192	269
192	270
192	271
192	280
192	287
192	297
193	51
193	52
193	92
193	95
193	104
193	106
193	110
193	111
193	162
193	163
193	166
193	168
193	208
193	214
193	218
193	228
193	229
193	252
193	253
193	259
193	262
193	266
193	277
193	284
193	291
193	298
194	14
194	16
194	29
194	77
194	79
194	90
194	91
194	103
194	110
194	120
194	121
194	158
194	160
194	165
194	178
194	189
194	201
194	227
194	232
194	241
194	247
194	248
194	258
194	266
194	267
194	279
194	300
195	35
195	39
195	45
195	47
195	80
195	83
195	84
195	102
195	107
195	124
195	128
195	129
195	130
195	132
195	135
195	145
195	149
195	196
195	199
195	203
195	211
195	226
195	230
195	231
195	245
195	260
195	264
196	6
196	27
196	40
196	56
196	64
196	66
196	80
196	131
196	138
196	143
196	167
196	185
196	188
196	190
196	195
196	200
196	208
196	221
196	222
196	226
196	233
196	243
196	252
196	254
196	282
196	288
196	294
197	4
197	9
197	17
197	22
197	32
197	39
197	55
197	57
197	67
197	79
197	94
197	99
197	105
197	117
197	121
197	129
197	160
197	167
197	184
197	186
197	198
197	213
197	221
197	229
197	235
197	256
197	281
198	4
198	9
198	17
198	22
198	32
198	34
198	55
198	57
198	67
198	70
198	94
198	99
198	105
198	115
198	117
198	121
198	123
198	129
198	166
198	168
198	169
198	186
198	197
198	209
198	213
198	218
198	295
199	7
199	38
199	73
199	89
199	95
199	126
199	137
199	170
199	174
199	180
199	186
199	195
199	204
199	217
199	237
199	239
199	244
199	255
199	257
199	268
199	276
199	286
199	290
199	293
199	294
199	296
199	300
200	3
200	6
200	15
200	23
200	24
200	40
200	122
200	139
200	173
200	175
200	190
200	196
200	221
200	222
200	226
200	233
200	241
200	243
200	245
200	252
200	254
200	282
200	283
200	288
200	291
200	294
200	299
201	16
201	86
201	90
201	96
201	100
201	112
201	147
201	159
201	160
201	183
201	189
201	194
201	202
201	206
201	207
201	230
201	234
201	247
201	248
201	249
201	258
201	261
201	269
201	273
201	279
201	280
201	283
201	290
202	2
202	11
202	16
202	46
202	53
202	59
202	110
202	112
202	158
202	159
202	169
202	201
202	206
202	232
202	234
202	241
202	242
202	243
202	247
202	248
202	258
202	261
202	273
202	279
202	285
202	293
202	294
202	295
203	25
203	36
203	39
203	45
203	83
203	84
203	95
203	107
203	112
203	124
203	128
203	130
203	132
203	134
203	145
203	149
203	156
203	195
203	207
203	211
203	218
203	230
203	231
203	246
203	247
203	275
203	284
203	293
204	17
204	73
204	80
204	86
204	89
204	95
204	113
204	128
204	137
204	148
204	157
204	160
204	169
204	199
204	212
204	216
204	237
204	244
204	255
204	257
204	259
204	264
204	271
204	276
204	286
204	290
204	296
204	300
205	7
205	8
205	12
205	42
205	48
205	59
205	62
205	70
205	89
205	103
205	118
205	144
205	155
205	173
205	191
205	209
205	215
205	227
205	235
205	244
205	248
205	263
205	272
205	275
205	278
205	281
205	285
205	293
206	43
206	46
206	77
206	91
206	96
206	110
206	120
206	123
206	140
206	147
206	149
206	151
206	159
206	160
206	165
206	172
206	189
206	192
206	201
206	202
206	234
206	241
206	248
206	256
206	288
206	290
206	295
206	300
207	36
207	39
207	45
207	67
207	70
207	83
207	84
207	107
207	112
207	114
207	124
207	128
207	130
207	134
207	135
207	145
207	149
207	156
207	159
207	163
207	201
207	203
207	211
207	230
207	231
207	245
207	251
207	289
208	10
208	11
208	59
208	62
208	71
208	87
208	113
208	146
208	156
208	171
208	179
208	181
208	182
208	193
208	196
208	229
208	246
208	256
208	266
208	268
208	269
208	270
208	271
208	274
208	282
208	287
208	292
208	299
209	3
209	11
209	15
209	27
209	56
209	71
209	96
209	122
209	133
209	143
209	175
209	185
209	190
209	198
209	205
209	211
209	212
209	221
209	222
209	226
209	233
209	252
209	254
209	260
209	282
209	288
209	292
209	294
210	26
210	44
210	61
210	63
210	108
210	109
210	114
210	128
210	138
210	140
210	162
210	166
210	175
210	178
210	192
210	214
210	228
210	232
210	234
210	253
210	259
210	260
210	262
210	274
210	277
210	291
210	293
210	298
211	33
211	36
211	39
211	45
211	47
211	54
211	57
211	83
211	84
211	107
211	114
211	128
211	130
211	132
211	134
211	135
211	145
211	178
211	195
211	203
211	207
211	209
211	230
211	231
211	240
211	245
211	283
211	293
212	20
212	33
212	55
212	56
212	78
212	80
212	95
212	142
212	150
212	157
212	162
212	173
212	180
212	204
212	209
212	214
212	216
212	217
212	239
212	244
212	255
212	257
212	264
212	265
212	276
212	286
212	290
212	296
212	300
213	4
213	9
213	17
213	22
213	32
213	34
213	40
213	55
213	57
213	67
213	79
213	94
213	99
213	105
213	117
213	121
213	129
213	156
213	167
213	170
213	186
213	197
213	198
213	214
213	254
213	267
213	269
213	275
213	295
214	5
214	16
214	60
214	61
214	68
214	75
214	111
214	140
214	148
214	179
214	193
214	210
214	212
214	213
214	218
214	220
214	225
214	229
214	253
214	257
214	274
214	276
214	277
214	284
214	287
214	289
214	291
214	293
214	298
215	12
215	30
215	31
215	37
215	49
215	70
215	86
215	93
215	100
215	118
215	119
215	128
215	139
215	146
215	173
215	185
215	191
215	205
215	220
215	224
215	227
215	254
215	270
215	272
215	276
215	278
215	280
215	281
215	285
216	72
216	73
216	82
216	89
216	121
216	124
216	137
216	142
216	143
216	148
216	150
216	165
216	174
216	189
216	204
216	212
216	217
216	226
216	233
216	239
216	244
216	255
216	257
216	264
216	276
216	286
216	290
216	296
216	300
217	6
217	38
217	47
217	80
217	89
217	95
217	126
217	150
217	176
217	180
217	181
217	192
217	199
217	212
217	216
217	237
217	239
217	244
217	255
217	257
217	262
217	264
217	265
217	276
217	286
217	290
217	291
217	296
217	300
218	5
218	26
218	33
218	38
218	41
218	63
218	135
218	138
218	140
218	166
218	178
218	187
218	193
218	198
218	203
218	214
218	229
218	253
218	259
218	262
218	274
218	276
218	277
218	284
218	285
218	291
218	293
218	295
218	298
219	11
219	13
219	14
219	21
219	28
219	35
219	50
219	51
219	76
219	78
219	82
219	141
219	152
219	156
219	163
219	188
219	236
219	238
219	240
219	242
219	250
219	260
219	265
219	267
219	271
219	280
219	291
219	294
219	296
220	12
220	24
220	37
220	51
220	62
220	69
220	70
220	71
220	90
220	93
220	118
220	139
220	144
220	156
220	163
220	172
220	188
220	191
220	214
220	215
220	224
220	227
220	235
220	263
220	272
220	275
220	278
220	281
220	287
221	6
221	14
221	16
221	27
221	40
221	45
221	54
221	56
221	64
221	85
221	122
221	133
221	141
221	175
221	185
221	196
221	197
221	200
221	209
221	222
221	226
221	233
221	252
221	254
221	281
221	282
221	288
221	291
221	294
222	6
222	12
222	27
222	40
222	48
222	64
222	85
222	122
222	141
222	143
222	151
222	174
222	175
222	185
222	186
222	190
222	196
222	200
222	209
222	221
222	233
222	241
222	242
222	243
222	252
222	254
222	282
222	288
222	291
222	294
223	10
223	58
223	62
223	71
223	101
223	131
223	134
223	154
223	156
223	161
223	171
223	176
223	178
223	182
223	240
223	251
223	255
223	256
223	259
223	268
223	269
223	270
223	278
223	280
223	287
223	289
223	292
223	296
223	297
223	299
224	1
224	49
224	68
224	69
224	70
224	74
224	89
224	100
224	118
224	119
224	131
224	139
224	144
224	168
224	173
224	189
224	191
224	215
224	220
224	227
224	230
224	235
224	236
224	260
224	263
224	272
224	275
224	278
224	281
224	285
225	26
225	41
225	44
225	52
225	81
225	82
225	84
225	86
225	92
225	96
225	104
225	108
225	138
225	140
225	162
225	166
225	187
225	214
225	228
225	246
225	259
225	262
225	266
225	277
225	279
225	280
225	284
225	287
225	293
225	298
226	15
226	23
226	33
226	46
226	56
226	64
226	73
226	77
226	85
226	97
226	122
226	123
226	132
226	143
226	175
226	185
226	190
226	195
226	196
226	200
226	209
226	216
226	221
226	233
226	243
226	252
226	254
226	282
226	288
226	294
227	1
227	17
227	21
227	24
227	30
227	37
227	49
227	62
227	69
227	70
227	73
227	100
227	123
227	134
227	139
227	157
227	173
227	181
227	194
227	205
227	215
227	220
227	224
227	235
227	263
227	272
227	275
227	278
227	280
227	281
228	26
228	27
228	41
228	42
228	57
228	60
228	81
228	86
228	101
228	108
228	111
228	138
228	144
228	162
228	185
228	187
228	193
228	210
228	225
228	229
228	253
228	257
228	262
228	267
228	269
228	274
228	277
228	284
228	291
228	298
228	300
229	5
229	19
229	42
229	66
229	68
229	77
229	81
229	108
229	111
229	141
229	148
229	152
229	162
229	166
229	175
229	178
229	187
229	193
229	197
229	208
229	214
229	218
229	228
229	231
229	259
229	266
229	268
229	284
229	291
229	293
229	298
230	14
230	20
230	31
230	36
230	45
230	54
230	83
230	84
230	97
230	102
230	107
230	112
230	128
230	130
230	132
230	134
230	135
230	145
230	149
230	154
230	179
230	184
230	195
230	201
230	203
230	207
230	211
230	224
230	231
230	232
230	245
231	5
231	36
231	39
231	45
231	47
231	54
231	83
231	84
231	102
231	107
231	114
231	124
231	130
231	132
231	134
231	135
231	140
231	145
231	195
231	203
231	207
231	211
231	229
231	230
231	233
231	239
231	245
231	248
231	258
231	282
231	292
232	29
232	46
232	53
232	77
232	90
232	94
232	96
232	109
232	123
232	147
232	151
232	159
232	165
232	189
232	194
232	202
232	210
232	230
232	237
232	248
232	252
232	254
232	258
232	261
232	265
232	267
232	273
232	275
232	276
232	279
232	295
233	3
233	6
233	15
233	23
233	34
233	40
233	56
233	78
233	106
233	133
233	137
233	143
233	165
233	185
233	190
233	196
233	200
233	209
233	216
233	221
233	222
233	226
233	231
233	243
233	252
233	254
233	273
233	282
233	288
233	294
233	299
234	2
234	20
234	36
234	46
234	77
234	86
234	96
234	123
234	125
234	148
234	151
234	158
234	160
234	201
234	202
234	206
234	210
234	241
234	248
234	253
234	260
234	261
234	267
234	273
234	276
234	279
234	282
234	283
234	285
234	295
234	298
235	1
235	7
235	8
235	12
235	16
235	18
235	24
235	30
235	48
235	69
235	75
235	119
235	137
235	139
235	143
235	167
235	173
235	177
235	182
235	197
235	205
235	220
235	224
235	227
235	263
235	272
235	275
235	278
235	281
235	285
235	296
236	1
236	11
236	13
236	14
236	28
236	50
236	51
236	53
236	66
236	76
236	78
236	82
236	85
236	91
236	97
236	141
236	159
236	163
236	172
236	184
236	188
236	219
236	224
236	240
236	242
236	249
236	250
236	260
236	265
236	274
236	297
237	10
237	22
237	33
237	72
237	73
237	89
237	108
237	137
237	142
237	150
237	161
237	174
237	180
237	199
237	204
237	217
237	232
237	239
237	242
237	244
237	255
237	257
237	264
237	270
237	276
237	281
237	286
237	290
237	294
237	295
237	296
237	300
238	58
238	62
238	74
238	87
238	88
238	93
238	103
238	137
238	146
238	154
238	156
238	161
238	169
238	171
238	181
238	182
238	192
238	219
238	251
238	256
238	269
238	270
238	271
238	276
238	280
238	284
238	285
238	286
238	290
238	292
238	297
238	299
239	13
239	33
239	38
239	53
239	72
239	73
239	80
239	95
239	101
239	107
239	137
239	150
239	171
239	174
239	180
239	187
239	199
239	212
239	216
239	217
239	231
239	237
239	255
239	257
239	264
239	270
239	276
239	279
239	286
239	290
239	296
239	300
240	11
240	13
240	14
240	21
240	28
240	35
240	37
240	50
240	51
240	58
240	76
240	78
240	83
240	97
240	141
240	142
240	145
240	152
240	172
240	184
240	188
240	211
240	219
240	223
240	236
240	242
240	250
240	260
240	265
240	266
240	285
240	286
241	2
241	3
241	12
241	16
241	20
241	40
241	47
241	77
241	86
241	96
241	99
241	120
241	123
241	141
241	142
241	147
241	158
241	159
241	194
241	200
241	202
241	206
241	222
241	234
241	247
241	249
241	258
241	265
241	273
241	279
241	283
241	295
242	11
242	13
242	14
242	21
242	35
242	50
242	51
242	76
242	78
242	81
242	97
242	130
242	141
242	152
242	160
242	162
242	163
242	172
242	176
242	182
242	184
242	188
242	202
242	219
242	222
242	236
242	237
242	240
242	250
242	259
242	260
242	265
243	3
243	6
243	15
243	27
243	40
243	50
243	56
243	64
243	112
243	122
243	133
243	143
243	150
243	174
243	175
243	181
243	185
243	190
243	196
243	200
243	202
243	222
243	226
243	233
243	252
243	254
243	282
243	284
243	288
243	289
243	293
243	294
244	33
244	38
244	80
244	82
244	89
244	104
244	132
244	137
244	139
244	142
244	150
244	157
244	180
244	183
244	199
244	204
244	205
244	212
244	216
244	217
244	237
244	255
244	257
244	271
244	272
244	276
244	277
244	286
244	290
244	294
244	296
244	300
245	17
245	34
245	36
245	39
245	47
245	54
245	83
245	84
245	96
245	102
245	107
245	112
245	124
245	128
245	130
245	132
245	134
245	135
245	141
245	145
245	149
245	189
245	195
245	200
245	207
245	211
245	230
245	231
245	252
245	270
245	277
245	288
246	1
246	10
246	41
246	59
246	61
246	88
246	113
246	121
246	126
246	131
246	142
246	145
246	176
246	179
246	181
246	182
246	192
246	203
246	208
246	225
246	251
246	256
246	268
246	270
246	280
246	282
246	287
246	289
246	292
246	295
246	297
246	299
247	18
247	21
247	29
247	55
247	68
247	91
247	96
247	110
247	120
247	139
247	151
247	158
247	160
247	165
247	194
247	201
247	202
247	203
247	241
247	248
247	249
247	258
247	259
247	261
247	267
247	272
247	273
247	279
247	283
247	292
247	295
247	298
248	2
248	7
248	20
248	38
248	46
248	60
248	64
248	86
248	110
248	147
248	150
248	151
248	158
248	159
248	165
248	168
248	179
248	194
248	201
248	202
248	205
248	206
248	231
248	232
248	234
248	247
248	249
248	258
248	261
248	265
248	267
248	283
248	295
249	2
249	16
249	22
249	23
249	46
249	53
249	101
249	110
249	112
249	120
249	123
249	133
249	147
249	151
249	159
249	160
249	165
249	170
249	183
249	189
249	192
249	201
249	236
249	241
249	247
249	248
249	258
249	261
249	267
249	273
249	279
249	292
249	295
250	11
250	13
250	14
250	21
250	28
250	35
250	50
250	51
250	76
250	78
250	82
250	90
250	94
250	95
250	103
250	113
250	134
250	141
250	152
250	159
250	161
250	163
250	172
250	184
250	188
250	219
250	236
250	240
250	242
250	260
250	265
250	274
250	277
251	37
251	39
251	44
251	50
251	58
251	74
251	75
251	87
251	90
251	103
251	114
251	131
251	136
251	147
251	154
251	161
251	181
251	182
251	192
251	207
251	223
251	238
251	246
251	263
251	268
251	269
251	271
251	272
251	287
251	289
251	292
251	297
251	299
252	3
252	15
252	23
252	27
252	56
252	64
252	85
252	93
252	118
252	122
252	133
252	136
252	143
252	185
252	193
252	196
252	200
252	209
252	221
252	222
252	226
252	232
252	233
252	243
252	245
252	254
252	265
252	270
252	274
252	282
252	287
252	288
252	294
253	4
253	21
253	52
253	61
253	66
253	67
253	68
253	75
253	91
253	92
253	104
253	116
253	140
253	145
253	148
253	176
253	193
253	210
253	214
253	218
253	228
253	234
253	259
253	262
253	266
253	274
253	277
253	284
253	288
253	290
253	291
253	293
253	298
254	3
254	7
254	23
254	27
254	40
254	56
254	64
254	85
254	93
254	122
254	142
254	143
254	175
254	177
254	185
254	190
254	196
254	200
254	209
254	213
254	215
254	221
254	222
254	226
254	232
254	233
254	243
254	252
254	271
254	279
254	282
254	288
254	292
254	294
255	10
255	16
255	33
255	38
255	48
255	72
255	82
255	89
255	95
255	135
255	142
255	157
255	174
255	180
255	199
255	204
255	212
255	216
255	217
255	223
255	237
255	239
255	244
255	257
255	258
255	259
255	264
255	275
255	276
255	277
255	286
255	290
255	296
255	300
256	10
256	15
256	44
256	59
256	88
256	98
256	102
256	103
256	113
256	131
256	138
256	150
256	156
256	161
256	171
256	179
256	182
256	197
256	206
256	208
256	223
256	238
256	246
256	268
256	269
256	270
256	275
256	287
256	288
256	289
256	291
256	292
256	297
256	299
257	33
257	50
257	65
257	72
257	73
257	92
257	95
257	110
257	142
257	150
257	157
257	169
257	174
257	180
257	199
257	204
257	212
257	214
257	216
257	217
257	228
257	237
257	239
257	244
257	255
257	264
257	276
257	281
257	286
257	287
257	289
257	290
257	296
257	300
258	10
258	29
258	46
258	53
258	77
258	86
258	91
258	96
258	123
258	134
258	147
258	158
258	160
258	165
258	182
258	194
258	201
258	202
258	231
258	232
258	241
258	247
258	248
258	249
258	255
258	268
258	279
258	280
258	281
258	283
258	285
258	290
258	295
258	297
259	26
259	32
259	51
259	52
259	58
259	61
259	63
259	66
259	68
259	75
259	81
259	92
259	114
259	140
259	178
259	187
259	193
259	204
259	210
259	218
259	223
259	225
259	229
259	242
259	247
259	253
259	255
259	262
259	266
259	269
259	274
259	284
259	291
259	293
260	11
260	13
260	14
260	21
260	24
260	28
260	35
260	46
260	50
260	51
260	69
260	76
260	78
260	82
260	97
260	141
260	152
260	163
260	172
260	184
260	188
260	195
260	209
260	210
260	219
260	224
260	234
260	236
260	240
260	242
260	250
260	263
260	265
260	287
261	29
261	35
261	53
261	74
261	77
261	86
261	91
261	110
261	117
261	120
261	147
261	152
261	154
261	159
261	160
261	165
261	174
261	184
261	188
261	189
261	201
261	202
261	232
261	234
261	247
261	248
261	249
261	267
261	273
261	279
261	280
261	283
261	295
261	297
262	5
262	41
262	55
262	66
262	68
262	81
262	88
262	101
262	104
262	108
262	138
262	146
262	147
262	148
262	149
262	166
262	178
262	192
262	193
262	210
262	217
262	218
262	225
262	228
262	253
262	259
262	266
262	273
262	274
262	276
262	282
262	284
262	291
262	298
262	299
263	2
263	8
263	12
263	24
263	30
263	37
263	48
263	69
263	74
263	93
263	100
263	118
263	139
263	163
263	169
263	173
263	177
263	185
263	186
263	191
263	205
263	220
263	224
263	227
263	235
263	251
263	260
263	264
263	272
263	275
263	278
263	281
263	285
263	292
263	299
264	33
264	38
264	66
264	72
264	73
264	80
264	95
264	102
264	115
264	125
264	137
264	142
264	150
264	157
264	158
264	174
264	179
264	180
264	195
264	204
264	212
264	216
264	217
264	237
264	239
264	255
264	257
264	263
264	266
264	271
264	276
264	286
264	290
264	296
264	300
265	8
265	11
265	13
265	14
265	21
265	28
265	35
265	50
265	51
265	76
265	78
265	82
265	97
265	110
265	141
265	146
265	152
265	163
265	172
265	184
265	188
265	212
265	217
265	219
265	232
265	236
265	240
265	241
265	242
265	248
265	250
265	252
265	260
265	268
265	282
266	31
266	35
266	41
266	60
266	61
266	63
266	68
266	75
266	104
266	135
266	140
266	148
266	153
266	157
266	164
266	166
266	178
266	187
266	188
266	193
266	194
266	208
266	225
266	229
266	240
266	253
266	259
266	262
266	264
266	274
266	277
266	284
266	291
266	293
266	298
267	16
267	46
267	49
267	53
267	77
267	86
267	91
267	96
267	110
267	119
267	120
267	123
267	142
267	147
267	148
267	150
267	151
267	158
267	160
267	165
267	175
267	185
267	189
267	194
267	213
267	219
267	228
267	232
267	234
267	247
267	248
267	249
267	261
267	278
267	295
268	8
268	58
268	59
268	74
268	87
268	88
268	110
268	113
268	146
268	156
268	169
268	170
268	171
268	176
268	179
268	181
268	192
268	199
268	208
268	223
268	229
268	246
268	251
268	256
268	258
268	265
268	269
268	271
268	273
268	276
268	286
268	289
268	292
268	297
268	299
268	300
269	29
269	49
269	58
269	60
269	67
269	87
269	88
269	113
269	117
269	136
269	146
269	154
269	161
269	167
269	171
269	176
269	181
269	186
269	192
269	201
269	208
269	213
269	223
269	228
269	238
269	251
269	256
269	259
269	268
269	271
269	280
269	287
269	289
269	292
269	297
269	299
270	10
270	44
270	59
270	87
270	88
270	103
270	113
270	126
270	145
270	146
270	156
270	161
270	164
270	171
270	177
270	181
270	192
270	208
270	215
270	223
270	237
270	238
270	239
270	245
270	246
270	252
270	256
270	280
270	282
270	287
270	289
270	292
270	295
270	297
270	299
270	300
271	13
271	17
271	40
271	44
271	58
271	71
271	87
271	88
271	103
271	126
271	131
271	136
271	144
271	154
271	156
271	169
271	171
271	173
271	176
271	182
271	192
271	204
271	208
271	219
271	238
271	244
271	251
271	254
271	264
271	268
271	269
271	280
271	287
271	289
271	298
271	299
272	1
272	5
272	8
272	12
272	21
272	34
272	48
272	62
272	69
272	70
272	73
272	93
272	100
272	118
272	119
272	139
272	144
272	173
272	176
272	177
272	183
272	191
272	205
272	215
272	220
272	224
272	227
272	235
272	244
272	247
272	251
272	263
272	273
272	275
272	278
272	285
272	289
273	2
273	20
273	29
273	46
273	48
273	53
273	90
273	91
273	96
273	99
273	110
273	118
273	120
273	136
273	140
273	147
273	158
273	159
273	160
273	165
273	175
273	189
273	201
273	202
273	232
273	233
273	234
273	241
273	247
273	249
273	261
273	262
273	268
273	272
273	281
273	283
273	295
274	5
274	26
274	52
274	57
274	63
274	68
274	75
274	92
274	96
274	101
274	104
274	105
274	107
274	111
274	123
274	138
274	140
274	143
274	148
274	172
274	178
274	187
274	208
274	210
274	214
274	218
274	228
274	236
274	250
274	252
274	253
274	259
274	262
274	266
274	277
274	291
274	298
275	1
275	7
275	8
275	12
275	30
275	37
275	47
275	48
275	49
275	52
275	62
275	70
275	118
275	119
275	128
275	135
275	138
275	139
275	144
275	173
275	177
275	191
275	203
275	205
275	213
275	220
275	224
275	227
275	232
275	235
275	255
275	256
275	263
275	272
275	281
275	284
275	285
276	38
276	42
276	72
276	73
276	80
276	84
276	89
276	95
276	137
276	142
276	157
276	163
276	174
276	180
276	199
276	204
276	212
276	214
276	215
276	216
276	217
276	218
276	232
276	234
276	237
276	238
276	239
276	244
276	255
276	257
276	262
276	264
276	268
276	286
276	290
276	296
276	300
277	26
277	42
277	52
277	61
277	66
277	69
277	75
277	77
277	81
277	92
277	99
277	104
277	108
277	111
277	133
277	138
277	141
277	148
277	164
277	173
277	193
277	210
277	214
277	218
277	225
277	228
277	244
277	245
277	250
277	253
277	255
277	266
277	274
277	284
277	291
277	293
277	298
278	1
278	7
278	8
278	24
278	30
278	48
278	49
278	62
278	63
278	69
278	76
278	100
278	119
278	122
278	138
278	139
278	140
278	144
278	152
278	173
278	177
278	190
278	191
278	205
278	215
278	220
278	223
278	224
278	227
278	235
278	263
278	267
278	272
278	281
278	285
278	294
278	296
279	16
279	20
279	26
279	29
279	40
279	46
279	53
279	66
279	80
279	89
279	90
279	91
279	120
279	147
279	151
279	158
279	159
279	160
279	165
279	175
279	179
279	185
279	189
279	194
279	201
279	202
279	225
279	232
279	234
279	239
279	241
279	247
279	249
279	254
279	258
279	261
279	283
279	295
280	10
280	44
280	74
280	76
280	87
280	103
280	121
280	126
280	131
280	136
280	140
280	146
280	156
280	161
280	169
280	171
280	179
280	181
280	182
280	187
280	192
280	201
280	215
280	219
280	223
280	225
280	227
280	238
280	246
280	258
280	261
280	269
280	270
280	271
280	289
280	297
280	298
280	299
281	7
281	8
281	12
281	24
281	30
281	41
281	48
281	54
281	62
281	70
281	93
281	100
281	108
281	111
281	113
281	118
281	119
281	139
281	144
281	173
281	177
281	191
281	197
281	205
281	215
281	220
281	221
281	224
281	227
281	235
281	237
281	257
281	258
281	263
281	273
281	275
281	278
281	285
282	3
282	6
282	23
282	27
282	30
282	40
282	52
282	56
282	64
282	85
282	122
282	123
282	126
282	127
282	133
282	143
282	175
282	185
282	190
282	196
282	200
282	208
282	209
282	221
282	222
282	226
282	231
282	233
282	234
282	243
282	246
282	252
282	254
282	262
282	265
282	270
282	288
282	294
283	2
283	16
283	20
283	53
283	77
283	86
283	90
283	91
283	97
283	107
283	111
283	120
283	123
283	130
283	132
283	138
283	147
283	151
283	152
283	157
283	158
283	160
283	165
283	168
283	189
283	200
283	201
283	211
283	234
283	241
283	247
283	248
283	258
283	261
283	273
283	279
283	289
283	295
284	5
284	42
284	60
284	75
284	81
284	92
284	94
284	119
284	138
284	139
284	140
284	147
284	148
284	162
284	166
284	176
284	178
284	187
284	193
284	203
284	214
284	218
284	225
284	228
284	229
284	238
284	243
284	253
284	259
284	262
284	266
284	275
284	277
284	288
284	291
284	293
284	297
284	298
285	1
285	7
285	8
285	12
285	24
285	30
285	48
285	49
285	68
285	69
285	70
285	93
285	100
285	106
285	118
285	119
285	131
285	139
285	144
285	146
285	161
285	173
285	177
285	191
285	202
285	205
285	215
285	218
285	224
285	234
285	235
285	238
285	240
285	258
285	263
285	272
285	275
285	278
285	281
286	33
286	38
286	54
286	61
286	72
286	73
286	80
286	89
286	95
286	109
286	115
286	137
286	142
286	144
286	150
286	157
286	174
286	177
286	180
286	199
286	204
286	212
286	216
286	217
286	237
286	238
286	239
286	240
286	244
286	255
286	257
286	264
286	268
286	276
286	290
286	292
286	295
286	296
286	300
287	20
287	41
287	58
287	67
287	71
287	74
287	80
287	103
287	131
287	136
287	146
287	154
287	156
287	161
287	171
287	176
287	179
287	181
287	182
287	190
287	192
287	208
287	214
287	220
287	223
287	225
287	246
287	251
287	252
287	256
287	257
287	260
287	269
287	270
287	271
287	289
287	292
287	296
287	297
288	3
288	6
288	15
288	23
288	27
288	40
288	56
288	64
288	76
288	85
288	94
288	103
288	106
288	122
288	133
288	143
288	158
288	175
288	185
288	189
288	190
288	196
288	200
288	206
288	209
288	221
288	222
288	226
288	233
288	243
288	245
288	252
288	253
288	254
288	256
288	282
288	284
288	294
288	299
289	38
289	44
289	48
289	58
289	59
289	74
289	105
289	113
289	122
289	126
289	129
289	136
289	146
289	154
289	156
289	160
289	161
289	169
289	171
289	179
289	182
289	207
289	214
289	223
289	243
289	246
289	251
289	256
289	257
289	268
289	269
289	270
289	271
289	272
289	280
289	283
289	287
289	292
289	297
290	5
290	33
290	38
290	73
290	80
290	89
290	91
290	95
290	102
290	134
290	137
290	142
290	150
290	157
290	169
290	174
290	180
290	189
290	199
290	201
290	204
290	206
290	212
290	216
290	217
290	237
290	238
290	239
290	244
290	253
290	255
290	257
290	258
290	264
290	276
290	286
290	296
290	299
290	300
291	13
291	41
291	42
291	60
291	63
291	65
291	66
291	68
291	70
291	75
291	92
291	101
291	108
291	120
291	129
291	138
291	148
291	162
291	193
291	200
291	210
291	214
291	217
291	218
291	219
291	221
291	222
291	228
291	229
291	253
291	256
291	259
291	262
291	266
291	274
291	277
291	284
291	293
291	298
292	24
292	44
292	58
292	59
292	63
292	74
292	87
292	115
292	119
292	126
292	136
292	146
292	154
292	161
292	169
292	171
292	176
292	179
292	181
292	208
292	209
292	223
292	231
292	238
292	246
292	247
292	249
292	251
292	254
292	256
292	263
292	268
292	269
292	270
292	286
292	287
292	289
292	297
292	299
293	5
293	10
293	26
293	30
293	42
293	60
293	61
293	63
293	66
293	75
293	81
293	92
293	101
293	102
293	104
293	108
293	111
293	141
293	148
293	159
293	178
293	199
293	202
293	203
293	205
293	210
293	211
293	214
293	218
293	225
293	229
293	243
293	253
293	259
293	266
293	277
293	284
293	291
293	296
294	3
294	6
294	7
294	15
294	23
294	27
294	40
294	43
294	56
294	64
294	85
294	98
294	122
294	133
294	143
294	150
294	175
294	182
294	185
294	190
294	196
294	199
294	200
294	202
294	209
294	219
294	221
294	222
294	226
294	233
294	237
294	243
294	244
294	252
294	254
294	278
294	282
294	288
294	297
295	2
295	28
295	53
295	76
295	77
295	86
295	90
295	91
295	96
295	122
295	123
295	151
295	158
295	159
295	165
295	166
295	177
295	189
295	198
295	202
295	206
295	213
295	218
295	232
295	234
295	237
295	241
295	246
295	247
295	248
295	249
295	258
295	261
295	267
295	270
295	273
295	279
295	283
295	286
296	15
296	27
296	33
296	38
296	72
296	73
296	80
296	89
296	95
296	100
296	137
296	142
296	150
296	157
296	161
296	174
296	180
296	187
296	199
296	204
296	212
296	216
296	217
296	219
296	223
296	235
296	237
296	239
296	244
296	255
296	257
296	264
296	276
296	278
296	286
296	287
296	290
296	293
296	298
296	300
297	32
297	44
297	59
297	60
297	63
297	71
297	88
297	103
297	112
297	113
297	126
297	132
297	136
297	146
297	171
297	176
297	177
297	179
297	181
297	182
297	190
297	192
297	223
297	236
297	238
297	246
297	251
297	256
297	258
297	261
297	268
297	269
297	270
297	280
297	284
297	287
297	289
297	292
297	294
297	299
298	22
298	26
298	32
298	41
298	52
298	59
298	60
298	75
298	78
298	81
298	104
298	108
298	109
298	138
298	140
298	148
298	150
298	162
298	178
298	182
298	187
298	193
298	210
298	214
298	218
298	225
298	228
298	229
298	234
298	247
298	253
298	262
298	266
298	271
298	274
298	277
298	280
298	284
298	291
298	296
299	10
299	31
299	44
299	49
299	53
299	58
299	71
299	88
299	103
299	104
299	113
299	126
299	146
299	149
299	156
299	169
299	176
299	179
299	181
299	182
299	186
299	200
299	208
299	223
299	233
299	238
299	246
299	251
299	256
299	262
299	263
299	268
299	269
299	270
299	271
299	280
299	288
299	290
299	292
299	297
300	25
300	33
300	38
300	42
300	57
300	58
300	72
300	73
300	80
300	89
300	95
300	104
300	137
300	139
300	142
300	150
300	157
300	174
300	178
300	180
300	194
300	199
300	204
300	206
300	212
300	216
300	217
300	228
300	237
300	239
300	244
300	255
300	257
300	264
300	268
300	270
300	276
300	286
300	290
300	296
