1	139
1	148
1	162
1	265
1	313
1	333
1	357
1	386
1	449
1	497
2	22
2	85
2	131
2	163
2	169
2	189
2	313
2	327
2	359
2	395
3	19
3	27
3	63
3	188
3	292
3	348
3	427
3	449
3	479
3	494
4	29
4	127
4	175
4	252
4	329
4	338
4	351
4	380
4	473
4	486
5	25
5	50
5	184
5	188
5	199
5	304
5	384
5	412
5	455
5	464
6	24
6	217
6	328
6	335
6	391
6	415
6	430
6	437
6	461
6	467
7	68
7	86
7	203
7	303
7	364
7	378
7	448
7	460
7	472
7	477
8	99
8	122
8	206
8	240
8	247
8	249
8	270
8	382
8	401
8	431
9	55
9	77
9	105
9	207
9	225
9	255
9	379
9	385
9	422
9	441
10	150
10	233
10	261
10	295
10	396
10	403
10	467
10	472
10	486
10	489
11	43
11	188
11	192
11	196
11	201
11	247
11	340
11	434
11	439
11	457
12	155
12	166
12	191
12	218
12	320
12	370
12	472
12	482
12	493
12	496
13	83
13	164
13	322
13	390
13	399
13	405
13	409
13	421
13	422
13	465
14	122
14	174
14	291
14	308
14	320
14	360
14	445
14	457
14	476
14	491
15	21
15	69
15	282
15	355
15	369
15	383
15	386
15	398
15	439
15	490
16	44
16	115
16	175
16	204
16	215
16	247
16	402
16	458
16	484
16	499
17	49
17	82
17	224
17	238
17	245
17	257
17	293
17	431
17	435
17	452
18	139
18	323
18	342
18	435
18	447
18	459
18	476
18	481
18	485
18	498
19	3
19	164
19	284
19	366
19	409
19	443
19	448
19	453
19	475
19	500
20	259
20	279
20	337
20	346
20	371
20	452
20	459
20	461
20	464
20	483
21	15
21	67
21	387
21	450
21	453
21	455
21	465
21	467
21	469
21	499
22	2
22	196
22	211
22	296
22	298
22	365
22	399
22	436
22	449
22	478
23	68
23	117
23	180
23	193
23	245
23	272
23	279
23	362
23	446
23	467
24	6
24	73
24	222
24	227
24	253
24	326
24	377
24	466
24	488
24	490
25	5
25	29
25	40
25	267
25	313
25	327
25	378
25	397
25	443
25	448
26	121
26	125
26	146
26	258
26	266
26	269
26	316
26	368
26	417
26	420
27	3
27	32
27	277
27	325
27	406
27	436
27	446
27	468
27	472
27	493
28	61
28	71
28	110
28	218
28	256
28	270
28	361
28	433
28	478
28	492
29	4
29	25
29	45
29	48
29	180
29	198
29	374
29	420
29	438
29	489
30	166
30	243
30	372
30	384
30	400
30	408
30	433
30	476
30	477
30	481
31	71
31	108
31	169
31	176
31	241
31	300
31	337
31	357
31	393
31	441
32	27
32	35
32	40
32	140
32	184
32	238
32	254
32	396
32	427
32	449
33	50
33	80
33	127
33	279
33	302
33	347
33	352
33	376
33	380
33	462
34	41
34	154
34	267
34	292
34	302
34	407
34	473
34	478
34	484
34	487
35	32
35	300
35	319
35	350
35	407
35	413
35	433
35	456
35	466
35	493
36	128
36	184
36	220
36	233
36	296
36	385
36	397
36	401
36	450
36	454
37	45
37	70
37	103
37	135
37	173
37	273
37	277
37	474
37	487
37	495
38	229
38	278
38	305
38	389
38	398
38	407
38	412
38	413
38	475
38	479
39	88
39	92
39	292
39	334
39	353
39	375
39	407
39	446
39	482
39	496
40	25
40	32
40	66
40	73
40	211
40	359
40	403
40	425
40	454
40	492
41	34
41	108
41	123
41	174
41	181
41	220
41	227
41	267
41	384
41	447
42	47
42	149
42	174
42	176
42	177
42	234
42	372
42	459
42	474
42	483
42	486
43	11
43	260
43	272
43	350
43	378
43	390
43	443
43	446
43	455
43	484
43	496
44	16
44	52
44	67
44	133
44	220
44	237
44	242
44	274
44	290
44	459
44	480
45	29
45	37
45	111
45	170
45	202
45	204
45	292
45	374
45	413
45	481
45	487
46	54
46	56
46	128
46	238
46	240
46	248
46	323
46	385
46	389
46	411
46	452
47	42
47	70
47	89
47	207
47	261
47	285
47	289
47	400
47	437
47	445
47	492
48	29
48	222
48	238
48	362
48	401
48	418
48	431
48	459
48	465
48	485
48	497
49	17
49	308
49	311
49	326
49	344
49	403
49	422
49	432
49	438
49	447
49	500
50	5
50	33
50	216
50	271
50	333
50	339
50	372
50	379
50	386
50	403
50	441
51	176
51	216
51	268
51	304
51	368
51	384
51	421
51	457
51	465
51	488
51	497
52	44
52	80
52	82
52	134
52	201
52	240
52	316
52	339
52	417
52	418
52	491
53	99
53	126
53	255
53	344
53	414
53	427
53	441
53	452
53	469
53	470
53	493
54	46
54	111
54	166
54	183
54	291
54	302
54	307
54	327
54	430
54	442
54	487
55	9
55	98
55	160
55	243
55	249
55	300
55	320
55	416
55	468
55	492
55	500
56	46
56	159
56	160
56	183
56	252
56	257
56	266
56	304
56	310
56	424
56	436
57	115
57	151
57	194
57	281
57	340
57	401
57	415
57	444
57	448
57	459
57	477
58	64
58	223
58	267
58	270
58	361
58	362
58	374
58	390
58	395
58	405
58	460
59	115
59	137
59	186
59	376
59	384
59	399
59	403
59	410
59	419
59	458
59	468
60	65
60	122
60	180
60	234
60	268
60	294
60	355
60	357
60	365
60	387
60	404
61	28
61	151
61	242
61	354
61	373
61	392
61	402
61	429
61	430
61	454
61	493
62	111
62	167
62	185
62	246
62	309
62	352
62	408
62	410
62	417
62	466
62	475
63	3
63	66
63	74
63	89
63	313
63	317
63	434
63	463
63	478
63	483
63	497
64	58
64	91
64	96
64	147
64	197
64	270
64	339
64	434
64	457
64	469
64	498
65	60
65	81
65	98
65	134
65	177
65	185
65	285
65	415
65	416
65	472
65	481
66	40
66	63
66	92
66	249
66	261
66	315
66	321
66	385
66	395
66	417
66	458
67	21
67	44
67	141
67	248
67	306
67	338
67	399
67	433
67	443
67	451
67	473
68	7
68	23
68	71
68	150
68	221
68	274
68	392
68	436
68	454
68	472
68	481
69	15
69	149
69	157
69	189
69	265
69	270
69	340
69	352
69	393
69	402
69	420
70	37
70	47
70	133
70	398
70	400
70	405
70	434
70	444
70	472
70	477
70	488
71	28
71	31
71	68
71	83
71	112
71	134
71	365
71	378
71	433
71	464
71	490
72	83
72	155
72	227
72	238
72	266
72	320
72	375
72	438
72	441
72	477
72	486
73	24
73	40
73	173
73	235
73	250
73	274
73	326
73	349
73	456
73	498
73	499
74	63
74	92
74	197
74	244
74	301
74	324
74	404
74	408
74	422
74	478
74	481
75	155
75	250
75	255
75	332
75	352
75	382
75	456
75	463
75	491
75	493
75	495
76	138
76	219
76	284
76	293
76	383
76	391
76	412
76	472
76	478
76	484
76	491
77	9
77	154
77	158
77	217
77	230
77	342
77	411
77	428
77	473
77	479
77	488
78	113
78	168
78	231
78	340
78	345
78	358
78	360
78	390
78	427
78	486
78	493
79	100
79	263
79	284
79	293
79	349
79	384
79	389
79	392
79	450
79	462
79	482
80	33
80	52
80	160
80	251
80	254
80	285
80	330
80	406
80	427
80	450
80	459
81	65
81	82
81	245
81	360
81	391
81	413
81	459
81	463
81	478
81	490
81	495
82	17
82	52
82	81
82	127
82	251
82	273
82	282
82	366
82	418
82	439
82	457
83	13
83	71
83	72
83	113
83	143
83	343
83	372
83	379
83	451
83	458
83	468
84	167
84	186
84	228
84	235
84	248
84	255
84	261
84	274
84	339
84	349
84	448
85	2
85	147
85	231
85	289
85	307
85	321
85	324
85	435
85	442
85	456
85	485
86	7
86	107
86	244
86	270
86	293
86	359
86	366
86	372
86	380
86	448
86	493
87	182
87	209
87	256
87	414
87	415
87	433
87	435
87	454
87	474
87	476
87	500
88	39
88	160
88	289
88	299
88	317
88	375
88	387
88	424
88	457
88	464
88	496
89	47
89	63
89	275
89	277
89	356
89	411
89	422
89	431
89	440
89	458
89	470
90	156
90	296
90	335
90	342
90	343
90	364
90	396
90	406
90	436
90	462
90	495
91	64
91	197
91	203
91	238
91	346
91	389
91	428
91	465
91	478
91	487
91	499
92	39
92	66
92	74
92	96
92	111
92	340
92	397
92	448
92	451
92	488
92	492
93	98
93	108
93	304
93	337
93	420
93	430
93	440
93	461
93	479
93	486
93	493
94	173
94	264
94	282
94	300
94	308
94	325
94	393
94	449
94	464
94	481
94	484
95	125
95	161
95	273
95	290
95	310
95	321
95	351
95	354
95	371
95	410
95	444
96	64
96	92
96	114
96	237
96	292
96	333
96	366
96	402
96	453
96	468
96	485
97	146
97	178
97	185
97	311
97	322
97	362
97	441
97	453
97	488
97	489
97	500
98	55
98	65
98	93
98	218
98	288
98	331
98	338
98	378
98	463
98	468
98	480
99	8
99	53
99	178
99	219
99	278
99	311
99	379
99	457
99	493
99	496
99	498
100	79
100	143
100	171
100	267
100	340
100	375
100	437
100	464
100	475
100	478
100	480
101	130
101	175
101	243
101	281
101	384
101	402
101	417
101	445
101	450
101	458
101	471
102	193
102	260
102	273
102	383
102	426
102	432
102	440
102	455
102	461
102	464
102	496
103	37
103	112
103	132
103	179
103	241
103	250
103	263
103	292
103	331
103	370
103	373
103	500
104	142
104	145
104	195
104	201
104	213
104	226
104	252
104	323
104	414
104	418
104	434
104	481
105	9
105	154
105	199
105	205
105	249
105	308
105	410
105	438
105	455
105	465
105	471
105	482
106	159
106	192
106	217
106	219
106	233
106	246
106	308
106	344
106	354
106	359
106	453
106	495
107	86
107	228
107	269
107	281
107	317
107	354
107	370
107	396
107	425
107	433
107	465
107	485
108	31
108	41
108	93
108	200
108	280
108	347
108	402
108	403
108	411
108	443
108	449
108	480
109	188
109	201
109	205
109	289
109	290
109	293
109	354
109	406
109	461
109	470
109	474
109	497
110	28
110	136
110	204
110	205
110	243
110	268
110	303
110	380
110	388
110	427
110	457
110	470
111	45
111	54
111	62
111	92
111	282
111	323
111	406
111	414
111	427
111	465
111	481
111	484
112	71
112	103
112	171
112	199
112	219
112	226
112	385
112	396
112	398
112	411
112	439
112	494
113	78
113	83
113	127
113	162
113	281
113	331
113	361
113	373
113	382
113	400
113	460
113	472
114	96
114	184
114	228
114	257
114	258
114	260
114	371
114	373
114	388
114	410
114	475
114	479
115	16
115	57
115	59
115	327
115	343
115	363
115	365
115	442
115	454
115	483
115	484
115	498
116	137
116	259
116	291
116	324
116	329
116	347
116	366
116	376
116	442
116	466
116	470
116	498
117	23
117	147
117	226
117	310
117	320
117	419
117	452
117	454
117	455
117	478
117	492
117	494
118	160
118	168
118	229
118	234
118	239
118	331
118	343
118	392
118	447
118	456
118	485
118	488
119	223
119	296
119	313
119	360
119	363
119	368
119	380
119	435
119	441
119	459
119	480
119	496
120	236
120	291
120	299
120	341
120	385
120	425
120	438
120	445
120	451
120	453
120	481
120	494
121	26
121	136
121	154
121	214
121	267
121	285
121	286
121	332
121	339
121	375
121	400
121	432
122	8
122	14
122	60
122	147
122	218
122	237
122	279
122	281
122	341
122	422
122	433
122	462
123	41
123	128
123	144
123	169
123	223
123	299
123	334
123	356
123	440
123	441
123	469
123	480
124	137
124	261
124	277
124	314
124	315
124	336
124	350
124	364
124	463
124	476
124	484
124	485
125	26
125	95
125	168
125	206
125	213
125	359
125	433
125	436
125	448
125	455
125	459
125	471
126	53
126	128
126	282
126	300
126	307
126	341
126	361
126	389
126	390
126	407
126	415
126	447
127	4
127	33
127	82
127	113
127	194
127	199
127	271
127	393
127	424
127	433
127	443
127	488
128	36
128	46
128	123
128	126
128	369
128	371
128	394
128	409
128	413
128	419
128	477
128	497
129	148
129	189
129	210
129	270
129	272
129	291
129	332
129	411
129	421
129	462
129	476
129	498
130	101
130	192
130	269
130	305
130	332
130	341
130	394
130	429
130	436
130	479
130	481
130	495
131	2
131	261
131	276
131	294
131	304
131	331
131	335
131	346
131	395
131	404
131	460
131	466
132	103
132	150
132	244
132	260
132	293
132	300
132	321
132	375
132	411
132	435
132	491
132	492
133	44
133	70
133	187
133	230
133	248
133	297
133	338
133	371
133	445
133	480
133	484
133	498
134	52
134	65
134	71
134	174
134	187
134	196
134	224
134	259
134	385
134	443
134	444
134	470
135	37
135	141
135	250
135	323
135	353
135	364
135	371
135	377
135	381
135	400
135	403
135	406
136	110
136	121
136	240
136	276
136	312
136	362
136	377
136	452
136	457
136	482
136	489
136	498
137	59
137	116
137	124
137	200
137	217
137	220
137	304
137	306
137	378
137	425
137	442
137	455
138	76
138	190
138	223
138	260
138	301
138	330
138	377
138	395
138	427
138	494
138	495
138	499
139	1
139	18
139	148
139	176
139	275
139	286
139	324
139	332
139	423
139	427
139	431
139	487
140	32
140	188
140	233
140	283
140	321
140	422
140	428
140	438
140	443
140	483
140	488
140	494
141	67
141	135
141	199
141	240
141	252
141	285
141	368
141	429
141	454
141	475
141	478
141	495
142	104
142	146
142	245
142	248
142	313
142	392
142	395
142	465
142	475
142	481
142	489
142	497
143	83
143	100
143	271
143	291
143	360
143	398
143	403
143	412
143	447
143	451
143	462
143	484
144	123
144	156
144	160
144	164
144	222
144	224
144	230
144	234
144	314
144	369
144	447
144	492
145	104
145	150
145	213
145	217
145	277
145	283
145	310
145	324
145	330
145	399
145	426
145	448
145	483
146	26
146	97
146	142
146	232
146	244
146	337
146	409
146	431
146	435
146	468
146	481
146	489
146	499
147	64
147	85
147	117
147	122
147	207
147	216
147	358
147	374
147	389
147	478
147	487
147	498
147	500
148	1
148	129
148	139
148	211
148	212
148	381
148	385
148	392
148	402
148	421
148	438
148	481
148	496
149	42
149	69
149	192
149	210
149	262
149	285
149	286
149	316
149	366
149	422
149	441
149	471
149	491
150	10
150	68
150	132
150	145
150	352
150	369
150	371
150	380
150	387
150	420
150	424
150	445
150	446
151	57
151	61
151	206
151	252
151	275
151	279
151	309
151	319
151	366
151	430
151	438
151	471
151	474
152	205
152	212
152	286
152	298
152	330
152	364
152	382
152	404
152	418
152	434
152	461
152	464
152	498
153	186
153	231
153	285
153	298
153	362
153	375
153	403
153	423
153	475
153	481
153	489
153	497
153	498
154	34
154	77
154	105
154	121
154	209
154	255
154	297
154	373
154	388
154	429
154	445
154	461
154	499
155	12
155	72
155	75
155	206
155	212
155	271
155	280
155	329
155	434
155	456
155	470
155	476
155	498
156	90
156	144
156	200
156	260
156	335
156	337
156	352
156	354
156	413
156	445
156	448
156	454
156	500
157	69
157	207
157	224
157	269
157	282
157	316
157	384
157	385
157	423
157	441
157	447
157	457
157	469
158	77
158	266
158	346
158	357
158	384
158	389
158	402
158	428
158	453
158	469
158	473
158	480
158	493
159	56
159	106
159	289
159	299
159	391
159	392
159	414
159	419
159	429
159	456
159	468
159	473
159	491
160	55
160	56
160	80
160	88
160	118
160	144
160	169
160	336
160	394
160	444
160	472
160	480
160	494
161	95
161	207
161	232
161	294
161	317
161	353
161	367
161	381
161	387
161	398
161	416
161	469
161	472
162	1
162	113
162	192
162	233
162	248
162	313
162	336
162	356
162	373
162	423
162	466
162	485
162	489
163	2
163	195
163	256
163	391
163	393
163	457
163	463
163	465
163	481
163	486
163	489
163	494
163	495
164	13
164	19
164	144
164	176
164	186
164	243
164	284
164	290
164	306
164	328
164	398
164	425
164	436
165	199
165	219
165	229
165	282
165	352
165	371
165	409
165	429
165	444
165	446
165	451
165	484
165	494
166	12
166	30
166	54
166	370
166	390
166	413
166	428
166	437
166	445
166	447
166	473
166	475
166	489
167	62
167	84
167	241
167	267
167	314
167	329
167	344
167	356
167	387
167	388
167	460
167	461
167	484
168	78
168	118
168	125
168	171
168	212
168	336
168	338
168	344
168	382
168	407
168	439
168	465
168	488
169	2
169	31
169	123
169	160
169	200
169	307
169	385
169	394
169	420
169	447
169	466
169	494
169	500
170	45
170	225
170	249
170	355
170	370
170	398
170	404
170	416
170	448
170	464
170	469
170	477
170	497
171	100
171	112
171	168
171	178
171	180
171	204
171	264
171	273
171	274
171	336
171	447
171	449
171	483
172	173
172	206
172	263
172	315
172	345
172	367
172	426
172	430
172	455
172	457
172	462
172	473
172	477
173	37
173	73
173	94
173	172
173	312
173	330
173	331
173	359
173	370
173	405
173	442
173	478
173	487
173	493
174	14
174	41
174	42
174	134
174	215
174	243
174	320
174	330
174	383
174	401
174	440
174	446
174	466
174	489
175	4
175	16
175	101
175	275
175	277
175	283
175	332
175	367
175	418
175	445
175	454
175	469
175	485
175	490
176	31
176	42
176	51
176	139
176	164
176	231
176	301
176	319
176	344
176	355
176	381
176	408
176	483
176	495
177	42
177	65
177	210
177	271
177	303
177	358
177	359
177	377
177	439
177	447
177	472
177	488
177	490
177	496
178	97
178	99
178	171
178	188
178	203
178	211
178	226
178	252
178	316
178	343
178	348
178	375
178	381
178	467
179	103
179	328
179	347
179	351
179	365
179	392
179	397
179	398
179	432
179	463
179	467
179	481
179	482
179	500
180	23
180	29
180	60
180	171
180	279
180	314
180	335
180	404
180	407
180	416
180	420
180	461
180	483
180	492
181	41
181	215
181	218
181	236
181	326
181	333
181	347
181	400
181	409
181	426
181	439
181	442
181	446
181	462
182	87
182	226
182	228
182	239
182	244
182	250
182	254
182	309
182	339
182	376
182	381
182	419
182	434
182	469
183	54
183	56
183	191
183	331
183	344
183	351
183	361
183	402
183	465
183	472
183	477
183	491
183	497
183	500
184	5
184	32
184	36
184	114
184	238
184	241
184	261
184	406
184	413
184	416
184	444
184	455
184	485
184	494
185	62
185	65
185	97
185	245
185	287
185	289
185	322
185	374
185	377
185	393
185	426
185	472
185	473
185	500
186	59
186	84
186	153
186	164
186	206
186	267
186	292
186	339
186	383
186	387
186	462
186	469
186	479
186	492
187	133
187	134
187	312
187	326
187	336
187	351
187	358
187	362
187	363
187	422
187	472
187	475
187	490
187	498
188	3
188	5
188	11
188	109
188	140
188	178
188	274
188	299
188	371
188	422
188	465
188	482
188	493
188	494
189	2
189	69
189	129
189	299
189	308
189	311
189	315
189	378
189	408
189	421
189	448
189	457
189	476
189	490
190	138
190	234
190	257
190	293
190	319
190	348
190	364
190	380
190	424
190	455
190	463
190	467
190	482
190	491
191	12
191	183
191	197
191	222
191	232
191	291
191	308
191	337
191	383
191	412
191	431
191	484
191	486
191	496
192	11
192	106
192	130
192	149
192	162
192	257
192	290
192	354
192	361
192	368
192	390
192	441
192	457
192	496
193	23
193	102
193	205
193	217
193	363
193	365
193	397
193	404
193	421
193	424
193	427
193	480
193	486
193	490
194	57
194	127
194	247
194	250
194	279
194	334
194	380
194	384
194	401
194	437
194	443
194	469
194	471
194	484
195	104
195	163
195	199
195	205
195	265
195	276
195	278
195	357
195	449
195	471
195	473
195	495
195	496
195	498
196	11
196	22
196	134
196	223
196	316
196	340
196	366
196	404
196	406
196	449
196	453
196	468
196	481
196	484
197	64
197	74
197	91
197	191
197	301
197	320
197	332
197	367
197	380
197	408
197	418
197	449
197	467
197	476
197	499
198	29
198	243
198	277
198	297
198	322
198	331
198	342
198	352
198	399
198	448
198	471
198	474
198	476
198	479
198	484
199	5
199	105
199	112
199	127
199	141
199	165
199	195
199	200
199	256
199	296
199	335
199	368
199	431
199	471
199	485
200	108
200	137
200	156
200	169
200	199
200	214
200	324
200	356
200	375
200	383
200	407
200	427
200	428
200	481
200	499
201	11
201	52
201	104
201	109
201	215
201	280
201	308
201	311
201	362
201	390
201	422
201	487
201	488
201	491
201	496
202	45
202	222
202	236
202	260
202	342
202	366
202	380
202	397
202	400
202	439
202	447
202	476
202	487
202	492
202	496
203	7
203	91
203	178
203	298
203	369
203	386
203	396
203	401
203	413
203	424
203	429
203	468
203	470
203	473
203	482
204	16
204	45
204	110
204	171
204	213
204	235
204	303
204	333
204	369
204	408
204	411
204	450
204	485
204	495
204	496
205	105
205	109
205	110
205	152
205	193
205	195
205	206
205	210
205	219
205	239
205	383
205	475
205	481
205	486
205	487
206	8
206	125
206	151
206	155
206	172
206	186
206	205
206	319
206	381
206	417
206	440
206	450
206	457
206	471
206	485
207	9
207	47
207	147
207	157
207	161
207	268
207	344
207	377
207	392
207	406
207	420
207	442
207	457
207	462
207	487
208	212
208	254
208	259
208	400
208	403
208	414
208	418
208	420
208	429
208	455
208	456
208	460
208	465
208	497
208	499
209	87
209	154
209	226
209	264
209	306
209	310
209	334
209	383
209	394
209	398
209	461
209	463
209	483
209	487
209	494
210	129
210	149
210	177
210	205
210	234
210	250
210	289
210	313
210	325
210	420
210	438
210	441
210	453
210	467
210	486
211	22
211	40
211	148
211	178
211	218
211	222
211	228
211	325
211	384
211	420
211	425
211	444
211	472
211	489
211	490
212	148
212	152
212	155
212	168
212	208
212	236
212	261
212	274
212	410
212	420
212	435
212	444
212	452
212	461
212	494
213	104
213	125
213	145
213	204
213	265
213	272
213	306
213	309
213	319
213	335
213	339
213	349
213	406
213	442
213	456
214	121
214	200
214	245
214	267
214	304
214	316
214	340
214	350
214	405
214	412
214	425
214	433
214	434
214	458
214	462
215	16
215	174
215	181
215	201
215	270
215	347
215	350
215	351
215	395
215	466
215	470
215	474
215	482
215	490
215	491
216	50
216	51
216	147
216	294
216	321
216	347
216	360
216	397
216	399
216	417
216	468
216	469
216	476
216	490
216	495
217	6
217	77
217	106
217	137
217	145
217	193
217	262
217	288
217	400
217	413
217	415
217	416
217	442
217	488
217	495
218	12
218	28
218	98
218	122
218	181
218	211
218	229
218	277
218	297
218	304
218	383
218	474
218	478
218	484
218	489
219	76
219	99
219	106
219	112
219	165
219	205
219	335
219	354
219	371
219	373
219	414
219	485
219	490
219	491
219	494
220	36
220	41
220	44
220	137
220	283
220	298
220	351
220	361
220	365
220	390
220	413
220	418
220	435
220	436
220	461
220	476
221	68
221	253
221	270
221	303
221	322
221	328
221	337
221	346
221	351
221	393
221	404
221	427
221	442
221	448
221	471
221	489
222	24
222	48
222	144
222	191
222	202
222	211
222	284
222	325
222	404
222	406
222	426
222	469
222	481
222	486
222	489
222	500
223	58
223	119
223	123
223	138
223	196
223	292
223	303
223	323
223	394
223	396
223	414
223	415
223	436
223	445
223	471
223	494
224	17
224	134
224	144
224	157
224	284
224	294
224	305
224	325
224	354
224	399
224	414
224	415
224	422
224	453
224	480
224	489
225	9
225	170
225	235
225	251
225	329
225	370
225	389
225	397
225	409
225	450
225	454
225	456
225	463
225	487
225	493
225	499
226	104
226	112
226	117
226	178
226	182
226	209
226	281
226	302
226	341
226	371
226	394
226	452
226	472
226	482
226	488
226	496
227	24
227	41
227	72
227	277
227	336
227	387
227	395
227	400
227	402
227	407
227	433
227	441
227	454
227	456
227	471
227	495
228	84
228	107
228	114
228	182
228	211
228	235
228	290
228	294
228	369
228	385
228	428
228	446
228	467
228	473
228	475
228	482
229	38
229	118
229	165
229	218
229	242
229	246
229	359
229	381
229	393
229	399
229	406
229	444
229	445
229	454
229	455
229	481
230	77
230	133
230	144
230	250
230	254
230	307
230	336
230	350
230	360
230	364
230	367
230	404
230	443
230	450
230	472
230	496
231	78
231	85
231	153
231	176
231	283
231	289
231	319
231	358
231	411
231	415
231	417
231	435
231	443
231	470
231	496
231	500
232	146
232	161
232	191
232	251
232	262
232	301
232	343
232	368
232	405
232	419
232	435
232	443
232	456
232	465
232	482
232	492
233	10
233	36
233	106
233	140
233	162
233	266
233	275
233	285
233	317
233	337
233	406
233	426
233	466
233	469
233	497
233	498
234	42
234	60
234	118
234	144
234	190
234	210
234	278
234	296
234	308
234	348
234	398
234	422
234	436
234	479
234	481
234	490
235	73
235	84
235	204
235	225
235	228
235	241
235	287
235	295
235	326
235	400
235	404
235	428
235	468
235	472
235	485
235	492
236	120
236	181
236	202
236	212
236	272
236	274
236	287
236	295
236	311
236	325
236	387
236	396
236	415
236	434
236	462
236	494
237	44
237	96
237	122
237	262
237	282
237	286
237	288
237	296
237	315
237	328
237	361
237	431
237	482
237	485
237	488
237	496
238	17
238	32
238	46
238	48
238	72
238	91
238	184
238	293
238	312
238	348
238	379
238	409
238	428
238	430
238	486
238	499
239	118
239	182
239	205
239	293
239	346
239	376
239	382
239	415
239	427
239	443
239	465
239	466
239	470
239	479
239	489
239	497
240	8
240	46
240	52
240	136
240	141
240	246
240	251
240	275
240	301
240	355
240	384
240	406
240	439
240	457
240	470
240	472
241	31
241	103
241	167
241	184
241	235
241	254
241	301
241	329
241	355
241	374
241	436
241	440
241	449
241	464
241	477
241	492
242	44
242	61
242	229
242	309
242	337
242	389
242	393
242	409
242	413
242	427
242	434
242	441
242	451
242	463
242	489
242	495
243	30
243	55
243	101
243	110
243	164
243	174
243	198
243	253
243	278
243	279
243	293
243	360
243	373
243	376
243	465
243	472
244	74
244	86
244	132
244	146
244	182
244	393
244	404
244	423
244	432
244	443
244	453
244	457
244	463
244	464
244	465
244	480
245	17
245	23
245	81
245	142
245	185
245	214
245	319
245	392
245	399
245	418
245	437
245	442
245	467
245	478
245	487
245	500
246	62
246	106
246	229
246	240
246	329
246	365
246	377
246	396
246	400
246	414
246	415
246	419
246	447
246	466
246	482
246	484
247	8
247	11
247	16
247	194
247	252
247	253
247	361
247	380
247	389
247	391
247	395
247	419
247	476
247	480
247	487
247	500
248	46
248	67
248	84
248	133
248	142
248	162
248	266
248	309
248	316
248	378
248	394
248	403
248	411
248	443
248	457
248	484
249	8
249	55
249	66
249	105
249	170
249	269
249	271
249	290
249	336
249	385
249	414
249	432
249	440
249	464
249	487
249	489
250	73
250	75
250	103
250	135
250	182
250	194
250	210
250	230
250	259
250	343
250	357
250	360
250	390
250	416
250	424
250	459
251	80
251	82
251	225
251	232
251	240
251	314
251	336
251	354
251	360
251	368
251	405
251	448
251	460
251	465
251	474
251	495
252	4
252	56
252	104
252	141
252	151
252	178
252	247
252	353
252	423
252	428
252	430
252	453
252	456
252	463
252	468
252	484
253	24
253	221
253	243
253	247
253	294
253	306
253	318
253	320
253	351
253	358
253	368
253	383
253	394
253	428
253	476
253	487
254	32
254	80
254	182
254	208
254	230
254	241
254	312
254	315
254	340
254	341
254	353
254	359
254	399
254	444
254	455
254	464
254	495
255	9
255	53
255	75
255	84
255	154
255	287
255	294
255	321
255	326
255	335
255	387
255	408
255	424
255	444
255	490
255	491
255	497
256	28
256	87
256	163
256	199
256	260
256	318
256	370
256	371
256	374
256	380
256	398
256	401
256	408
256	419
256	480
256	489
256	495
257	17
257	56
257	114
257	190
257	192
257	330
257	348
257	381
257	386
257	399
257	411
257	423
257	426
257	448
257	451
257	484
257	491
258	26
258	114
258	260
258	307
258	322
258	362
258	365
258	376
258	391
258	397
258	417
258	420
258	471
258	481
258	495
258	498
258	499
259	20
259	116
259	134
259	208
259	250
259	263
259	300
259	335
259	355
259	398
259	405
259	418
259	433
259	452
259	481
259	483
259	485
260	43
260	102
260	114
260	132
260	138
260	156
260	202
260	256
260	258
260	262
260	349
260	382
260	389
260	447
260	452
260	474
260	486
261	10
261	47
261	66
261	84
261	124
261	131
261	184
261	212
261	375
261	382
261	406
261	411
261	427
261	429
261	453
261	488
261	494
262	149
262	217
262	232
262	237
262	260
262	275
262	294
262	388
262	421
262	431
262	439
262	444
262	447
262	475
262	485
262	489
262	497
263	79
263	103
263	172
263	259
263	296
263	323
263	354
263	435
263	446
263	459
263	464
263	474
263	475
263	477
263	489
263	493
263	500
264	94
264	171
264	209
264	296
264	315
264	345
264	348
264	391
264	414
264	416
264	418
264	432
264	438
264	464
264	467
264	477
264	499
265	1
265	69
265	195
265	213
265	305
265	340
265	344
265	369
265	376
265	385
265	399
265	436
265	451
265	460
265	482
265	487
265	497
266	26
266	56
266	72
266	158
266	233
266	248
266	289
266	293
266	320
266	421
266	439
266	441
266	454
266	467
266	469
266	488
266	493
267	25
267	34
267	41
267	58
267	100
267	121
267	167
267	186
267	214
267	297
267	366
267	368
267	381
267	407
267	424
267	442
267	454
268	51
268	60
268	110
268	207
268	349
268	360
268	407
268	408
268	419
268	423
268	424
268	430
268	447
268	449
268	481
268	491
268	495
269	26
269	107
269	130
269	157
269	249
269	271
269	280
269	296
269	298
269	311
269	327
269	351
269	418
269	421
269	433
269	468
269	472
270	8
270	28
270	58
270	64
270	69
270	86
270	129
270	215
270	221
270	353
270	382
270	423
270	426
270	453
270	457
270	485
270	497
271	50
271	127
271	143
271	155
271	177
271	249
271	269
271	304
271	310
271	382
271	386
271	391
271	421
271	451
271	474
271	480
271	485
272	23
272	43
272	129
272	213
272	236
272	308
272	354
272	358
272	415
272	451
272	453
272	456
272	469
272	470
272	472
272	477
272	485
273	37
273	82
273	95
273	102
273	171
273	277
273	357
273	375
273	405
273	407
273	410
273	440
273	469
273	472
273	484
273	492
273	500
274	44
274	68
274	73
274	84
274	171
274	188
274	212
274	236
274	405
274	414
274	432
274	435
274	458
274	459
274	465
274	482
274	493
275	89
275	139
275	151
275	175
275	233
275	240
275	262
275	284
275	306
275	351
275	353
275	383
275	434
275	442
275	457
275	466
275	483
275	490
276	131
276	136
276	195
276	297
276	316
276	340
276	341
276	343
276	369
276	410
276	424
276	430
276	437
276	439
276	451
276	452
276	456
276	486
277	27
277	37
277	89
277	124
277	145
277	175
277	198
277	218
277	227
277	273
277	284
277	311
277	366
277	394
277	411
277	435
277	467
277	473
278	38
278	99
278	195
278	234
278	243
278	298
278	352
278	361
278	363
278	387
278	405
278	411
278	421
278	439
278	448
278	454
278	455
278	461
279	20
279	23
279	33
279	122
279	151
279	180
279	194
279	243
279	299
279	310
279	365
279	399
279	423
279	424
279	473
279	479
279	483
279	486
280	108
280	155
280	201
280	269
280	304
280	310
280	315
280	320
280	349
280	381
280	417
280	419
280	463
280	468
280	472
280	479
280	485
280	488
281	57
281	101
281	107
281	113
281	122
281	226
281	306
281	329
281	381
281	441
281	455
281	467
281	475
281	483
281	486
281	487
281	492
281	495
282	15
282	82
282	94
282	111
282	126
282	157
282	165
282	237
282	289
282	306
282	309
282	329
282	382
282	387
282	463
282	464
282	475
282	482
283	140
283	145
283	175
283	220
283	231
283	284
283	301
283	314
283	363
283	366
283	418
283	419
283	425
283	437
283	475
283	486
283	488
283	497
284	19
284	76
284	79
284	164
284	222
284	224
284	275
284	277
284	283
284	304
284	315
284	362
284	391
284	418
284	445
284	465
284	495
284	499
285	47
285	65
285	80
285	121
285	141
285	149
285	153
285	233
285	305
285	368
285	415
285	416
285	428
285	441
285	446
285	452
285	484
285	495
286	121
286	139
286	149
286	152
286	237
286	320
286	321
286	324
286	339
286	362
286	372
286	420
286	438
286	450
286	462
286	487
286	496
286	498
287	185
287	235
287	236
287	255
287	290
287	305
287	307
287	320
287	334
287	359
287	377
287	387
287	399
287	417
287	449
287	462
287	473
287	485
288	98
288	217
288	237
288	294
288	317
288	323
288	344
288	375
288	378
288	387
288	390
288	395
288	396
288	412
288	429
288	452
288	470
288	496
289	47
289	85
289	88
289	109
289	159
289	185
289	210
289	231
289	266
289	282
289	327
289	336
289	338
289	419
289	428
289	463
289	470
289	486
290	44
290	95
290	109
290	164
290	192
290	228
290	249
290	287
290	292
290	367
290	377
290	399
290	432
290	436
290	474
290	488
290	494
290	496
291	14
291	54
291	116
291	120
291	129
291	143
291	191
291	302
291	307
291	310
291	343
291	359
291	372
291	391
291	394
291	448
291	471
291	477
292	3
292	34
292	39
292	45
292	96
292	103
292	186
292	223
292	290
292	322
292	428
292	452
292	453
292	460
292	461
292	470
292	496
292	499
293	17
293	76
293	79
293	86
293	109
293	132
293	190
293	238
293	239
293	243
293	266
293	323
293	334
293	439
293	445
293	471
293	483
293	498
294	60
294	131
294	161
294	216
294	224
294	228
294	253
294	255
294	262
294	288
294	307
294	309
294	332
294	375
294	398
294	414
294	416
294	450
294	492
295	10
295	235
295	236
295	299
295	328
295	343
295	358
295	387
295	394
295	400
295	405
295	413
295	437
295	451
295	459
295	460
295	464
295	483
295	488
296	22
296	36
296	90
296	119
296	199
296	234
296	237
296	263
296	264
296	269
296	309
296	327
296	330
296	371
296	379
296	398
296	399
296	450
296	478
297	133
297	154
297	198
297	218
297	267
297	276
297	306
297	319
297	342
297	353
297	358
297	381
297	402
297	414
297	424
297	469
297	470
297	476
297	486
298	22
298	152
298	153
298	203
298	220
298	269
298	278
298	318
298	324
298	341
298	369
298	370
298	372
298	395
298	402
298	420
298	453
298	470
298	472
299	88
299	120
299	123
299	159
299	188
299	189
299	279
299	295
299	312
299	325
299	345
299	363
299	382
299	394
299	433
299	459
299	470
299	477
299	494
300	31
300	35
300	55
300	94
300	126
300	132
300	259
300	302
300	350
300	358
300	377
300	405
300	434
300	437
300	471
300	474
300	490
300	492
300	495
301	74
301	138
301	176
301	197
301	232
301	240
301	241
301	283
301	311
301	364
301	386
301	390
301	399
301	412
301	413
301	439
301	491
301	493
301	496
302	33
302	34
302	54
302	226
302	291
302	300
302	350
302	371
302	372
302	391
302	403
302	423
302	425
302	482
302	483
302	484
302	496
302	499
302	500
303	7
303	110
303	177
303	204
303	221
303	223
303	325
303	348
303	355
303	363
303	365
303	367
303	386
303	408
303	419
303	442
303	454
303	455
303	464
304	5
304	51
304	56
304	93
304	131
304	137
304	214
304	218
304	271
304	280
304	284
304	327
304	376
304	410
304	459
304	469
304	480
304	493
304	496
305	38
305	130
305	224
305	265
305	285
305	287
305	326
305	396
305	397
305	418
305	419
305	424
305	433
305	436
305	456
305	469
305	479
305	494
305	500
306	67
306	137
306	164
306	209
306	213
306	253
306	275
306	281
306	282
306	297
306	318
306	323
306	347
306	401
306	431
306	440
306	448
306	478
306	486
307	54
307	85
307	126
307	169
307	230
307	258
307	287
307	291
307	294
307	308
307	353
307	374
307	379
307	392
307	398
307	424
307	453
307	476
307	486
308	14
308	49
308	94
308	105
308	106
308	189
308	191
308	201
308	234
308	272
308	307
308	358
308	403
308	421
308	428
308	444
308	468
308	470
308	497
309	62
309	151
309	182
309	213
309	242
309	248
309	282
309	294
309	296
309	379
309	445
309	446
309	451
309	461
309	465
309	478
309	484
309	487
309	493
310	56
310	95
310	117
310	145
310	209
310	271
310	279
310	280
310	291
310	324
310	325
310	362
310	367
310	371
310	426
310	449
310	450
310	464
310	486
311	49
311	97
311	99
311	189
311	201
311	236
311	269
311	277
311	301
311	315
311	335
311	340
311	383
311	445
311	457
311	465
311	486
311	492
311	499
312	136
312	173
312	187
312	238
312	254
312	299
312	345
312	353
312	374
312	376
312	388
312	408
312	417
312	439
312	445
312	449
312	459
312	466
312	473
313	1
313	2
313	25
313	63
313	119
313	142
313	162
313	210
313	328
313	340
313	401
313	409
313	434
313	446
313	450
313	458
313	485
313	498
313	500
314	124
314	144
314	167
314	180
314	251
314	283
314	338
314	353
314	355
314	364
314	367
314	388
314	436
314	442
314	448
314	449
314	461
314	481
314	498
315	66
315	124
315	172
315	189
315	237
315	254
315	264
315	280
315	284
315	311
315	334
315	353
315	381
315	403
315	409
315	478
315	479
315	489
315	494
316	26
316	52
316	149
316	157
316	178
316	196
316	214
316	248
316	276
316	325
316	335
316	342
316	376
316	386
316	391
316	394
316	431
316	483
316	491
317	63
317	88
317	107
317	161
317	233
317	288
317	329
317	346
317	383
317	384
317	385
317	422
317	436
317	446
317	450
317	452
317	473
317	488
317	490
317	499
318	253
318	256
318	298
318	306
318	334
318	356
318	363
318	369
318	370
318	375
318	401
318	404
318	426
318	429
318	443
318	455
318	477
318	483
318	497
318	500
319	35
319	151
319	176
319	190
319	206
319	213
319	231
319	245
319	297
319	321
319	363
319	380
319	393
319	404
319	410
319	413
319	442
319	444
319	474
319	490
320	12
320	14
320	55
320	72
320	117
320	174
320	197
320	253
320	266
320	280
320	286
320	287
320	348
320	360
320	371
320	388
320	410
320	431
320	476
320	487
321	66
321	85
321	95
321	132
321	140
321	216
321	255
321	286
321	319
321	364
321	370
321	394
321	401
321	406
321	416
321	418
321	429
321	442
321	486
321	489
322	13
322	97
322	185
322	198
322	221
322	258
322	292
322	338
322	358
322	378
322	406
322	409
322	423
322	436
322	442
322	467
322	473
322	474
322	480
322	490
323	18
323	46
323	104
323	111
323	135
323	223
323	263
323	288
323	293
323	306
323	353
323	362
323	365
323	370
323	398
323	418
323	445
323	455
323	477
323	486
324	74
324	85
324	116
324	139
324	145
324	200
324	286
324	298
324	310
324	333
324	372
324	421
324	431
324	443
324	468
324	483
324	486
324	488
324	493
324	495
325	27
325	94
325	210
325	211
325	222
325	224
325	236
325	299
325	303
325	310
325	316
325	333
325	405
325	406
325	408
325	419
325	455
325	474
325	490
325	499
326	24
326	49
326	73
326	181
326	187
326	235
326	255
326	305
326	338
326	397
326	429
326	440
326	445
326	466
326	473
326	474
326	485
326	486
326	488
326	490
327	2
327	25
327	54
327	115
327	269
327	289
327	296
327	304
327	331
327	346
327	350
327	360
327	365
327	369
327	409
327	410
327	438
327	458
327	468
327	480
328	6
328	164
328	179
328	221
328	237
328	295
328	313
328	333
328	395
328	410
328	416
328	417
328	423
328	429
328	431
328	447
328	451
328	486
328	490
328	499
329	4
329	116
329	155
329	167
329	225
329	241
329	246
329	281
329	282
329	317
329	358
329	373
329	375
329	389
329	397
329	442
329	461
329	467
329	489
329	500
330	80
330	138
330	145
330	152
330	173
330	174
330	257
330	296
330	349
330	394
330	411
330	415
330	427
330	432
330	446
330	479
330	484
330	487
330	492
330	493
331	98
331	103
331	113
331	118
331	131
331	173
331	183
331	198
331	327
331	332
331	348
331	385
331	391
331	424
331	425
331	427
331	428
331	429
331	468
331	492
332	75
332	121
332	129
332	130
332	139
332	175
332	197
332	294
332	331
332	375
332	386
332	388
332	438
332	451
332	465
332	466
332	470
332	477
332	480
332	498
333	1
333	50
333	96
333	181
333	204
333	324
333	325
333	328
333	336
333	368
333	376
333	384
333	391
333	395
333	412
333	421
333	428
333	455
333	477
333	500
334	39
334	123
334	194
334	209
334	287
334	293
334	315
334	318
334	341
334	361
334	374
334	379
334	385
334	389
334	413
334	420
334	467
334	484
334	485
334	492
334	495
335	6
335	90
335	131
335	156
335	180
335	199
335	213
335	219
335	255
335	259
335	311
335	316
335	337
335	341
335	349
335	367
335	387
335	392
335	446
335	466
335	496
336	124
336	160
336	162
336	168
336	171
336	187
336	227
336	230
336	249
336	251
336	289
336	333
336	343
336	346
336	373
336	394
336	398
336	417
336	419
336	463
336	480
337	20
337	31
337	93
337	146
337	156
337	191
337	221
337	233
337	242
337	335
337	347
337	352
337	358
337	364
337	389
337	391
337	392
337	414
337	482
337	486
337	493
338	4
338	67
338	98
338	133
338	168
338	289
338	314
338	322
338	326
338	345
338	370
338	388
338	389
338	393
338	405
338	416
338	419
338	422
338	459
338	469
338	482
339	50
339	52
339	64
339	84
339	121
339	182
339	186
339	213
339	286
339	343
339	361
339	390
339	408
339	417
339	448
339	449
339	458
339	466
339	492
339	493
339	496
340	11
340	57
340	69
340	78
340	92
340	100
340	196
340	214
340	254
340	265
340	276
340	311
340	313
340	379
340	413
340	437
340	442
340	452
340	462
340	466
340	470
341	120
341	122
341	126
341	130
341	226
341	254
341	276
341	298
341	334
341	335
341	343
341	348
341	352
341	386
341	423
341	428
341	431
341	452
341	468
341	471
341	488
342	18
342	77
342	90
342	198
342	202
342	297
342	316
342	357
342	360
342	425
342	426
342	435
342	436
342	449
342	450
342	462
342	473
342	478
342	482
342	485
342	490
343	83
343	90
343	115
343	118
343	178
343	232
343	250
343	276
343	291
343	295
343	336
343	339
343	341
343	368
343	380
343	403
343	409
343	437
343	471
343	492
343	499
344	49
344	53
344	106
344	167
344	168
344	176
344	183
344	207
344	265
344	288
344	351
344	361
344	364
344	378
344	405
344	409
344	438
344	441
344	451
344	457
344	491
345	78
345	172
345	264
345	299
345	312
345	338
345	356
345	357
345	373
345	379
345	395
345	408
345	409
345	415
345	436
345	458
345	463
345	464
345	470
345	474
345	475
346	20
346	91
346	131
346	158
346	221
346	239
346	317
346	327
346	336
346	364
346	383
346	404
346	412
346	421
346	430
346	438
346	458
346	460
346	487
346	493
346	495
346	497
347	33
347	108
347	116
347	179
347	181
347	215
347	216
347	306
347	337
347	372
347	404
347	408
347	425
347	434
347	447
347	456
347	459
347	465
347	477
347	485
347	489
347	498
348	3
348	178
348	190
348	234
348	238
348	257
348	264
348	303
348	320
348	331
348	341
348	358
348	377
348	379
348	389
348	391
348	392
348	402
348	411
348	443
348	446
348	478
349	73
349	79
349	84
349	213
349	260
349	268
349	280
349	330
349	335
349	394
349	412
349	422
349	432
349	438
349	443
349	444
349	460
349	463
349	468
349	488
349	495
349	498
350	35
350	43
350	124
350	214
350	215
350	230
350	300
350	302
350	327
350	382
350	407
350	420
350	429
350	455
350	463
350	471
350	475
350	478
350	480
350	490
350	495
350	500
351	4
351	95
351	179
351	183
351	187
351	215
351	220
351	221
351	253
351	269
351	275
351	344
351	377
351	378
351	398
351	402
351	442
351	445
351	446
351	472
351	485
351	500
352	33
352	62
352	69
352	75
352	150
352	156
352	165
352	198
352	278
352	337
352	341
352	366
352	368
352	385
352	396
352	410
352	423
352	433
352	436
352	446
352	458
352	494
353	39
353	135
353	161
353	252
353	254
353	270
353	275
353	297
353	307
353	312
353	314
353	315
353	323
353	369
353	388
353	414
353	455
353	458
353	460
353	465
353	473
353	484
354	61
354	95
354	106
354	107
354	109
354	156
354	192
354	219
354	224
354	251
354	263
354	272
354	389
354	403
354	414
354	426
354	429
354	435
354	461
354	473
354	491
354	500
355	15
355	60
355	170
355	176
355	240
355	241
355	259
355	303
355	314
355	356
355	382
355	408
355	425
355	436
355	441
355	458
355	468
355	474
355	475
355	479
355	490
355	491
356	89
356	123
356	162
356	167
356	200
356	318
356	345
356	355
356	357
356	388
356	393
356	411
356	415
356	423
356	430
356	434
356	438
356	463
356	473
356	483
356	491
356	497
357	1
357	31
357	60
357	158
357	195
357	250
357	273
357	342
357	345
357	356
357	361
357	365
357	378
357	383
357	422
357	439
357	466
357	467
357	469
357	471
357	476
357	490
358	78
358	147
358	177
358	187
358	231
358	253
358	272
358	295
358	297
358	300
358	308
358	322
358	329
358	337
358	348
358	362
358	419
358	445
358	459
358	469
358	488
358	497
359	2
359	40
359	86
359	106
359	125
359	173
359	177
359	229
359	254
359	287
359	291
359	362
359	370
359	378
359	380
359	392
359	393
359	425
359	450
359	452
359	456
359	457
360	14
360	78
360	81
360	119
360	143
360	216
360	230
360	243
360	250
360	251
360	268
360	320
360	327
360	342
360	376
360	390
360	396
360	430
360	448
360	472
360	481
360	486
361	28
361	58
361	113
361	126
361	183
361	192
361	220
361	237
361	247
361	278
361	334
361	339
361	344
361	357
361	367
361	371
361	388
361	463
361	467
361	471
361	473
361	474
361	491
362	23
362	48
362	58
362	97
362	136
362	153
362	187
362	201
362	258
362	284
362	286
362	310
362	323
362	358
362	359
362	395
362	421
362	430
362	436
362	456
362	473
362	474
362	482
363	115
363	119
363	187
363	193
363	278
363	283
363	299
363	303
363	318
363	319
363	364
363	384
363	390
363	393
363	401
363	434
363	438
363	455
363	459
363	470
363	474
363	482
363	487
364	7
364	90
364	124
364	135
364	152
364	190
364	230
364	301
364	314
364	321
364	337
364	344
364	346
364	363
364	401
364	409
364	413
364	453
364	454
364	458
364	462
364	473
364	492
365	22
365	60
365	71
365	115
365	179
365	193
365	220
365	246
365	258
365	279
365	303
365	323
365	327
365	357
365	368
365	379
365	387
365	388
365	419
365	440
365	467
365	495
365	497
366	19
366	82
366	86
366	96
366	116
366	149
366	151
366	196
366	202
366	267
366	277
366	283
366	352
366	369
366	374
366	380
366	395
366	411
366	429
366	445
366	446
366	448
366	489
367	161
367	172
367	175
367	197
367	230
367	290
367	303
367	310
367	314
367	335
367	361
367	372
367	377
367	400
367	401
367	417
367	421
367	425
367	426
367	429
367	440
367	479
367	500
368	26
368	51
368	119
368	141
368	192
368	199
368	232
368	251
368	253
368	267
368	285
368	333
368	343
368	352
368	365
368	385
368	391
368	405
368	412
368	418
368	425
368	435
368	467
368	475
369	15
369	128
369	144
369	150
369	203
369	204
369	228
369	265
369	276
369	298
369	318
369	327
369	353
369	366
369	401
369	421
369	445
369	448
369	456
369	475
369	478
369	480
369	483
369	499
370	12
370	103
370	107
370	166
370	170
370	173
370	225
370	256
370	298
370	318
370	321
370	323
370	338
370	359
370	371
370	372
370	402
370	424
370	452
370	455
370	477
370	486
370	489
370	495
371	20
371	95
371	114
371	128
371	133
371	135
371	150
371	165
371	188
371	219
371	226
371	256
371	296
371	302
371	310
371	320
371	361
371	370
371	390
371	417
371	440
371	461
371	479
371	499
372	30
372	42
372	50
372	83
372	86
372	286
372	291
372	298
372	302
372	324
372	347
372	367
372	370
372	393
372	418
372	428
372	429
372	430
372	434
372	439
372	476
372	479
372	486
372	500
373	61
373	103
373	113
373	114
373	154
373	162
373	219
373	243
373	329
373	336
373	345
373	402
373	407
373	416
373	437
373	438
373	440
373	449
373	477
373	478
373	483
373	494
373	498
373	499
374	29
374	45
374	58
374	147
374	185
374	241
374	256
374	307
374	312
374	334
374	366
374	405
374	408
374	423
374	431
374	433
374	437
374	440
374	448
374	452
374	460
374	489
374	491
374	499
375	39
375	72
375	88
375	100
375	121
375	132
375	153
375	178
375	200
375	261
375	273
375	288
375	294
375	318
375	329
375	332
375	389
375	417
375	433
375	434
375	444
375	460
375	466
375	471
376	33
376	59
376	116
376	182
376	239
376	243
376	258
376	265
376	304
376	312
376	316
376	333
376	360
376	394
376	403
376	422
376	430
376	436
376	443
376	460
376	466
376	467
376	470
376	473
377	24
377	135
377	136
377	138
377	177
377	185
377	207
377	246
377	287
377	290
377	300
377	348
377	351
377	367
377	384
377	400
377	406
377	421
377	439
377	447
377	459
377	461
377	478
377	497
378	7
378	25
378	43
378	71
378	98
378	137
378	189
378	248
378	288
378	322
378	344
378	351
378	357
378	359
378	395
378	404
378	417
378	428
378	429
378	450
378	462
378	469
378	483
378	484
379	9
379	50
379	83
379	99
379	238
379	296
379	307
379	309
379	334
379	340
379	345
379	348
379	365
379	397
379	418
379	429
379	432
379	435
379	443
379	456
379	474
379	475
379	483
379	492
380	4
380	33
380	86
380	110
380	119
380	150
380	190
380	194
380	197
380	202
380	247
380	256
380	319
380	343
380	359
380	366
380	401
380	415
380	427
380	432
380	447
380	463
380	465
380	484
380	500
381	135
381	148
381	161
381	176
381	178
381	182
381	206
381	229
381	257
381	267
381	280
381	281
381	297
381	315
381	386
381	401
381	402
381	428
381	430
381	442
381	481
381	486
381	491
381	493
381	495
382	8
382	75
382	113
382	152
382	168
382	239
382	260
382	261
382	270
382	271
382	282
382	299
382	350
382	355
382	387
382	393
382	432
382	451
382	458
382	459
382	467
382	472
382	480
382	483
382	494
383	15
383	76
383	102
383	174
383	186
383	191
383	200
383	205
383	209
383	218
383	253
383	275
383	311
383	317
383	346
383	357
383	396
383	407
383	441
383	447
383	456
383	459
383	470
383	481
383	483
384	5
384	30
384	41
384	51
384	59
384	79
384	101
384	157
384	158
384	194
384	211
384	240
384	317
384	333
384	363
384	377
384	408
384	430
384	445
384	447
384	456
384	463
384	484
384	487
384	500
385	9
385	36
385	46
385	66
385	112
385	120
385	134
385	148
385	157
385	169
385	228
385	249
385	265
385	317
385	331
385	334
385	352
385	368
385	397
385	411
385	435
385	462
385	470
385	482
385	498
386	1
386	15
386	50
386	203
386	257
386	271
386	301
386	303
386	316
386	332
386	341
386	381
386	392
386	400
386	414
386	436
386	439
386	443
386	456
386	468
386	471
386	475
386	489
386	490
386	492
387	21
387	60
387	88
387	150
387	161
387	167
387	186
387	227
387	236
387	255
387	278
387	282
387	287
387	288
387	295
387	335
387	365
387	382
387	410
387	412
387	432
387	437
387	462
387	472
387	491
387	497
388	110
388	114
388	154
388	167
388	262
388	312
388	314
388	320
388	332
388	338
388	353
388	356
388	361
388	365
388	394
388	400
388	422
388	426
388	431
388	437
388	453
388	457
388	463
388	479
388	480
388	482
389	38
389	46
389	79
389	91
389	126
389	147
389	158
389	225
389	242
389	247
389	260
389	329
389	334
389	337
389	338
389	348
389	354
389	375
389	419
389	438
389	441
389	452
389	453
389	458
389	462
389	498
390	13
390	43
390	58
390	78
390	126
390	166
390	192
390	201
390	220
390	250
390	288
390	301
390	339
390	360
390	363
390	371
390	394
390	422
390	438
390	440
390	461
390	464
390	476
390	477
390	484
390	487
391	6
391	76
391	81
391	159
391	163
391	247
391	258
391	264
391	271
391	284
391	291
391	302
391	316
391	331
391	333
391	337
391	348
391	368
391	416
391	417
391	437
391	448
391	468
391	482
391	496
391	499
392	61
392	68
392	79
392	118
392	142
392	148
392	159
392	179
392	207
392	245
392	307
392	335
392	337
392	348
392	359
392	386
392	446
392	449
392	457
392	458
392	460
392	463
392	480
392	491
392	492
392	496
393	31
393	69
393	94
393	127
393	163
393	185
393	221
393	229
393	242
393	244
393	319
393	338
393	356
393	359
393	363
393	372
393	382
393	401
393	405
393	417
393	420
393	446
393	464
393	469
393	477
393	496
394	128
394	130
394	160
394	169
394	209
394	223
394	226
394	248
394	253
394	277
394	291
394	295
394	299
394	316
394	321
394	330
394	336
394	349
394	376
394	388
394	390
394	396
394	438
394	475
394	487
394	489
395	2
395	58
395	66
395	131
395	138
395	142
395	215
395	227
395	247
395	288
395	298
395	328
395	333
395	345
395	362
395	366
395	378
395	405
395	417
395	423
395	431
395	443
395	444
395	475
395	493
395	498
396	10
396	32
396	90
396	107
396	112
396	203
396	223
396	236
396	246
396	288
396	305
396	352
396	360
396	383
396	394
396	411
396	412
396	426
396	434
396	451
396	460
396	467
396	476
396	479
396	489
396	499
397	25
397	36
397	92
397	179
397	193
397	202
397	216
397	225
397	258
397	305
397	326
397	329
397	379
397	385
397	426
397	430
397	435
397	455
397	458
397	459
397	466
397	473
397	475
397	478
397	491
397	493
397	496
398	15
398	38
398	70
398	112
398	143
398	161
398	164
398	170
398	179
398	209
398	234
398	256
398	259
398	294
398	296
398	307
398	323
398	336
398	351
398	410
398	417
398	437
398	449
398	468
398	473
398	478
398	492
399	13
399	22
399	59
399	67
399	145
399	198
399	216
399	224
399	229
399	245
399	254
399	257
399	265
399	279
399	287
399	290
399	296
399	301
399	404
399	409
399	424
399	429
399	462
399	464
399	465
399	491
399	498
400	30
400	47
400	70
400	113
400	121
400	135
400	181
400	202
400	208
400	217
400	227
400	235
400	246
400	295
400	367
400	377
400	386
400	388
400	431
400	432
400	442
400	480
400	485
400	489
400	492
400	496
400	499
401	8
401	36
401	48
401	57
401	174
401	194
401	203
401	256
401	306
401	313
401	318
401	321
401	363
401	364
401	367
401	369
401	380
401	381
401	393
401	422
401	430
401	445
401	459
401	476
401	483
401	484
401	494
402	16
402	61
402	69
402	96
402	101
402	108
402	148
402	158
402	183
402	227
402	297
402	298
402	348
402	351
402	370
402	373
402	381
402	412
402	419
402	422
402	423
402	433
402	435
402	436
402	439
402	447
402	479
403	10
403	40
403	49
403	50
403	59
403	108
403	135
403	143
403	153
403	208
403	248
403	302
403	308
403	315
403	343
403	354
403	376
403	405
403	417
403	421
403	427
403	430
403	437
403	441
403	447
403	454
403	495
403	500
404	60
404	74
404	131
404	152
404	170
404	180
404	193
404	196
404	221
404	222
404	230
404	235
404	244
404	318
404	319
404	346
404	347
404	378
404	399
404	406
404	412
404	413
404	415
404	438
404	460
404	466
404	496
404	497
405	13
405	58
405	70
405	173
405	214
405	232
405	251
405	259
405	273
405	274
405	278
405	295
405	300
405	325
405	338
405	344
405	368
405	374
405	393
405	395
405	403
405	414
405	425
405	428
405	463
405	471
405	474
405	493
406	27
406	80
406	90
406	109
406	111
406	135
406	184
406	196
406	207
406	213
406	222
406	229
406	233
406	240
406	261
406	321
406	322
406	325
406	377
406	404
406	419
406	426
406	458
406	464
406	475
406	479
406	492
406	498
407	34
407	35
407	38
407	39
407	126
407	168
407	180
407	200
407	227
407	267
407	268
407	273
407	350
407	373
407	383
407	411
407	414
407	422
407	437
407	448
407	464
407	472
407	477
407	480
407	487
407	489
407	491
407	495
408	30
408	62
408	74
408	176
408	189
408	197
408	204
408	255
408	256
408	268
408	303
408	312
408	325
408	339
408	345
408	347
408	355
408	374
408	384
408	429
408	444
408	453
408	463
408	467
408	468
408	487
408	490
408	493
409	13
409	19
409	128
409	146
409	165
409	181
409	225
409	238
409	242
409	313
409	315
409	322
409	327
409	343
409	344
409	345
409	364
409	399
409	421
409	427
409	442
409	449
409	469
409	477
409	481
409	489
409	490
409	495
409	500
410	59
410	62
410	95
410	105
410	114
410	212
410	273
410	276
410	304
410	319
410	320
410	327
410	328
410	352
410	387
410	398
410	412
410	417
410	422
410	424
410	425
410	437
410	439
410	440
410	446
410	459
410	461
410	490
410	499
411	46
411	77
411	89
411	108
411	112
411	129
411	132
411	204
411	231
411	248
411	257
411	261
411	277
411	278
411	330
411	348
411	356
411	366
411	385
411	396
411	407
411	429
411	435
411	449
411	452
411	464
411	474
411	478
411	481
412	5
412	38
412	76
412	143
412	191
412	214
412	288
412	301
412	333
412	346
412	349
412	368
412	387
412	396
412	402
412	404
412	410
412	445
412	449
412	450
412	458
412	461
412	464
412	470
412	480
412	483
412	490
412	494
412	500
413	35
413	38
413	45
413	81
413	128
413	156
413	166
413	184
413	203
413	217
413	220
413	242
413	295
413	301
413	319
413	334
413	340
413	364
413	404
413	423
413	435
413	450
413	460
413	462
413	467
413	469
413	471
413	492
413	495
414	53
414	87
414	104
414	111
414	159
414	208
414	219
414	223
414	224
414	246
414	249
414	264
414	274
414	294
414	297
414	337
414	353
414	354
414	386
414	405
414	407
414	424
414	444
414	450
414	469
414	476
414	482
414	484
414	490
415	6
415	57
415	65
415	87
415	126
415	217
415	223
415	224
415	231
415	236
415	239
415	246
415	272
415	285
415	330
415	345
415	356
415	380
415	404
415	426
415	428
415	437
415	441
415	452
415	461
415	464
415	468
415	479
415	486
416	55
416	65
416	161
416	170
416	180
416	184
416	217
416	250
416	264
416	285
416	294
416	321
416	328
416	338
416	373
416	391
416	430
416	440
416	444
416	452
416	460
416	477
416	478
416	482
416	483
416	485
416	486
416	497
416	499
417	26
417	52
417	62
417	66
417	101
417	206
417	216
417	231
417	258
417	280
417	287
417	312
417	328
417	336
417	339
417	367
417	371
417	375
417	378
417	391
417	393
417	395
417	398
417	403
417	410
417	419
417	435
417	440
417	458
417	476
418	48
418	52
418	82
418	104
418	152
418	175
418	197
418	208
418	220
418	245
418	259
418	264
418	269
418	283
418	284
418	305
418	321
418	323
418	368
418	372
418	379
418	455
418	468
418	470
418	479
418	482
418	491
418	493
418	494
418	497
419	59
419	117
419	128
419	159
419	182
419	232
419	246
419	247
419	256
419	268
419	280
419	283
419	289
419	303
419	305
419	325
419	336
419	338
419	358
419	365
419	389
419	402
419	406
419	417
419	420
419	442
419	444
419	447
419	467
419	485
420	26
420	29
420	69
420	93
420	150
420	169
420	180
420	207
420	208
420	210
420	211
420	212
420	258
420	286
420	298
420	334
420	350
420	393
420	419
420	438
420	460
420	463
420	473
420	476
420	481
420	483
420	484
420	493
420	496
420	500
421	13
421	51
421	129
421	148
421	189
421	193
421	262
421	266
421	269
421	271
421	278
421	308
421	324
421	333
421	346
421	362
421	367
421	369
421	377
421	403
421	409
421	439
421	450
421	457
421	462
421	465
421	477
421	483
421	489
421	491
422	9
422	13
422	49
422	74
422	89
422	122
422	140
422	149
422	187
422	188
422	201
422	224
422	234
422	317
422	338
422	349
422	357
422	376
422	388
422	390
422	401
422	402
422	407
422	410
422	424
422	446
422	483
422	486
422	490
422	492
423	139
423	153
423	157
423	162
423	244
423	252
423	257
423	268
423	270
423	279
423	302
423	322
423	328
423	341
423	352
423	356
423	374
423	395
423	402
423	413
423	432
423	448
423	453
423	460
423	461
423	468
423	477
423	485
423	493
423	498
424	56
424	88
424	127
424	150
424	190
424	193
424	203
424	250
424	255
424	267
424	268
424	276
424	279
424	297
424	305
424	307
424	331
424	370
424	399
424	410
424	414
424	422
424	433
424	436
424	437
424	448
424	456
424	459
424	472
424	473
424	482
425	40
425	107
425	120
425	137
425	164
425	211
425	214
425	283
425	302
425	331
425	342
425	347
425	355
425	359
425	367
425	368
425	405
425	410
425	445
425	451
425	458
425	460
425	466
425	477
425	480
425	481
425	482
425	487
425	490
425	492
425	496
426	102
426	145
426	172
426	181
426	185
426	222
426	233
426	257
426	270
426	310
426	318
426	342
426	354
426	367
426	388
426	396
426	397
426	406
426	415
426	432
426	441
426	445
426	448
426	449
426	454
426	458
426	466
426	470
426	476
426	494
426	497
427	3
427	32
427	53
427	78
427	80
427	110
427	111
427	138
427	139
427	193
427	200
427	221
427	239
427	242
427	261
427	330
427	331
427	380
427	403
427	409
427	451
427	452
427	454
427	462
427	464
427	470
427	474
427	490
427	491
427	497
427	499
428	77
428	91
428	140
428	158
428	166
428	200
428	228
428	235
428	238
428	252
428	253
428	285
428	289
428	292
428	308
428	331
428	333
428	341
428	372
428	378
428	381
428	405
428	415
428	431
428	432
428	454
428	480
428	481
428	485
428	493
428	498
429	61
429	130
429	141
429	154
429	159
429	165
429	203
429	208
429	261
429	288
429	318
429	321
429	326
429	328
429	331
429	350
429	354
429	366
429	367
429	372
429	378
429	379
429	399
429	408
429	411
429	454
429	460
429	463
429	490
429	492
429	493
430	6
430	54
430	61
430	93
430	151
430	172
430	238
430	252
430	268
430	276
430	346
430	356
430	360
430	362
430	372
430	376
430	381
430	384
430	397
430	401
430	403
430	416
430	457
430	462
430	466
430	468
430	473
430	478
430	481
430	490
430	499
431	8
431	17
431	48
431	89
431	139
431	146
431	191
431	199
431	237
431	262
431	306
431	316
431	320
431	324
431	328
431	341
431	374
431	388
431	395
431	400
431	428
431	436
431	442
431	451
431	460
431	469
431	476
431	478
431	479
431	490
431	492
432	49
432	102
432	121
432	179
432	244
432	249
432	264
432	274
432	290
432	330
432	349
432	379
432	380
432	382
432	387
432	400
432	423
432	426
432	428
432	435
432	441
432	453
432	454
432	460
432	464
432	472
432	474
432	479
432	484
432	487
432	493
432	499
433	28
433	30
433	35
433	67
433	71
433	87
433	107
433	122
433	125
433	127
433	214
433	227
433	259
433	269
433	299
433	305
433	352
433	374
433	375
433	402
433	424
433	439
433	445
433	450
433	454
433	455
433	465
433	470
433	478
433	484
433	499
433	500
434	11
434	63
434	64
434	70
434	104
434	152
434	155
434	182
434	214
434	236
434	242
434	275
434	300
434	313
434	347
434	356
434	363
434	372
434	375
434	396
434	446
434	452
434	456
434	459
434	460
434	475
434	476
434	479
434	482
434	488
434	497
434	498
435	17
435	18
435	85
435	87
435	119
435	132
435	146
435	212
435	220
435	231
435	232
435	263
435	274
435	277
435	342
435	354
435	368
435	379
435	385
435	397
435	402
435	411
435	413
435	417
435	432
435	442
435	444
435	451
435	455
435	465
435	488
435	500
436	22
436	27
436	56
436	68
436	90
436	125
436	130
436	164
436	220
436	223
436	234
436	241
436	265
436	290
436	305
436	314
436	317
436	322
436	342
436	345
436	352
436	355
436	362
436	376
436	386
436	402
436	424
436	431
436	449
436	475
436	496
436	498
437	6
437	47
437	100
437	166
437	194
437	245
437	276
437	283
437	295
437	300
437	340
437	343
437	373
437	374
437	387
437	388
437	391
437	398
437	403
437	407
437	410
437	415
437	424
437	440
437	452
437	454
437	456
437	476
437	477
437	482
437	499
437	500
438	29
438	49
438	72
438	105
438	120
438	140
438	148
438	151
438	210
438	264
438	286
438	327
438	332
438	344
438	346
438	349
438	356
438	363
438	373
438	389
438	390
438	394
438	404
438	420
438	455
438	458
438	468
438	470
438	474
438	482
438	494
438	500
439	11
439	15
439	82
439	112
439	168
439	177
439	181
439	202
439	240
439	262
439	266
439	276
439	278
439	293
439	301
439	312
439	357
439	372
439	377
439	386
439	402
439	410
439	421
439	433
439	444
439	458
439	467
439	474
439	477
439	480
439	488
439	494
440	89
440	93
440	102
440	123
440	174
440	206
440	241
440	249
440	273
440	306
440	326
440	365
440	367
440	371
440	373
440	374
440	390
440	410
440	416
440	417
440	437
440	441
440	443
440	447
440	462
440	469
440	471
440	484
440	488
440	491
440	494
440	497
441	9
441	31
441	50
441	53
441	72
441	97
441	119
441	123
441	149
441	157
441	192
441	210
441	227
441	242
441	266
441	281
441	285
441	344
441	355
441	383
441	389
441	403
441	415
441	426
441	432
441	440
441	449
441	466
441	467
441	480
441	488
441	497
442	54
442	85
442	115
442	116
442	137
442	173
442	181
442	207
442	213
442	217
442	221
442	245
442	267
442	275
442	303
442	314
442	319
442	321
442	322
442	329
442	340
442	351
442	381
442	400
442	409
442	419
442	431
442	435
442	451
442	464
442	466
442	490
442	499
443	19
443	25
443	43
443	67
443	108
443	127
443	134
443	140
443	194
443	230
443	231
443	232
443	239
443	244
443	248
443	318
443	324
443	348
443	349
443	376
443	379
443	386
443	395
443	440
443	445
443	448
443	452
443	458
443	465
443	470
443	476
443	478
443	488
444	57
444	70
444	95
444	134
444	160
444	165
444	184
444	211
444	212
444	229
444	254
444	255
444	262
444	308
444	319
444	349
444	375
444	395
444	408
444	414
444	416
444	419
444	435
444	439
444	447
444	459
444	460
444	465
444	474
444	479
444	492
444	494
444	500
445	14
445	47
445	101
445	120
445	133
445	150
445	154
445	156
445	166
445	175
445	223
445	229
445	284
445	293
445	309
445	311
445	312
445	323
445	326
445	351
445	358
445	366
445	369
445	384
445	401
445	412
445	425
445	426
445	433
445	443
445	481
445	488
445	499
446	23
446	27
446	39
446	43
446	150
446	165
446	174
446	181
446	228
446	263
446	285
446	309
446	313
446	317
446	330
446	335
446	348
446	351
446	352
446	366
446	392
446	393
446	410
446	422
446	434
446	450
446	452
446	457
446	461
446	466
446	468
446	474
446	496
447	18
447	41
447	49
447	118
447	126
447	143
447	144
447	157
447	166
447	169
447	171
447	177
447	202
447	246
447	260
447	262
447	268
447	328
447	347
447	377
447	380
447	383
447	384
447	402
447	403
447	419
447	440
447	444
447	467
447	474
447	482
447	494
447	497
448	7
448	19
448	25
448	57
448	84
448	86
448	92
448	125
448	145
448	156
448	170
448	189
448	198
448	221
448	251
448	257
448	278
448	291
448	306
448	314
448	339
448	360
448	366
448	369
448	374
448	391
448	407
448	423
448	424
448	426
448	443
448	463
448	465
448	472
449	1
449	3
449	22
449	32
449	94
449	108
449	171
449	195
449	196
449	197
449	241
449	268
449	287
449	310
449	312
449	314
449	339
449	342
449	373
449	392
449	398
449	409
449	411
449	412
449	426
449	436
449	441
449	462
449	464
449	466
449	469
449	480
449	484
449	491
450	21
450	36
450	79
450	80
450	101
450	204
450	206
450	225
450	230
450	286
450	294
450	296
450	310
450	313
450	317
450	342
450	359
450	378
450	412
450	413
450	414
450	421
450	433
450	446
450	458
450	467
450	471
450	477
450	479
450	483
450	487
450	490
450	492
450	497
451	67
451	83
451	92
451	120
451	143
451	165
451	242
451	257
451	265
451	271
451	272
451	276
451	295
451	309
451	328
451	332
451	344
451	382
451	396
451	425
451	427
451	431
451	435
451	442
451	455
451	457
451	467
451	470
451	472
451	485
451	491
451	492
451	494
451	497
452	17
452	20
452	46
452	53
452	117
452	136
452	212
452	226
452	259
452	260
452	276
452	285
452	288
452	292
452	317
452	340
452	341
452	359
452	370
452	374
452	389
452	411
452	415
452	416
452	427
452	434
452	437
452	443
452	446
452	456
452	471
452	472
452	477
452	494
453	19
453	21
453	96
453	97
453	106
453	120
453	158
453	196
453	210
453	224
453	244
453	252
453	261
453	270
453	272
453	292
453	298
453	307
453	364
453	388
453	389
453	408
453	423
453	432
453	456
453	460
453	462
453	465
453	477
453	485
453	487
453	488
453	493
453	495
453	500
454	36
454	40
454	61
454	68
454	87
454	115
454	117
454	141
454	156
454	175
454	225
454	227
454	229
454	266
454	267
454	278
454	303
454	364
454	403
454	426
454	427
454	428
454	429
454	432
454	433
454	437
454	462
454	466
454	476
454	485
454	488
454	491
454	492
454	497
454	500
455	5
455	21
455	43
455	102
455	105
455	117
455	125
455	137
455	172
455	184
455	190
455	208
455	229
455	254
455	278
455	281
455	303
455	318
455	323
455	325
455	333
455	350
455	353
455	363
455	370
455	397
455	418
455	433
455	435
455	438
455	451
455	483
455	487
455	498
455	499
456	35
456	73
456	75
456	85
456	118
456	155
456	159
456	208
456	213
456	225
456	227
456	232
456	252
456	272
456	276
456	305
456	347
456	359
456	362
456	369
456	379
456	383
456	384
456	386
456	424
456	434
456	437
456	452
456	453
456	474
456	476
456	485
456	490
456	493
456	494
456	498
457	11
457	14
457	51
457	64
457	82
457	88
457	99
457	110
457	136
457	157
457	163
457	172
457	189
457	192
457	206
457	207
457	240
457	244
457	248
457	270
457	275
457	311
457	344
457	359
457	388
457	392
457	421
457	430
457	446
457	451
457	473
457	481
457	484
457	486
457	487
457	498
458	16
458	59
458	66
458	83
458	89
458	101
458	214
458	274
458	313
458	327
458	339
458	345
458	346
458	352
458	353
458	355
458	364
458	382
458	389
458	392
458	397
458	406
458	412
458	417
458	425
458	426
458	438
458	439
458	443
458	450
458	475
458	482
458	483
458	488
458	494
458	497
459	18
459	20
459	42
459	44
459	48
459	57
459	80
459	81
459	119
459	125
459	250
459	263
459	274
459	295
459	299
459	304
459	312
459	338
459	347
459	358
459	363
459	377
459	382
459	383
459	397
459	401
459	410
459	424
459	434
459	444
459	466
459	469
459	474
459	479
459	496
459	500
460	7
460	58
460	113
460	131
460	167
460	208
460	251
460	265
460	292
460	295
460	346
460	349
460	353
460	374
460	375
460	376
460	392
460	396
460	404
460	413
460	416
460	420
460	423
460	425
460	429
460	431
460	432
460	434
460	444
460	453
460	462
460	463
460	468
460	472
460	483
460	488
460	498
461	6
461	20
461	93
461	102
461	109
461	152
461	154
461	167
461	180
461	209
461	212
461	220
461	278
461	292
461	309
461	314
461	329
461	354
461	371
461	377
461	390
461	410
461	412
461	415
461	423
461	446
461	464
461	469
461	474
461	480
461	482
461	483
461	484
461	486
461	491
461	494
461	496
462	33
462	79
462	90
462	122
462	129
462	143
462	172
462	181
462	186
462	207
462	214
462	236
462	286
462	287
462	340
462	342
462	364
462	378
462	385
462	387
462	389
462	399
462	413
462	421
462	427
462	430
462	440
462	449
462	453
462	454
462	460
462	475
462	491
462	496
462	497
462	499
462	500
463	63
463	75
463	81
463	98
463	124
463	163
463	179
463	190
463	209
463	225
463	242
463	244
463	252
463	280
463	282
463	289
463	336
463	345
463	349
463	350
463	356
463	361
463	380
463	384
463	388
463	392
463	405
463	408
463	420
463	429
463	448
463	460
463	468
463	473
463	475
463	494
463	499
464	5
464	20
464	71
464	88
464	94
464	100
464	102
464	152
464	170
464	241
464	244
464	249
464	254
464	263
464	264
464	282
464	295
464	303
464	310
464	345
464	390
464	393
464	399
464	406
464	407
464	411
464	412
464	415
464	427
464	432
464	442
464	449
464	461
464	466
464	475
464	489
464	491
464	496
465	13
465	21
465	48
465	51
465	91
465	105
465	107
465	111
465	142
465	163
465	168
465	183
465	188
465	208
465	232
465	239
465	243
465	244
465	251
465	274
465	284
465	309
465	311
465	332
465	347
465	353
465	380
465	399
465	421
465	433
465	435
465	443
465	444
465	448
465	453
465	472
465	485
465	492
465	494
466	24
466	35
466	62
466	116
466	131
466	162
466	169
466	174
466	215
466	233
466	239
466	246
466	275
466	312
466	326
466	332
466	335
466	339
466	340
466	357
466	375
466	376
466	397
466	404
466	425
466	426
466	430
466	441
466	442
466	446
466	449
466	454
466	459
466	464
466	470
466	473
466	475
466	477
466	479
467	6
467	10
467	21
467	23
467	178
467	179
467	190
467	197
467	210
467	228
467	245
467	264
467	266
467	277
467	281
467	322
467	329
467	334
467	357
467	361
467	365
467	368
467	376
467	382
467	396
467	408
467	413
467	419
467	439
467	441
467	447
467	450
467	451
467	468
467	478
467	479
467	482
467	496
467	498
468	27
468	55
468	59
468	83
468	96
468	98
468	146
468	159
468	196
468	203
468	216
468	235
468	252
468	269
468	280
468	308
468	324
468	327
468	331
468	341
468	349
468	355
468	386
468	391
468	398
468	408
468	415
468	418
468	423
468	430
468	438
468	446
468	460
468	463
468	467
468	471
468	475
468	488
468	496
468	499
469	21
469	53
469	64
469	123
469	157
469	158
469	161
469	170
469	175
469	182
469	186
469	194
469	216
469	222
469	233
469	266
469	272
469	273
469	297
469	304
469	305
469	338
469	357
469	358
469	378
469	393
469	409
469	413
469	414
469	431
469	440
469	449
469	459
469	461
469	471
469	475
469	478
469	487
469	492
469	498
470	53
470	89
470	109
470	110
470	116
470	134
470	155
470	203
470	215
470	231
470	239
470	240
470	272
470	288
470	289
470	292
470	297
470	298
470	299
470	308
470	332
470	340
470	345
470	363
470	376
470	383
470	385
470	412
470	418
470	426
470	427
470	433
470	438
470	443
470	451
470	466
470	471
470	477
470	483
470	491
471	101
471	105
471	125
471	149
471	151
471	194
471	195
471	198
471	199
471	206
471	221
471	223
471	227
471	258
471	291
471	293
471	300
471	341
471	343
471	350
471	357
471	361
471	375
471	386
471	405
471	413
471	440
471	450
471	452
471	468
471	469
471	470
471	473
471	478
471	482
471	488
471	493
471	498
471	499
471	500
472	7
472	10
472	12
472	27
472	65
472	68
472	70
472	76
472	113
472	160
472	161
472	177
472	183
472	185
472	187
472	211
472	226
472	230
472	235
472	240
472	243
472	269
472	272
472	273
472	280
472	298
472	351
472	360
472	382
472	387
472	407
472	424
472	432
472	448
472	451
472	452
472	460
472	465
472	482
472	487
472	493
473	4
473	34
473	67
473	77
473	158
473	159
473	166
473	172
473	185
473	195
473	203
473	228
473	277
473	279
473	287
473	312
473	317
473	322
473	326
473	342
473	353
473	354
473	356
473	361
473	362
473	364
473	376
473	397
473	398
473	420
473	424
473	430
473	457
473	463
473	466
473	471
473	476
473	485
473	487
473	494
473	497
474	37
474	42
474	87
474	109
474	151
474	198
474	215
474	218
474	251
474	260
474	263
474	271
474	290
474	300
474	319
474	322
474	325
474	326
474	345
474	355
474	361
474	362
474	363
474	379
474	405
474	411
474	427
474	432
474	438
474	439
474	444
474	446
474	447
474	456
474	459
474	461
474	478
474	481
474	482
474	487
474	489
475	19
475	38
475	62
475	100
475	114
475	141
475	142
475	153
475	166
475	187
475	205
475	228
475	262
475	263
475	281
475	282
475	283
475	345
475	350
475	355
475	368
475	369
475	379
475	386
475	394
475	395
475	397
475	406
475	434
475	436
475	458
475	462
475	463
475	464
475	466
475	468
475	469
475	476
475	483
475	497
475	499
476	14
476	18
476	30
476	87
476	124
476	129
476	155
476	189
476	197
476	198
476	202
476	216
476	220
476	247
476	253
476	297
476	307
476	320
476	357
476	372
476	390
476	396
476	401
476	414
476	417
476	420
476	426
476	431
476	434
476	437
476	443
476	454
476	456
476	473
476	475
476	479
476	480
476	483
476	485
476	486
476	488
477	7
477	30
477	57
477	70
477	72
477	128
477	170
477	172
477	183
477	241
477	263
477	264
477	272
477	291
477	299
477	318
477	323
477	332
477	333
477	347
477	370
477	373
477	390
477	393
477	407
477	409
477	416
477	421
477	423
477	425
477	437
477	439
477	450
477	452
477	453
477	466
477	470
477	484
477	492
477	495
477	497
478	22
478	28
478	34
478	63
478	74
478	76
478	81
478	91
478	100
478	117
478	141
478	147
478	173
478	218
478	245
478	296
478	306
478	309
478	315
478	342
478	348
478	350
478	369
478	373
478	377
478	397
478	398
478	411
478	416
478	430
478	431
478	433
478	443
478	467
478	469
478	471
478	474
478	488
478	490
478	496
478	499
478	500
479	3
479	38
479	77
479	93
479	114
479	130
479	186
479	198
479	234
479	239
479	279
479	280
479	305
479	315
479	330
479	355
479	367
479	371
479	372
479	388
479	396
479	402
479	406
479	415
479	418
479	431
479	432
479	434
479	444
479	450
479	459
479	466
479	467
479	476
479	486
479	487
479	488
479	490
479	491
479	494
479	495
479	497
480	44
480	98
480	100
480	108
480	119
480	123
480	133
480	158
480	160
480	193
480	224
480	244
480	247
480	256
480	271
480	304
480	322
480	327
480	332
480	336
480	350
480	369
480	382
480	388
480	392
480	400
480	407
480	412
480	425
480	428
480	439
480	441
480	449
480	461
480	476
480	483
480	485
480	487
480	488
480	492
480	493
480	494
481	18
481	30
481	45
481	65
481	68
481	74
481	94
481	104
481	111
481	120
481	130
481	142
481	146
481	148
481	153
481	163
481	179
481	196
481	200
481	205
481	222
481	229
481	234
481	258
481	259
481	268
481	314
481	360
481	381
481	383
481	409
481	411
481	420
481	425
481	428
481	430
481	445
481	457
481	474
481	486
481	491
481	493
481	495
482	12
482	39
482	79
482	105
482	136
482	179
482	188
482	190
482	203
482	215
482	226
482	228
482	232
482	237
482	246
482	265
482	274
482	282
482	302
482	337
482	338
482	342
482	362
482	363
482	385
482	388
482	391
482	414
482	416
482	418
482	424
482	425
482	434
482	437
482	438
482	447
482	458
482	461
482	467
482	471
482	472
482	474
482	495
483	20
483	42
483	63
483	115
483	140
483	145
483	171
483	176
483	180
483	209
483	259
483	275
483	279
483	281
483	293
483	295
483	302
483	316
483	318
483	324
483	356
483	369
483	373
483	378
483	379
483	382
483	383
483	401
483	412
483	416
483	420
483	421
483	422
483	450
483	455
483	458
483	460
483	461
483	470
483	475
483	476
483	480
483	486
483	494
483	500
484	16
484	34
484	43
484	76
484	94
484	111
484	115
484	124
484	133
484	143
484	165
484	167
484	191
484	194
484	196
484	198
484	218
484	246
484	248
484	252
484	257
484	273
484	285
484	302
484	309
484	330
484	334
484	353
484	378
484	380
484	384
484	390
484	401
484	414
484	420
484	432
484	433
484	440
484	449
484	457
484	461
484	477
484	487
484	491
484	497
485	18
485	48
485	85
485	96
485	107
485	118
485	124
485	162
485	175
485	184
485	199
485	204
485	206
485	219
485	235
485	237
485	259
485	262
485	270
485	271
485	272
485	280
485	287
485	313
485	326
485	334
485	342
485	347
485	351
485	400
485	416
485	419
485	423
485	428
485	451
485	453
485	454
485	456
485	465
485	473
485	476
485	480
485	497
485	498
485	499
486	4
486	10
486	42
486	72
486	78
486	93
486	163
486	191
486	193
486	205
486	210
486	222
486	238
486	260
486	276
486	279
486	281
486	283
486	289
486	297
486	306
486	307
486	310
486	311
486	321
486	323
486	324
486	326
486	328
486	337
486	360
486	370
486	372
486	381
486	415
486	416
486	422
486	457
486	461
486	476
486	479
486	481
486	483
486	493
486	497
487	34
487	37
487	45
487	54
487	91
487	139
487	147
487	173
487	201
487	202
487	205
487	207
487	209
487	225
487	245
487	247
487	249
487	253
487	265
487	281
487	286
487	309
487	320
487	330
487	346
487	363
487	384
487	390
487	394
487	407
487	408
487	425
487	432
487	450
487	453
487	455
487	457
487	469
487	472
487	473
487	474
487	479
487	480
487	484
487	489
487	498
488	24
488	51
488	70
488	77
488	92
488	97
488	118
488	127
488	140
488	168
488	177
488	201
488	217
488	226
488	237
488	261
488	266
488	280
488	283
488	290
488	295
488	317
488	324
488	326
488	341
488	349
488	358
488	434
488	435
488	439
488	440
488	441
488	443
488	445
488	453
488	454
488	458
488	460
488	468
488	471
488	476
488	478
488	479
488	480
488	491
488	499
489	10
489	29
489	97
489	136
489	142
489	146
489	153
489	162
489	163
489	166
489	174
489	211
489	218
489	221
489	222
489	224
489	239
489	242
489	249
489	256
489	262
489	263
489	315
489	321
489	329
489	347
489	366
489	370
489	374
489	386
489	394
489	396
489	400
489	407
489	409
489	421
489	464
489	474
489	487
489	490
489	491
489	493
489	495
489	496
489	498
489	499
490	15
490	24
490	71
490	81
490	175
490	177
490	187
490	189
490	193
490	211
490	215
490	216
490	219
490	234
490	255
490	275
490	300
490	317
490	319
490	322
490	325
490	326
490	328
490	342
490	350
490	355
490	357
490	386
490	408
490	409
490	410
490	412
490	414
490	422
490	425
490	427
490	429
490	430
490	431
490	442
490	450
490	456
490	478
490	479
490	489
490	492
490	498
491	14
491	52
491	75
491	76
491	132
491	149
491	159
491	183
491	190
491	201
491	215
491	219
491	255
491	257
491	268
491	301
491	316
491	344
491	354
491	355
491	356
491	361
491	374
491	381
491	387
491	392
491	397
491	399
491	407
491	418
491	421
491	427
491	440
491	449
491	451
491	454
491	461
491	462
491	464
491	470
491	479
491	481
491	484
491	488
491	489
491	493
491	495
492	28
492	40
492	47
492	55
492	92
492	117
492	132
492	144
492	180
492	186
492	202
492	232
492	235
492	241
492	273
492	281
492	294
492	300
492	311
492	330
492	331
492	334
492	339
492	343
492	364
492	379
492	386
492	392
492	398
492	400
492	406
492	413
492	422
492	425
492	429
492	431
492	444
492	450
492	451
492	454
492	465
492	469
492	477
492	480
492	490
492	493
492	494
493	12
493	27
493	35
493	53
493	61
493	75
493	78
493	86
493	93
493	99
493	158
493	173
493	188
493	225
493	263
493	266
493	274
493	301
493	304
493	309
493	324
493	330
493	337
493	339
493	346
493	381
493	395
493	397
493	405
493	408
493	418
493	420
493	423
493	428
493	429
493	432
493	453
493	456
493	471
493	472
493	480
493	481
493	486
493	489
493	491
493	492
493	498
493	500
494	3
494	112
494	117
494	120
494	138
494	140
494	160
494	163
494	165
494	169
494	184
494	188
494	209
494	212
494	219
494	223
494	236
494	261
494	290
494	299
494	305
494	315
494	352
494	373
494	382
494	401
494	412
494	418
494	426
494	438
494	439
494	440
494	444
494	447
494	451
494	452
494	456
494	458
494	461
494	463
494	465
494	473
494	479
494	480
494	483
494	492
494	495
494	498
495	37
495	75
495	81
495	90
495	106
495	130
495	138
495	141
495	163
495	176
495	195
495	204
495	216
495	217
495	227
495	242
495	251
495	254
495	256
495	258
495	268
495	281
495	284
495	285
495	300
495	324
495	334
495	346
495	349
495	350
495	365
495	370
495	381
495	403
495	407
495	409
495	413
495	453
495	477
495	479
495	481
495	482
495	489
495	491
495	494
495	496
495	497
495	498
496	12
496	39
496	43
496	88
496	99
496	102
496	119
496	148
496	177
496	191
496	192
496	195
496	201
496	202
496	204
496	226
496	230
496	231
496	237
496	286
496	288
496	290
496	292
496	301
496	302
496	304
496	335
496	339
496	391
496	392
496	393
496	397
496	400
496	404
496	420
496	425
496	436
496	446
496	459
496	461
496	462
496	464
496	467
496	468
496	478
496	489
496	495
496	499
496	500
497	1
497	48
497	51
497	63
497	109
497	128
497	142
497	153
497	170
497	183
497	208
497	233
497	239
497	255
497	262
497	265
497	270
497	283
497	308
497	318
497	346
497	356
497	358
497	365
497	377
497	387
497	404
497	416
497	418
497	426
497	427
497	434
497	440
497	441
497	447
497	450
497	451
497	454
497	458
497	462
497	473
497	475
497	477
497	479
497	484
497	485
497	486
497	495
497	500
498	18
498	64
498	73
498	99
498	115
498	116
498	129
498	133
498	136
498	147
498	152
498	153
498	155
498	187
498	195
498	233
498	258
498	286
498	293
498	313
498	314
498	332
498	347
498	349
498	373
498	385
498	389
498	395
498	399
498	406
498	423
498	428
498	434
498	436
498	455
498	456
498	457
498	460
498	467
498	469
498	471
498	485
498	487
498	489
498	490
498	493
498	494
498	495
498	499
499	16
499	21
499	73
499	91
499	138
499	146
499	154
499	197
499	200
499	208
499	225
499	238
499	258
499	264
499	284
499	292
499	302
499	311
499	317
499	325
499	328
499	343
499	369
499	371
499	373
499	374
499	391
499	396
499	400
499	410
499	416
499	427
499	430
499	432
499	433
499	437
499	442
499	445
499	455
499	462
499	463
499	468
499	471
499	475
499	478
499	485
499	488
499	489
499	496
499	498
500	19
500	49
500	55
500	87
500	97
500	103
500	147
500	156
500	169
500	179
500	183
500	185
500	222
500	231
500	245
500	247
500	263
500	273
500	302
500	305
500	313
500	318
500	329
500	333
500	350
500	351
500	354
500	367
500	372
500	380
500	384
500	403
500	409
500	412
500	420
500	433
500	435
500	437
500	438
500	444
500	453
500	454
500	459
500	462
500	471
500	478
500	483
500	493
500	496
500	497
