1	22
1	94
1	126
1	135
1	141
1	193
1	199
1	208
1	216
1	249
1	253
1	276
1	278
1	287
1	288
1	291
1	297
2	80
2	88
2	108
2	112
2	141
2	152
2	154
2	172
2	192
2	193
2	200
2	240
2	258
2	280
2	283
2	293
2	299
3	21
3	27
3	55
3	58
3	98
3	118
3	143
3	146
3	167
3	179
3	231
3	232
3	250
3	252
3	261
3	283
3	290
4	26
4	29
4	34
4	93
4	120
4	124
4	126
4	161
4	192
4	194
4	204
4	209
4	224
4	250
4	261
4	285
4	299
5	15
5	33
5	76
5	81
5	95
5	123
5	140
5	149
5	163
5	173
5	207
5	217
5	230
5	282
5	285
5	286
5	297
6	30
6	85
6	97
6	105
6	107
6	164
6	171
6	182
6	188
6	206
6	215
6	221
6	238
6	251
6	259
6	269
6	300
7	66
7	85
7	108
7	120
7	127
7	133
7	163
7	202
7	214
7	225
7	241
7	244
7	256
7	275
7	279
7	298
7	300
8	12
8	44
8	63
8	68
8	104
8	105
8	139
8	142
8	152
8	167
8	180
8	192
8	205
8	223
8	267
8	268
8	299
9	69
9	72
9	73
9	128
9	157
9	162
9	171
9	178
9	202
9	203
9	213
9	236
9	252
9	266
9	280
9	285
9	298
10	51
10	56
10	70
10	145
10	151
10	168
10	189
10	206
10	217
10	246
10	250
10	252
10	254
10	260
10	270
10	272
10	291
11	34
11	51
11	69
11	92
11	101
11	108
11	122
11	142
11	174
11	181
11	188
11	228
11	235
11	247
11	264
11	284
11	299
12	8
12	13
12	17
12	45
12	96
12	100
12	101
12	106
12	144
12	158
12	168
12	257
12	260
12	277
12	291
12	292
12	295
13	12
13	50
13	117
13	130
13	131
13	144
13	145
13	184
13	199
13	239
13	250
13	268
13	269
13	276
13	280
13	295
13	300
14	17
14	22
14	107
14	114
14	135
14	157
14	170
14	179
14	211
14	243
14	248
14	250
14	255
14	256
14	260
14	272
14	300
15	5
15	27
15	47
15	78
15	93
15	136
15	137
15	150
15	195
15	207
15	224
15	266
15	282
15	283
15	285
15	286
15	298
16	24
16	26
16	40
16	47
16	53
16	66
16	99
16	149
16	151
16	163
16	194
16	238
16	242
16	243
16	251
16	280
16	298
17	12
17	14
17	64
17	67
17	82
17	106
17	154
17	162
17	187
17	232
17	245
17	256
17	261
17	262
17	263
17	272
17	283
18	30
18	36
18	44
18	68
18	120
18	122
18	194
18	211
18	212
18	226
18	235
18	248
18	250
18	252
18	273
18	279
18	297
19	37
19	60
19	72
19	94
19	102
19	120
19	137
19	153
19	189
19	192
19	209
19	233
19	249
19	287
19	288
19	291
19	292
20	51
20	65
20	83
20	113
20	162
20	176
20	181
20	189
20	201
20	216
20	219
20	225
20	249
20	254
20	264
20	275
20	278
21	3
21	37
21	59
21	73
21	98
21	125
21	170
21	188
21	211
21	217
21	230
21	232
21	240
21	274
21	285
21	286
21	294
22	1
22	14
22	29
22	49
22	141
22	174
22	193
22	203
22	209
22	213
22	232
22	245
22	258
22	267
22	283
22	299
22	300
23	34
23	49
23	56
23	61
23	102
23	145
23	201
23	202
23	233
23	253
23	260
23	276
23	277
23	278
23	287
23	288
23	291
24	16
24	59
24	99
24	149
24	155
24	160
24	165
24	169
24	171
24	178
24	237
24	240
24	242
24	266
24	276
24	277
24	285
25	30
25	34
25	35
25	68
25	108
25	110
25	125
25	132
25	164
25	200
25	215
25	220
25	221
25	238
25	256
25	259
25	268
26	4
26	16
26	64
26	96
26	99
26	104
26	124
26	155
26	165
26	183
26	197
26	203
26	208
26	266
26	277
26	297
26	298
27	3
27	15
27	39
27	58
27	65
27	132
27	167
27	172
27	176
27	192
27	193
27	194
27	196
27	218
27	230
27	267
27	275
28	58
28	160
28	164
28	173
28	182
28	202
28	212
28	215
28	221
28	222
28	238
28	244
28	245
28	251
28	252
28	259
28	290
29	4
29	22
29	49
29	94
29	129
29	152
29	158
29	172
29	180
29	194
29	233
29	239
29	262
29	268
29	275
29	276
29	295
30	6
30	18
30	25
30	35
30	92
30	136
30	164
30	171
30	182
30	191
30	206
30	221
30	229
30	251
30	257
30	259
30	284
31	32
31	35
31	41
31	48
31	52
31	63
31	72
31	74
31	101
31	155
31	188
31	242
31	248
31	251
31	259
31	273
31	298
32	31
32	34
32	39
32	46
32	48
32	75
32	79
32	84
32	105
32	114
32	174
32	186
32	203
32	206
32	254
32	266
32	279
33	5
33	59
33	71
33	109
33	119
33	125
33	136
33	138
33	144
33	149
33	163
33	195
33	207
33	234
33	249
33	265
33	274
34	4
34	11
34	23
34	25
34	32
34	35
34	65
34	116
34	152
34	160
34	182
34	215
34	221
34	259
34	279
34	288
34	296
35	25
35	30
35	31
35	34
35	56
35	85
35	109
35	116
35	160
35	171
35	204
35	238
35	259
35	273
35	278
35	287
35	289
36	18
36	65
36	99
36	104
36	139
36	141
36	144
36	176
36	199
36	208
36	225
36	231
36	250
36	266
36	270
36	276
36	289
36	295
37	19
37	21
37	76
37	112
37	119
37	134
37	140
37	147
37	157
37	180
37	232
37	239
37	243
37	272
37	274
37	281
37	285
37	286
38	68
38	89
38	92
38	138
38	181
38	185
38	205
38	222
38	226
38	229
38	233
38	260
38	265
38	274
38	281
38	284
38	294
38	297
39	27
39	32
39	51
39	61
39	65
39	135
39	139
39	152
39	171
39	225
39	232
39	240
39	243
39	244
39	251
39	270
39	273
39	283
40	16
40	66
40	70
40	96
40	123
40	143
40	158
40	208
40	220
40	226
40	227
40	228
40	264
40	268
40	281
40	284
40	294
40	297
41	31
41	47
41	52
41	72
41	89
41	90
41	105
41	156
41	169
41	186
41	213
41	231
41	232
41	251
41	258
41	269
41	271
41	287
42	53
42	79
42	100
42	130
42	131
42	133
42	141
42	144
42	151
42	171
42	185
42	189
42	203
42	208
42	222
42	259
42	276
42	295
43	99
43	103
43	113
43	128
43	134
43	169
43	174
43	179
43	181
43	216
43	219
43	236
43	247
43	264
43	275
43	279
43	280
43	289
44	8
44	18
44	58
44	62
44	68
44	107
44	117
44	130
44	156
44	163
44	195
44	220
44	221
44	233
44	255
44	278
44	279
44	289
45	12
45	50
45	51
45	83
45	85
45	86
45	101
45	119
45	142
45	201
45	216
45	225
45	236
45	255
45	264
45	275
45	276
45	278
46	32
46	54
46	131
46	139
46	141
46	176
46	180
46	192
46	193
46	204
46	222
46	247
46	255
46	267
46	271
46	272
46	280
46	296
47	15
47	16
47	41
47	57
47	148
47	164
47	166
47	186
47	206
47	233
47	249
47	251
47	253
47	277
47	278
47	288
47	290
47	291
48	31
48	32
48	61
48	75
48	109
48	114
48	149
48	153
48	156
48	165
48	169
48	170
48	196
48	242
48	258
48	263
48	268
48	273
49	22
49	23
49	29
49	63
49	90
49	133
49	135
49	139
49	147
49	166
49	172
49	176
49	194
49	205
49	233
49	270
49	283
49	296
50	13
50	45
50	97
50	127
50	129
50	133
50	150
50	190
50	195
50	201
50	203
50	241
50	255
50	256
50	262
50	281
50	289
50	296
51	10
51	11
51	20
51	39
51	45
51	68
51	113
51	142
51	181
51	201
51	216
51	218
51	228
51	262
51	272
51	275
51	277
51	286
52	31
52	41
52	68
52	90
52	126
52	155
52	157
52	159
52	167
52	169
52	189
52	214
52	217
52	223
52	237
52	257
52	280
52	298
53	16
53	42
53	56
53	61
53	63
53	99
53	105
53	117
53	123
53	155
53	163
53	173
53	214
53	247
53	251
53	265
53	290
53	297
54	46
54	61
54	79
54	91
54	108
54	115
54	118
54	124
54	168
54	176
54	180
54	186
54	204
54	224
54	240
54	241
54	268
54	283
55	3
55	115
55	118
55	122
55	131
55	146
55	147
55	148
55	185
55	230
55	242
55	243
55	245
55	261
55	262
55	284
55	294
55	297
56	10
56	23
56	35
56	53
56	82
56	95
56	174
56	184
56	191
56	212
56	228
56	248
56	256
56	259
56	279
56	289
56	295
56	297
57	47
57	73
57	80
57	106
57	118
57	151
57	155
57	172
57	190
57	222
57	223
57	224
57	226
57	252
57	257
57	263
57	271
57	294
58	3
58	27
58	28
58	44
58	108
58	116
58	160
58	164
58	171
58	182
58	184
58	215
58	221
58	234
58	238
58	244
58	259
58	281
58	282
59	21
59	24
59	33
59	65
59	93
59	120
59	150
59	159
59	187
59	207
59	236
59	243
59	265
59	274
59	278
59	282
59	284
59	285
59	293
60	19
60	62
60	71
60	85
60	95
60	96
60	114
60	175
60	211
60	233
60	242
60	243
60	249
60	253
60	277
60	278
60	287
60	288
60	291
61	23
61	39
61	48
61	53
61	54
61	69
61	77
61	88
61	94
61	135
61	137
61	139
61	192
61	194
61	204
61	210
61	247
61	259
61	268
62	44
62	60
62	70
62	79
62	101
62	102
62	144
62	174
62	188
62	201
62	216
62	219
62	236
62	247
62	256
62	257
62	264
62	275
62	289
63	8
63	31
63	49
63	53
63	74
63	93
63	98
63	120
63	126
63	129
63	163
63	182
63	198
63	220
63	227
63	237
63	240
63	241
63	296
64	17
64	26
64	93
64	97
64	122
64	128
64	136
64	161
64	183
64	189
64	190
64	223
64	245
64	252
64	262
64	271
64	272
64	291
64	299
65	20
65	27
65	34
65	36
65	39
65	59
65	78
65	94
65	139
65	167
65	172
65	190
65	204
65	205
65	215
65	245
65	258
65	261
65	293
66	7
66	16
66	40
66	84
66	88
66	95
66	98
66	111
66	130
66	137
66	199
66	228
66	248
66	250
66	256
66	266
66	295
66	296
66	299
67	17
67	103
67	129
67	139
67	146
67	168
67	172
67	200
67	210
67	223
67	228
67	230
67	232
67	245
67	251
67	255
67	261
67	263
67	290
68	8
68	18
68	25
68	38
68	44
68	51
68	52
68	89
68	92
68	103
68	161
68	206
68	208
68	227
68	233
68	281
68	284
68	294
68	297
69	9
69	11
69	61
69	111
69	119
69	136
69	137
69	147
69	150
69	153
69	170
69	175
69	200
69	223
69	243
69	266
69	277
69	282
69	285
70	10
70	40
70	62
70	80
70	118
70	143
70	156
70	162
70	175
70	206
70	222
70	226
70	232
70	281
70	284
70	293
70	294
70	297
70	298
71	33
71	60
71	115
71	138
71	158
71	173
71	183
71	195
71	202
71	213
71	218
71	224
71	243
71	274
71	282
71	285
71	286
71	291
71	294
72	9
72	19
72	31
72	41
72	75
72	90
72	107
72	155
72	157
72	186
72	196
72	210
72	214
72	219
72	229
72	254
72	266
72	272
72	274
73	9
73	21
73	57
73	89
73	100
73	111
73	129
73	141
73	145
73	168
73	182
73	183
73	189
73	200
73	225
73	234
73	257
73	270
73	281
74	31
74	63
74	124
74	126
74	134
74	138
74	141
74	166
74	167
74	175
74	188
74	197
74	247
74	249
74	277
74	278
74	287
74	288
74	291
75	32
75	48
75	72
75	85
75	104
75	116
75	124
75	136
75	142
75	160
75	171
75	182
75	215
75	221
75	231
75	238
75	239
75	259
75	275
76	5
76	37
76	109
76	111
76	115
76	116
76	137
76	170
76	190
76	202
76	203
76	217
76	227
76	253
76	258
76	271
76	282
76	289
76	298
77	61
77	79
77	87
77	130
77	147
77	161
77	172
77	213
77	228
77	235
77	237
77	264
77	268
77	273
77	287
77	289
77	290
77	296
77	300
78	15
78	65
78	108
78	123
78	161
78	206
78	209
78	217
78	226
78	227
78	229
78	237
78	240
78	263
78	281
78	284
78	294
78	297
78	298
79	32
79	42
79	54
79	62
79	77
79	91
79	104
79	107
79	113
79	117
79	124
79	132
79	155
79	197
79	251
79	258
79	265
79	266
79	300
80	2
80	57
80	70
80	97
80	109
80	126
80	147
80	148
80	152
80	174
80	185
80	210
80	222
80	230
80	245
80	261
80	271
80	278
80	290
81	5
81	131
81	145
81	148
81	165
81	195
81	218
81	236
81	244
81	254
81	260
81	262
81	263
81	271
81	276
81	292
81	294
81	295
81	297
82	17
82	56
82	99
82	101
82	106
82	115
82	148
82	153
82	166
82	173
82	175
82	189
82	201
82	235
82	253
82	277
82	278
82	287
82	288
82	291
83	20
83	45
83	101
83	134
83	143
83	174
83	188
83	212
83	216
83	220
83	235
83	236
83	244
83	253
83	261
83	264
83	271
83	275
83	284
83	293
84	32
84	66
84	97
84	122
84	123
84	124
84	127
84	128
84	142
84	165
84	168
84	182
84	196
84	205
84	242
84	251
84	258
84	260
84	264
84	280
85	6
85	7
85	35
85	45
85	60
85	75
85	116
85	164
85	166
85	170
85	171
85	182
85	187
85	199
85	200
85	215
85	238
85	256
85	259
85	288
86	45
86	106
86	115
86	119
86	136
86	137
86	139
86	151
86	173
86	180
86	181
86	209
86	217
86	220
86	232
86	240
86	243
86	282
86	285
86	286
87	77
87	121
87	127
87	134
87	151
87	160
87	184
87	195
87	201
87	205
87	221
87	241
87	248
87	255
87	256
87	279
87	280
87	283
87	291
87	300
88	2
88	61
88	66
88	114
88	130
88	159
88	163
88	166
88	195
88	209
88	211
88	235
88	250
88	265
88	269
88	272
88	281
88	291
88	296
88	300
89	38
89	41
89	68
89	73
89	103
89	120
89	128
89	129
89	162
89	190
89	197
89	198
89	227
89	229
89	260
89	277
89	281
89	284
89	294
89	297
90	41
90	49
90	52
90	72
90	99
90	121
90	123
90	131
90	150
90	170
90	178
90	197
90	234
90	249
90	251
90	252
90	258
90	263
90	266
90	295
91	54
91	79
91	106
91	114
91	146
91	158
91	179
91	186
91	188
91	190
91	192
91	210
91	222
91	230
91	252
91	255
91	262
91	263
91	268
91	299
92	11
92	30
92	38
92	68
92	105
92	107
92	156
92	162
92	186
92	224
92	226
92	228
92	229
92	281
92	284
92	285
92	287
92	289
92	294
92	297
93	4
93	15
93	59
93	63
93	64
93	98
93	120
93	133
93	142
93	184
93	198
93	204
93	206
93	210
93	226
93	228
93	248
93	261
93	272
93	300
94	1
94	19
94	29
94	61
94	65
94	134
94	140
94	150
94	192
94	193
94	215
94	225
94	238
94	242
94	243
94	250
94	252
94	267
94	283
94	293
95	5
95	56
95	60
95	66
95	127
95	157
95	171
95	201
95	202
95	210
95	212
95	217
95	228
95	237
95	242
95	255
95	256
95	273
95	288
95	289
96	12
96	26
96	40
96	60
96	103
96	104
96	108
96	160
96	206
96	226
96	227
96	229
96	239
96	241
96	264
96	268
96	281
96	293
96	294
96	297
97	6
97	50
97	64
97	80
97	84
97	121
97	127
97	146
97	173
97	179
97	218
97	223
97	232
97	245
97	262
97	265
97	271
97	273
97	290
97	291
97	298
98	3
98	21
98	63
98	66
98	93
98	109
98	120
98	128
98	129
98	133
98	142
98	149
98	153
98	191
98	198
98	209
98	237
98	243
98	262
98	270
98	296
99	16
99	24
99	26
99	36
99	43
99	53
99	82
99	90
99	117
99	164
99	165
99	167
99	194
99	196
99	214
99	229
99	232
99	242
99	261
99	266
99	292
100	12
100	42
100	73
100	110
100	113
100	132
100	172
100	181
100	183
100	188
100	201
100	202
100	208
100	231
100	236
100	246
100	248
100	260
100	269
100	292
100	294
101	11
101	12
101	31
101	45
101	62
101	82
101	83
101	110
101	125
101	133
101	134
101	148
101	168
101	174
101	188
101	219
101	236
101	264
101	272
101	275
101	300
102	19
102	23
102	62
102	116
102	128
102	139
102	148
102	152
102	153
102	157
102	170
102	181
102	185
102	191
102	192
102	233
102	277
102	278
102	287
102	288
102	291
103	43
103	67
103	68
103	89
103	96
103	108
103	151
103	156
103	204
103	217
103	221
103	226
103	229
103	260
103	261
103	272
103	283
103	284
103	286
103	294
103	297
104	8
104	26
104	36
104	75
104	79
104	96
104	113
104	124
104	140
104	141
104	151
104	177
104	189
104	197
104	218
104	231
104	244
104	257
104	273
104	276
104	289
105	6
105	8
105	32
105	41
105	53
105	92
105	108
105	110
105	128
105	156
105	161
105	169
105	186
105	214
105	237
105	254
105	280
105	281
105	282
105	290
105	298
106	12
106	17
106	57
106	82
106	86
106	91
106	140
106	146
106	149
106	150
106	155
106	179
106	185
106	191
106	200
106	210
106	223
106	230
106	262
106	263
106	265
107	6
107	14
107	44
107	72
107	79
107	92
107	115
107	120
107	159
107	179
107	191
107	198
107	211
107	212
107	229
107	235
107	250
107	265
107	273
107	279
107	292
108	2
108	7
108	11
108	25
108	54
108	58
108	78
108	96
108	103
108	105
108	130
108	143
108	156
108	198
108	205
108	206
108	240
108	281
108	284
108	294
108	297
109	33
109	35
109	48
109	76
109	80
109	98
109	123
109	130
109	140
109	157
109	184
109	191
109	196
109	241
109	250
109	255
109	256
109	257
109	272
109	296
109	300
110	25
110	100
110	101
110	105
110	123
110	155
110	168
110	172
110	178
110	195
110	197
110	214
110	245
110	251
110	265
110	266
110	267
110	268
110	280
110	293
110	298
111	66
111	69
111	73
111	76
111	138
111	145
111	150
111	171
111	173
111	186
111	187
111	190
111	199
111	229
111	243
111	264
111	274
111	279
111	282
111	285
111	296
112	2
112	37
112	144
112	152
112	165
112	177
112	200
112	216
112	221
112	234
112	246
112	251
112	254
112	257
112	260
112	263
112	269
112	276
112	278
112	291
112	295
113	20
113	43
113	51
113	79
113	100
113	104
113	134
113	137
113	138
113	142
113	150
113	188
113	201
113	216
113	219
113	236
113	248
113	261
113	275
113	277
113	289
114	14
114	32
114	48
114	60
114	88
114	91
114	115
114	117
114	157
114	169
114	185
114	196
114	197
114	203
114	214
114	219
114	234
114	248
114	265
114	280
114	282
115	54
115	55
115	71
115	76
115	82
115	86
115	107
115	114
115	137
115	138
115	159
115	167
115	170
115	181
115	195
115	207
115	239
115	241
115	276
115	282
115	285
116	34
116	35
116	58
116	75
116	76
116	85
116	102
116	136
116	152
116	154
116	160
116	171
116	179
116	186
116	221
116	238
116	259
116	266
116	270
116	277
116	296
117	13
117	44
117	53
117	79
117	99
117	114
117	123
117	124
117	132
117	155
117	165
117	192
117	230
117	236
117	252
117	274
117	279
117	280
117	287
117	296
117	298
118	3
118	54
118	55
118	57
118	70
118	139
118	174
118	185
118	195
118	213
118	219
118	222
118	232
118	252
118	256
118	261
118	262
118	269
118	271
118	278
118	290
119	33
119	37
119	45
119	69
119	86
119	126
119	129
119	137
119	159
119	173
119	196
119	217
119	230
119	234
119	237
119	239
119	243
119	244
119	251
119	275
119	285
119	286
120	4
120	7
120	18
120	19
120	59
120	63
120	89
120	93
120	98
120	107
120	127
120	128
120	131
120	203
120	207
120	220
120	225
120	226
120	227
120	237
120	272
120	279
121	87
121	90
121	97
121	128
121	154
121	162
121	170
121	180
121	193
121	194
121	209
121	219
121	224
121	225
121	240
121	247
121	267
121	270
121	275
121	289
121	297
121	299
122	11
122	18
122	55
122	64
122	84
122	154
122	179
122	185
122	190
122	208
122	223
122	224
122	230
122	232
122	242
122	245
122	262
122	264
122	265
122	267
122	271
122	297
123	5
123	40
123	53
123	78
123	84
123	90
123	109
123	110
123	117
123	157
123	186
123	221
123	222
123	237
123	248
123	258
123	265
123	266
123	270
123	290
123	294
123	298
124	4
124	26
124	54
124	74
124	75
124	79
124	84
124	104
124	117
124	127
124	128
124	178
124	198
124	203
124	207
124	235
124	258
124	265
124	266
124	283
124	287
124	298
125	21
125	25
125	33
125	101
125	136
125	138
125	147
125	159
125	171
125	177
125	187
125	192
125	199
125	207
125	211
125	215
125	247
125	253
125	258
125	274
125	285
125	286
126	1
126	4
126	52
126	63
126	74
126	80
126	119
126	145
126	175
126	196
126	225
126	233
126	249
126	253
126	258
126	277
126	278
126	281
126	287
126	288
126	291
126	294
127	7
127	50
127	84
127	87
127	95
127	97
127	120
127	124
127	136
127	207
127	214
127	224
127	228
127	231
127	235
127	248
127	250
127	258
127	262
127	272
127	280
127	296
128	9
128	43
128	64
128	84
128	89
128	98
128	102
128	105
128	120
128	121
128	124
128	157
128	165
128	197
128	215
128	237
128	251
128	265
128	266
128	267
128	288
128	298
129	29
129	50
129	63
129	67
129	73
129	89
129	98
129	119
129	133
129	146
129	170
129	191
129	216
129	235
129	237
129	246
129	247
129	250
129	265
129	272
129	296
129	300
130	13
130	42
130	44
130	66
130	77
130	88
130	108
130	109
130	147
130	159
130	165
130	177
130	178
130	195
130	198
130	241
130	243
130	250
130	255
130	282
130	292
130	300
131	13
131	42
131	46
131	55
131	81
131	90
131	120
131	141
131	145
131	166
131	177
131	178
131	183
131	185
131	201
131	218
131	235
131	244
131	254
131	267
131	292
131	300
132	25
132	27
132	79
132	100
132	117
132	135
132	145
132	183
132	189
132	199
132	202
132	213
132	231
132	246
132	248
132	254
132	257
132	258
132	260
132	268
132	282
132	295
133	7
133	42
133	49
133	50
133	93
133	98
133	101
133	129
133	158
133	168
133	184
133	193
133	195
133	198
133	212
133	222
133	245
133	248
133	256
133	262
133	271
133	292
133	293
134	37
134	43
134	74
134	83
134	87
134	94
134	101
134	113
134	138
134	158
134	174
134	181
134	184
134	188
134	191
134	201
134	205
134	213
134	219
134	236
134	257
134	264
134	275
135	1
135	14
135	39
135	49
135	61
135	132
135	175
135	176
135	180
135	192
135	198
135	204
135	223
135	235
135	247
135	254
135	256
135	260
135	268
135	282
135	286
135	293
135	299
136	15
136	30
136	33
136	64
136	69
136	75
136	86
136	116
136	125
136	127
136	138
136	143
136	164
136	170
136	173
136	202
136	211
136	224
136	231
136	239
136	272
136	274
136	286
137	15
137	19
137	61
137	66
137	69
137	76
137	86
137	113
137	115
137	119
137	138
137	147
137	173
137	180
137	185
137	202
137	205
137	241
137	262
137	276
137	282
137	286
137	290
138	33
138	38
138	71
138	74
138	111
138	113
138	115
138	125
138	134
138	136
138	137
138	207
138	218
138	239
138	243
138	245
138	250
138	271
138	274
138	282
138	288
138	296
138	298
139	8
139	36
139	39
139	46
139	49
139	61
139	65
139	67
139	86
139	102
139	118
139	152
139	158
139	163
139	178
139	191
139	247
139	248
139	263
139	267
139	271
139	283
139	293
140	5
140	37
140	94
140	104
140	106
140	109
140	143
140	154
140	167
140	178
140	179
140	193
140	205
140	213
140	222
140	224
140	225
140	240
140	266
140	267
140	286
140	297
140	299
141	1
141	2
141	22
141	36
141	42
141	46
141	73
141	74
141	104
141	131
141	177
141	183
141	189
141	196
141	204
141	211
141	230
141	244
141	260
141	272
141	279
141	289
141	292
142	8
142	11
142	45
142	51
142	75
142	84
142	93
142	98
142	113
142	174
142	181
142	201
142	207
142	216
142	219
142	230
142	236
142	251
142	257
142	259
142	264
142	275
142	276
143	3
143	40
143	70
143	83
143	108
143	136
143	140
143	149
143	156
143	162
143	166
143	201
143	206
143	227
143	229
143	241
143	254
143	266
143	281
143	284
143	294
143	295
143	297
144	12
144	13
144	33
144	36
144	42
144	62
144	112
144	167
144	174
144	213
144	234
144	237
144	238
144	239
144	241
144	244
144	254
144	257
144	263
144	275
144	276
144	280
144	292
145	10
145	13
145	23
145	73
145	81
145	111
145	126
145	131
145	132
145	164
145	177
145	198
145	204
145	206
145	207
145	230
145	244
145	246
145	260
145	269
145	291
145	297
145	299
146	3
146	55
146	67
146	91
146	97
146	106
146	129
146	158
146	178
146	198
146	210
146	232
146	235
146	252
146	261
146	262
146	263
146	268
146	272
146	273
146	276
146	286
146	288
147	37
147	49
147	55
147	69
147	77
147	80
147	125
147	130
147	137
147	150
147	170
147	176
147	186
147	187
147	207
147	213
147	223
147	236
147	238
147	239
147	279
147	285
147	286
148	47
148	55
148	80
148	81
148	82
148	101
148	102
148	167
148	175
148	176
148	189
148	193
148	217
148	225
148	249
148	253
148	277
148	278
148	287
148	288
148	291
148	292
148	296
149	5
149	16
149	24
149	33
149	48
149	98
149	106
149	143
149	157
149	168
149	176
149	178
149	186
149	197
149	203
149	205
149	211
149	233
149	242
149	243
149	251
149	280
149	283
149	298
150	15
150	50
150	59
150	69
150	90
150	94
150	106
150	111
150	113
150	147
150	159
150	170
150	173
150	187
150	194
150	198
150	207
150	226
150	243
150	246
150	257
150	268
150	274
150	279
151	10
151	16
151	42
151	57
151	86
151	87
151	103
151	104
151	168
151	201
151	204
151	218
151	226
151	231
151	238
151	244
151	254
151	257
151	270
151	274
151	277
151	292
151	295
151	297
152	2
152	8
152	29
152	34
152	39
152	80
152	102
152	112
152	116
152	139
152	168
152	180
152	184
152	193
152	197
152	204
152	213
152	225
152	255
152	259
152	268
152	293
152	295
152	298
153	19
153	48
153	69
153	82
153	98
153	102
153	166
153	173
153	183
153	219
153	221
153	231
153	233
153	248
153	249
153	253
153	254
153	267
153	272
153	277
153	278
153	287
153	288
153	291
154	2
154	17
154	116
154	121
154	122
154	140
154	161
154	167
154	173
154	195
154	197
154	198
154	209
154	215
154	224
154	225
154	247
154	255
154	267
154	277
154	292
154	293
154	299
154	300
155	24
155	26
155	31
155	52
155	53
155	57
155	72
155	79
155	106
155	110
155	117
155	163
155	189
155	196
155	197
155	204
155	207
155	211
155	267
155	271
155	278
155	280
155	293
155	299
156	41
156	44
156	48
156	70
156	92
156	103
156	105
156	108
156	143
156	188
156	199
156	217
156	220
156	226
156	227
156	229
156	242
156	244
156	281
156	284
156	294
156	296
156	297
156	299
157	9
157	14
157	37
157	52
157	72
157	95
157	102
157	109
157	114
157	123
157	128
157	149
157	186
157	191
157	212
157	214
157	241
157	242
157	251
157	274
157	280
157	290
157	294
157	300
158	12
158	29
158	40
158	71
158	91
158	133
158	134
158	139
158	146
158	184
158	198
158	201
158	205
158	211
158	220
158	228
158	237
158	241
158	266
158	279
158	289
158	296
158	298
158	300
159	52
159	59
159	88
159	107
159	115
159	119
159	125
159	130
159	150
159	169
159	183
159	184
159	202
159	207
159	217
159	229
159	239
159	249
159	274
159	276
159	279
159	285
159	286
159	290
160	24
160	28
160	34
160	35
160	58
160	75
160	87
160	96
160	116
160	164
160	173
160	182
160	192
160	210
160	215
160	221
160	225
160	238
160	258
160	259
160	263
160	264
160	273
160	286
161	4
161	64
161	68
161	77
161	78
161	105
161	154
161	171
161	172
161	205
161	209
161	213
161	224
161	225
161	227
161	230
161	238
161	247
161	250
161	260
161	267
161	282
161	283
161	294
161	299
162	9
162	17
162	20
162	70
162	89
162	92
162	121
162	143
162	170
162	182
162	194
162	206
162	218
162	226
162	227
162	229
162	230
162	270
162	272
162	275
162	281
162	284
162	287
162	294
162	297
163	5
163	7
163	16
163	33
163	44
163	53
163	63
163	88
163	139
163	155
163	164
163	168
163	184
163	188
163	212
163	220
163	229
163	235
163	250
163	260
163	272
163	289
163	290
163	298
163	300
164	6
164	25
164	28
164	30
164	47
164	58
164	85
164	99
164	136
164	145
164	160
164	163
164	171
164	182
164	187
164	192
164	215
164	218
164	221
164	228
164	234
164	238
164	242
164	259
164	268
165	24
165	26
165	48
165	81
165	84
165	99
165	112
165	117
165	128
165	130
165	175
165	178
165	199
165	202
165	203
165	258
165	262
165	265
165	273
165	280
165	282
165	283
165	286
165	288
165	298
166	47
166	49
166	74
166	82
166	85
166	88
166	131
166	143
166	153
166	169
166	173
166	175
166	180
166	233
166	249
166	253
166	261
166	271
166	277
166	281
166	287
166	288
166	291
166	292
166	299
167	3
167	8
167	27
167	52
167	65
167	74
167	99
167	115
167	140
167	144
167	148
167	154
167	178
167	197
167	205
167	206
167	209
167	240
167	247
167	267
167	275
167	277
167	283
167	297
167	299
168	10
168	12
168	54
168	67
168	73
168	84
168	101
168	110
168	133
168	149
168	151
168	152
168	163
168	180
168	183
168	189
168	208
168	218
168	231
168	257
168	269
168	287
168	292
168	294
168	295
169	24
169	41
169	43
169	48
169	52
169	105
169	114
169	159
169	166
169	191
169	212
169	224
169	242
169	251
169	258
169	262
169	265
169	266
169	275
169	284
169	287
169	288
169	295
169	296
169	298
170	14
170	21
170	48
170	69
170	76
170	85
170	90
170	102
170	115
170	121
170	129
170	136
170	147
170	150
170	162
170	171
170	187
170	202
170	223
170	239
170	243
170	250
170	274
170	296
170	300
171	6
171	9
171	24
171	30
171	35
171	39
171	42
171	58
171	75
171	85
171	95
171	111
171	116
171	125
171	161
171	164
171	170
171	179
171	182
171	215
171	221
171	236
171	238
171	259
171	276
172	2
172	27
172	29
172	49
172	57
172	65
172	67
172	77
172	100
172	110
172	161
172	192
172	196
172	203
172	204
172	212
172	224
172	231
172	251
172	268
172	283
172	285
172	298
172	299
172	300
173	5
173	28
173	53
173	71
173	82
173	86
173	97
173	111
173	119
173	136
173	137
173	150
173	153
173	154
173	160
173	166
173	187
173	210
173	254
173	256
173	269
173	272
173	274
173	282
173	285
173	286
174	11
174	22
174	32
174	43
174	56
174	62
174	80
174	83
174	101
174	118
174	134
174	142
174	144
174	181
174	201
174	212
174	215
174	219
174	236
174	259
174	260
174	263
174	264
174	275
174	278
174	284
175	60
175	69
175	70
175	74
175	82
175	126
175	135
175	148
175	165
175	166
175	192
175	214
175	215
175	223
175	233
175	247
175	253
175	266
175	275
175	277
175	278
175	280
175	287
175	288
175	291
175	293
176	20
176	27
176	36
176	46
176	49
176	54
176	135
176	147
176	148
176	149
176	187
176	194
176	205
176	213
176	215
176	221
176	224
176	225
176	247
176	269
176	272
176	283
176	289
176	290
176	294
176	299
177	104
177	112
177	125
177	130
177	131
177	141
177	145
177	178
177	190
177	202
177	208
177	226
177	231
177	234
177	239
177	244
177	253
177	254
177	262
177	264
177	265
177	269
177	283
177	289
177	292
177	295
178	9
178	24
178	90
178	110
178	124
178	130
178	131
178	139
178	140
178	146
178	149
178	165
178	167
178	177
178	186
178	212
178	214
178	223
178	258
178	262
178	265
178	280
178	283
178	287
178	289
178	298
179	3
179	14
179	43
179	91
179	97
179	106
179	107
179	116
179	122
179	140
179	171
179	185
179	208
179	212
179	222
179	223
179	233
179	234
179	252
179	261
179	263
179	267
179	270
179	271
179	290
179	292
180	8
180	29
180	37
180	46
180	54
180	86
180	121
180	135
180	137
180	152
180	166
180	168
180	187
180	190
180	194
180	204
180	228
180	240
180	247
180	261
180	286
180	287
180	291
180	293
180	299
180	300
181	11
181	20
181	38
181	43
181	51
181	86
181	100
181	102
181	115
181	134
181	142
181	174
181	187
181	188
181	201
181	215
181	219
181	236
181	240
181	253
181	264
181	265
181	275
181	282
181	294
181	298
182	6
182	28
182	30
182	34
182	58
182	63
182	73
182	75
182	84
182	85
182	160
182	162
182	164
182	171
182	208
182	209
182	213
182	215
182	231
182	236
182	238
182	259
182	284
182	293
182	296
182	300
183	26
183	64
183	71
183	73
183	100
183	131
183	132
183	141
183	153
183	159
183	168
183	189
183	190
183	200
183	223
183	244
183	249
183	254
183	258
183	269
183	270
183	273
183	288
183	290
183	292
183	296
184	13
184	56
184	58
184	87
184	93
184	109
184	133
184	134
184	152
184	158
184	159
184	163
184	185
184	191
184	197
184	206
184	208
184	212
184	237
184	250
184	269
184	284
184	285
184	289
184	295
184	296
185	38
185	42
185	55
185	80
185	102
185	106
185	114
185	118
185	122
185	131
185	137
185	179
185	184
185	190
185	191
185	203
185	222
185	230
185	232
185	252
185	264
185	267
185	271
185	282
185	290
185	293
186	32
186	41
186	47
186	54
186	72
186	91
186	92
186	105
186	111
186	116
186	123
186	147
186	149
186	157
186	178
186	205
186	227
186	242
186	251
186	254
186	258
186	265
186	266
186	275
186	284
186	293
187	17
187	59
187	85
187	111
187	125
187	147
187	150
187	164
187	170
187	173
187	176
187	180
187	181
187	193
187	202
187	228
187	231
187	239
187	242
187	243
187	244
187	260
187	274
187	282
187	285
187	295
188	6
188	11
188	21
188	31
188	62
188	74
188	83
188	91
188	100
188	101
188	113
188	134
188	156
188	163
188	181
188	201
188	211
188	216
188	219
188	236
188	238
188	260
188	261
188	264
188	275
188	277
189	10
189	19
189	20
189	42
189	52
189	64
189	73
189	82
189	104
189	132
189	141
189	148
189	155
189	168
189	183
189	199
189	228
189	229
189	237
189	244
189	260
189	269
189	270
189	274
189	283
189	297
190	50
190	57
190	64
190	65
190	76
190	89
190	91
190	111
190	122
190	177
190	180
190	183
190	185
190	210
190	218
190	220
190	223
190	230
190	246
190	250
190	252
190	261
190	263
190	267
190	271
190	290
191	30
191	56
191	98
191	102
191	106
191	107
191	109
191	129
191	134
191	139
191	157
191	169
191	184
191	185
191	198
191	211
191	221
191	225
191	237
191	241
191	245
191	248
191	250
191	255
191	268
191	272
191	282
192	2
192	4
192	8
192	19
192	27
192	46
192	61
192	91
192	94
192	102
192	117
192	125
192	135
192	160
192	164
192	172
192	175
192	213
192	216
192	247
192	255
192	268
192	270
192	273
192	293
192	299
192	300
193	1
193	2
193	22
193	27
193	46
193	94
193	121
193	133
193	140
193	148
193	152
193	187
193	194
193	205
193	214
193	224
193	225
193	227
193	229
193	232
193	235
193	240
193	249
193	256
193	258
193	263
193	293
194	4
194	16
194	18
194	27
194	29
194	49
194	61
194	99
194	121
194	150
194	162
194	176
194	180
194	193
194	208
194	209
194	211
194	212
194	223
194	224
194	228
194	251
194	268
194	281
194	284
194	293
194	299
195	15
195	33
195	44
195	50
195	71
195	81
195	87
195	88
195	110
195	115
195	118
195	130
195	133
195	154
195	197
195	200
195	210
195	211
195	220
195	253
195	255
195	256
195	269
195	273
195	289
195	295
195	296
196	27
196	48
196	72
196	84
196	99
196	109
196	114
196	119
196	126
196	141
196	155
196	172
196	197
196	209
196	214
196	215
196	219
196	220
196	221
196	227
196	242
196	253
196	258
196	265
196	266
196	298
196	299
197	26
197	74
197	79
197	89
197	90
197	104
197	110
197	114
197	128
197	149
197	152
197	154
197	155
197	167
197	184
197	195
197	196
197	201
197	203
197	214
197	228
197	244
197	250
197	251
197	265
197	280
197	281
198	63
198	89
198	93
198	98
198	107
198	108
198	124
198	130
198	133
198	135
198	145
198	146
198	150
198	154
198	158
198	191
198	210
198	223
198	235
198	236
198	248
198	250
198	255
198	277
198	278
198	296
198	300
199	1
199	13
199	36
199	66
199	85
199	111
199	125
199	132
199	156
199	165
199	189
199	215
199	230
199	231
199	234
199	240
199	246
199	248
199	254
199	257
199	260
199	269
199	270
199	275
199	276
199	290
199	295
200	2
200	25
200	67
200	69
200	73
200	85
200	106
200	112
200	183
200	195
200	203
200	206
200	207
200	218
200	234
200	246
200	248
200	254
200	255
200	257
200	269
200	270
200	276
200	290
200	292
200	295
200	297
201	20
201	23
201	45
201	50
201	51
201	62
201	82
201	87
201	95
201	100
201	113
201	131
201	134
201	142
201	143
201	151
201	158
201	174
201	181
201	188
201	197
201	216
201	228
201	264
201	266
201	275
201	292
202	7
202	9
202	23
202	28
202	71
202	76
202	95
202	100
202	132
202	136
202	137
202	159
202	165
202	170
202	177
202	187
202	207
202	216
202	217
202	218
202	220
202	243
202	249
202	255
202	282
202	285
202	286
203	9
203	22
203	26
203	32
203	42
203	50
203	76
203	114
203	120
203	124
203	149
203	165
203	172
203	185
203	197
203	200
203	242
203	243
203	251
203	265
203	271
203	279
203	280
203	283
203	287
203	288
203	298
204	4
204	35
204	46
204	54
204	61
204	65
204	93
204	103
204	135
204	141
204	145
204	151
204	152
204	155
204	172
204	180
204	209
204	211
204	226
204	239
204	240
204	247
204	260
204	268
204	269
204	281
204	283
204	290
205	8
205	38
205	49
205	65
205	84
205	87
205	108
205	134
205	137
205	140
205	149
205	158
205	161
205	167
205	176
205	186
205	193
205	207
205	210
205	213
205	224
205	225
205	240
205	254
205	261
205	268
205	293
205	294
206	6
206	10
206	30
206	32
206	47
206	68
206	70
206	78
206	93
206	96
206	108
206	143
206	145
206	162
206	167
206	184
206	200
206	223
206	226
206	227
206	229
206	246
206	256
206	281
206	284
206	285
206	294
206	297
207	5
207	15
207	33
207	59
207	115
207	120
207	124
207	125
207	127
207	138
207	142
207	145
207	147
207	150
207	155
207	159
207	200
207	202
207	205
207	217
207	234
207	255
207	266
207	277
207	278
207	282
207	286
207	292
208	1
208	26
208	36
208	40
208	42
208	68
208	100
208	122
208	168
208	177
208	179
208	182
208	184
208	194
208	218
208	231
208	246
208	257
208	259
208	263
208	269
208	270
208	276
208	282
208	286
208	292
208	295
208	299
209	4
209	19
209	22
209	78
209	86
209	88
209	98
209	121
209	154
209	161
209	167
209	182
209	194
209	196
209	204
209	213
209	216
209	224
209	231
209	240
209	249
209	254
209	267
209	271
209	274
209	281
209	283
209	293
210	61
210	67
210	72
210	80
210	91
210	93
210	95
210	106
210	146
210	160
210	173
210	190
210	195
210	198
210	205
210	216
210	222
210	232
210	236
210	244
210	245
210	248
210	252
210	259
210	261
210	263
210	271
210	290
211	14
211	18
211	21
211	60
211	88
211	107
211	125
211	136
211	141
211	149
211	155
211	158
211	188
211	191
211	194
211	195
211	204
211	215
211	220
211	228
211	231
211	241
211	243
211	249
211	255
211	256
211	296
211	300
212	18
212	28
212	56
212	83
212	95
212	107
212	133
212	157
212	163
212	169
212	172
212	174
212	178
212	179
212	184
212	194
212	217
212	220
212	225
212	237
212	240
212	247
212	256
212	273
212	279
212	283
212	289
212	296
213	9
213	22
213	41
213	71
213	77
213	118
213	132
213	134
213	140
213	144
213	147
213	152
213	161
213	176
213	182
213	192
213	205
213	209
213	221
213	225
213	234
213	240
213	245
213	247
213	268
213	274
213	283
213	293
214	7
214	52
214	53
214	72
214	99
214	105
214	110
214	114
214	127
214	157
214	175
214	178
214	193
214	196
214	197
214	218
214	235
214	242
214	246
214	253
214	259
214	269
214	279
214	280
214	290
214	295
214	298
214	300
215	6
215	25
215	28
215	34
215	58
215	65
215	75
215	85
215	94
215	125
215	128
215	154
215	160
215	164
215	171
215	174
215	175
215	176
215	181
215	182
215	196
215	199
215	211
215	221
215	223
215	238
215	259
215	295
216	1
216	20
216	43
216	45
216	51
216	62
216	83
216	112
216	113
216	129
216	142
216	188
216	192
216	201
216	202
216	209
216	210
216	218
216	219
216	232
216	236
216	237
216	239
216	248
216	264
216	275
216	283
216	291
217	5
217	10
217	21
217	52
217	76
217	78
217	86
217	95
217	103
217	119
217	148
217	156
217	159
217	202
217	207
217	212
217	237
217	239
217	243
217	253
217	259
217	262
217	274
217	282
217	284
217	285
217	286
217	288
218	27
218	51
218	71
218	81
218	97
218	104
218	131
218	138
218	151
218	162
218	164
218	168
218	190
218	200
218	202
218	208
218	214
218	216
218	219
218	229
218	231
218	234
218	244
218	246
218	260
218	276
218	289
218	292
219	20
219	43
219	62
219	72
219	101
219	113
219	114
219	118
219	121
219	134
219	142
219	153
219	174
219	181
219	188
219	196
219	216
219	218
219	236
219	238
219	257
219	259
219	262
219	264
219	265
219	273
219	275
219	295
220	25
220	40
220	44
220	63
220	83
220	86
220	120
220	156
220	158
220	163
220	190
220	195
220	196
220	202
220	211
220	212
220	226
220	228
220	237
220	241
220	245
220	256
220	273
220	276
220	282
220	284
220	289
220	292
220	300
221	6
221	25
221	28
221	30
221	34
221	44
221	58
221	75
221	87
221	103
221	112
221	116
221	123
221	153
221	160
221	164
221	171
221	176
221	191
221	196
221	213
221	215
221	238
221	250
221	253
221	259
221	276
221	280
221	281
222	28
222	38
222	42
222	46
222	57
222	70
222	80
222	91
222	118
222	123
222	133
222	140
222	179
222	185
222	210
222	223
222	232
222	234
222	243
222	248
222	252
222	261
222	262
222	263
222	271
222	274
222	278
222	288
222	290
223	8
223	52
223	57
223	64
223	67
223	69
223	97
223	106
223	122
223	135
223	147
223	170
223	175
223	178
223	179
223	183
223	190
223	194
223	198
223	206
223	215
223	222
223	245
223	261
223	262
223	267
223	271
223	288
223	290
224	4
224	15
224	54
224	57
224	71
224	92
224	121
224	122
224	127
224	136
224	140
224	154
224	161
224	169
224	172
224	176
224	193
224	194
224	205
224	209
224	236
224	238
224	244
224	266
224	267
224	268
224	295
224	298
224	299
225	7
225	20
225	36
225	39
225	45
225	73
225	94
225	120
225	121
225	126
225	140
225	148
225	152
225	154
225	160
225	161
225	176
225	191
225	193
225	205
225	212
225	213
225	233
225	240
225	267
225	275
225	283
225	298
225	299
226	18
226	38
226	40
226	57
226	70
226	78
226	92
226	93
226	96
226	103
226	120
226	150
226	151
226	156
226	162
226	177
226	204
226	206
226	220
226	227
226	248
226	250
226	276
226	278
226	281
226	282
226	284
226	294
226	297
227	40
227	63
227	68
227	76
227	78
227	89
227	96
227	120
227	143
227	156
227	161
227	162
227	186
227	193
227	196
227	206
227	226
227	229
227	233
227	237
227	238
227	251
227	264
227	270
227	276
227	281
227	284
227	294
227	297
228	11
228	40
228	51
228	56
228	66
228	67
228	77
228	92
228	93
228	95
228	127
228	158
228	164
228	180
228	187
228	189
228	194
228	197
228	201
228	211
228	220
228	231
228	241
228	242
228	248
228	250
228	256
228	279
228	289
228	293
229	30
229	38
229	72
229	78
229	89
229	92
229	96
229	99
229	103
229	107
229	111
229	143
229	156
229	159
229	162
229	163
229	189
229	193
229	206
229	218
229	227
229	263
229	273
229	280
229	281
229	284
229	287
229	294
229	297
229	299
230	5
230	21
230	27
230	55
230	67
230	80
230	91
230	106
230	117
230	119
230	122
230	141
230	142
230	145
230	161
230	162
230	185
230	190
230	199
230	232
230	244
230	245
230	252
230	253
230	259
230	261
230	262
230	263
230	290
230	291
231	3
231	36
231	41
231	75
231	100
231	104
231	127
231	132
231	136
231	151
231	153
231	168
231	172
231	177
231	182
231	187
231	199
231	208
231	209
231	211
231	218
231	228
231	234
231	242
231	244
231	250
231	254
231	270
231	280
231	295
232	3
232	17
232	21
232	22
232	37
232	39
232	41
232	67
232	70
232	86
232	97
232	99
232	118
232	122
232	146
232	185
232	193
232	210
232	216
232	222
232	230
232	236
232	238
232	241
232	245
232	261
232	269
232	271
232	284
232	290
233	19
233	23
233	29
233	38
233	44
233	47
233	49
233	60
233	68
233	102
233	126
233	149
233	153
233	166
233	175
233	179
233	225
233	227
233	249
233	253
233	266
233	271
233	277
233	278
233	279
233	284
233	287
233	291
233	294
233	300
234	33
234	58
234	73
234	90
234	112
234	114
234	119
234	144
234	164
234	177
234	179
234	199
234	200
234	207
234	213
234	218
234	222
234	231
234	246
234	254
234	255
234	257
234	259
234	269
234	270
234	274
234	276
234	280
234	284
234	295
235	11
235	18
235	77
235	82
235	83
235	88
235	107
235	124
235	127
235	129
235	131
235	135
235	146
235	163
235	193
235	198
235	214
235	237
235	243
235	248
235	255
235	258
235	271
235	273
235	279
235	285
235	286
235	289
235	291
235	300
236	9
236	43
236	45
236	59
236	62
236	81
236	83
236	100
236	101
236	113
236	117
236	134
236	142
236	147
236	171
236	174
236	181
236	182
236	188
236	198
236	210
236	216
236	219
236	224
236	232
236	264
236	267
236	274
236	275
236	282
236	299
237	24
237	52
237	63
237	77
237	78
237	95
237	98
237	105
237	119
237	120
237	123
237	128
237	129
237	144
237	158
237	184
237	189
237	191
237	212
237	216
237	217
237	220
237	227
237	235
237	246
237	252
237	272
237	273
237	279
237	297
237	298
238	6
238	16
238	25
238	28
238	35
238	58
238	75
238	85
238	94
238	116
238	144
238	147
238	151
238	160
238	161
238	164
238	171
238	182
238	188
238	215
238	219
238	221
238	224
238	227
238	232
238	242
238	257
238	258
238	259
238	267
238	283
239	13
239	29
239	37
239	75
239	96
239	115
239	119
239	136
239	138
239	144
239	147
239	159
239	170
239	177
239	187
239	204
239	216
239	217
239	243
239	246
239	250
239	253
239	261
239	269
239	274
239	278
239	279
239	282
239	285
239	286
239	293
240	2
240	21
240	24
240	39
240	54
240	63
240	78
240	86
240	108
240	121
240	140
240	167
240	180
240	181
240	193
240	199
240	204
240	205
240	209
240	212
240	213
240	225
240	245
240	255
240	256
240	268
240	279
240	283
240	285
240	291
240	293
241	7
241	50
241	54
241	63
241	87
241	96
241	109
241	115
241	130
241	137
241	143
241	144
241	157
241	158
241	191
241	211
241	220
241	228
241	232
241	247
241	256
241	261
241	263
241	266
241	272
241	273
241	275
241	279
241	286
241	297
241	300
242	16
242	24
242	31
242	48
242	55
242	60
242	84
242	94
242	95
242	99
242	122
242	149
242	156
242	157
242	164
242	169
242	186
242	187
242	196
242	203
242	214
242	228
242	231
242	238
242	246
242	249
242	262
242	265
242	266
242	279
242	299
243	14
243	16
243	37
243	39
243	55
243	59
243	60
243	69
243	71
243	86
243	94
243	98
243	111
243	119
243	130
243	138
243	149
243	150
243	170
243	187
243	202
243	203
243	211
243	217
243	222
243	235
243	239
243	245
243	274
243	282
243	299
244	7
244	28
244	39
244	58
244	81
244	83
244	104
244	119
244	131
244	141
244	144
244	145
244	151
244	156
244	177
244	183
244	187
244	189
244	197
244	210
244	218
244	224
244	230
244	231
244	261
244	265
244	267
244	269
244	276
244	292
244	296
245	17
245	22
245	28
245	55
245	64
245	65
245	67
245	80
245	97
245	110
245	122
245	133
245	138
245	191
245	210
245	213
245	220
245	223
245	230
245	232
245	240
245	243
245	246
245	258
245	262
245	263
245	268
245	271
245	288
245	290
245	300
246	10
246	100
246	112
246	129
246	132
246	145
246	150
246	190
246	199
246	200
246	206
246	208
246	214
246	218
246	234
246	237
246	239
246	242
246	245
246	254
246	257
246	260
246	268
246	269
246	270
246	271
246	274
246	287
246	292
246	298
246	299
247	11
247	43
247	46
247	53
247	61
247	62
247	74
247	121
247	125
247	129
247	135
247	139
247	154
247	161
247	167
247	175
247	176
247	180
247	192
247	204
247	212
247	213
247	241
247	251
247	257
247	267
247	274
247	283
247	285
247	287
247	293
248	14
248	18
248	31
248	56
248	66
248	87
248	93
248	100
248	113
248	114
248	123
248	127
248	132
248	133
248	139
248	153
248	191
248	198
248	199
248	200
248	210
248	216
248	222
248	226
248	228
248	235
248	260
248	273
248	283
248	289
248	300
249	1
249	19
249	20
249	33
249	47
249	60
249	74
249	90
249	126
249	148
249	153
249	159
249	166
249	183
249	193
249	202
249	209
249	211
249	233
249	242
249	250
249	253
249	257
249	265
249	277
249	278
249	280
249	285
249	287
249	288
249	291
249	292
250	3
250	4
250	10
250	13
250	14
250	18
250	36
250	66
250	88
250	94
250	107
250	109
250	127
250	129
250	130
250	138
250	161
250	163
250	170
250	184
250	190
250	191
250	197
250	198
250	221
250	226
250	228
250	231
250	239
250	249
250	272
250	273
250	296
251	6
251	16
251	28
251	30
251	31
251	39
251	41
251	47
251	53
251	67
251	79
251	84
251	90
251	110
251	112
251	119
251	128
251	142
251	149
251	157
251	169
251	172
251	186
251	194
251	197
251	203
251	227
251	247
251	258
251	274
251	285
251	293
251	298
252	3
252	9
252	10
252	18
252	28
252	57
252	64
252	90
252	91
252	94
252	117
252	118
252	146
252	179
252	185
252	190
252	210
252	222
252	230
252	237
252	255
252	261
252	262
252	263
252	264
252	271
252	277
252	280
252	285
252	286
252	290
252	293
252	298
253	1
253	23
253	47
253	60
253	76
253	82
253	83
253	125
253	126
253	148
253	153
253	166
253	175
253	177
253	181
253	195
253	196
253	214
253	217
253	221
253	230
253	233
253	239
253	249
253	273
253	277
253	278
253	285
253	287
253	288
253	291
253	295
253	296
254	10
254	20
254	32
254	72
254	81
254	105
254	112
254	131
254	132
254	135
254	143
254	144
254	151
254	153
254	173
254	177
254	183
254	186
254	199
254	200
254	205
254	209
254	231
254	234
254	246
254	257
254	258
254	263
254	275
254	281
254	292
254	296
254	297
255	14
255	44
255	45
255	46
255	50
255	67
255	87
255	91
255	95
255	109
255	130
255	152
255	154
255	191
255	192
255	195
255	198
255	200
255	202
255	207
255	211
255	234
255	235
255	240
255	252
255	268
255	272
255	273
255	279
255	281
255	284
255	289
255	300
256	7
256	14
256	17
256	25
256	50
256	56
256	62
256	66
256	85
256	87
256	95
256	109
256	118
256	133
256	135
256	173
256	193
256	195
256	206
256	211
256	212
256	220
256	228
256	240
256	241
256	269
256	273
256	278
256	279
256	286
256	287
256	293
256	299
257	12
257	30
257	52
257	57
257	62
257	73
257	104
257	109
257	112
257	132
257	134
257	142
257	144
257	150
257	151
257	168
257	199
257	200
257	208
257	219
257	234
257	238
257	246
257	247
257	249
257	254
257	258
257	260
257	270
257	277
257	283
257	290
257	295
258	2
258	22
258	41
258	48
258	65
258	76
258	79
258	84
258	90
258	123
258	124
258	125
258	126
258	127
258	132
258	160
258	165
258	169
258	178
258	183
258	186
258	193
258	196
258	235
258	238
258	245
258	251
258	254
258	257
258	265
258	266
258	267
258	280
259	6
259	25
259	28
259	30
259	31
259	34
259	35
259	42
259	56
259	58
259	61
259	75
259	85
259	116
259	142
259	152
259	160
259	164
259	171
259	174
259	182
259	208
259	210
259	214
259	215
259	217
259	219
259	221
259	230
259	234
259	238
259	269
259	296
260	10
260	12
260	14
260	23
260	38
260	81
260	84
260	89
260	100
260	103
260	112
260	132
260	135
260	141
260	145
260	161
260	163
260	174
260	187
260	188
260	189
260	199
260	204
260	218
260	246
260	248
260	257
260	261
260	269
260	270
260	272
260	276
260	279
261	3
261	4
261	17
261	55
261	65
261	67
261	80
261	83
261	93
261	99
261	103
261	113
261	118
261	146
261	166
261	179
261	180
261	188
261	190
261	205
261	210
261	222
261	223
261	230
261	232
261	239
261	241
261	244
261	252
261	260
261	263
261	288
261	290
261	295
262	17
262	29
262	50
262	51
262	55
262	64
262	81
262	91
262	97
262	98
262	106
262	118
262	122
262	127
262	133
262	137
262	146
262	165
262	169
262	177
262	178
262	217
262	219
262	222
262	223
262	230
262	242
262	245
262	252
262	263
262	271
262	282
262	287
262	290
263	17
263	48
263	57
263	67
263	78
263	81
263	90
263	91
263	106
263	112
263	139
263	144
263	146
263	160
263	174
263	179
263	190
263	193
263	208
263	210
263	222
263	229
263	230
263	241
263	245
263	252
263	254
263	261
263	262
263	271
263	274
263	278
263	285
263	290
264	11
264	20
264	40
264	43
264	45
264	62
264	77
264	83
264	84
264	96
264	101
264	111
264	122
264	134
264	142
264	160
264	174
264	177
264	181
264	185
264	188
264	201
264	216
264	219
264	227
264	236
264	252
264	265
264	267
264	270
264	275
264	277
264	279
264	282
265	33
265	38
265	53
265	59
265	79
265	88
265	97
265	106
265	107
265	110
265	114
265	122
265	123
265	124
265	128
265	129
265	165
265	169
265	177
265	178
265	181
265	186
265	196
265	197
265	203
265	219
265	242
265	244
265	249
265	258
265	264
265	266
265	290
265	291
266	9
266	15
266	24
266	26
266	32
266	36
266	66
266	69
266	72
266	79
266	90
266	99
266	110
266	116
266	123
266	124
266	128
266	140
266	143
266	158
266	169
266	175
266	186
266	196
266	201
266	207
266	224
266	233
266	241
266	242
266	258
266	265
266	273
266	283
266	299
267	8
267	22
267	27
267	46
267	94
267	110
267	121
267	122
267	128
267	131
267	139
267	140
267	153
267	154
267	155
267	161
267	167
267	179
267	185
267	190
267	209
267	223
267	224
267	225
267	236
267	238
267	244
267	247
267	258
267	264
267	268
267	269
267	271
267	291
267	299
268	8
268	13
268	25
268	29
268	40
268	48
268	54
268	61
268	77
268	91
268	96
268	110
268	132
268	135
268	146
268	150
268	152
268	164
268	172
268	191
268	192
268	194
268	204
268	205
268	213
268	224
268	240
268	245
268	246
268	255
268	267
268	283
268	293
268	294
268	299
269	6
269	13
269	41
269	88
269	100
269	112
269	118
269	145
269	168
269	173
269	176
269	177
269	183
269	184
269	189
269	195
269	199
269	200
269	204
269	208
269	214
269	232
269	234
269	239
269	244
269	246
269	256
269	259
269	260
269	267
269	270
269	274
269	276
269	291
269	292
270	10
270	36
270	39
270	49
270	73
270	98
270	116
270	121
270	123
270	151
270	162
270	179
270	183
270	189
270	192
270	199
270	200
270	208
270	227
270	231
270	234
270	246
270	257
270	260
270	264
270	269
270	271
270	272
270	273
270	276
270	277
270	286
270	288
270	292
270	295
271	41
271	46
271	57
271	64
271	76
271	80
271	81
271	83
271	97
271	118
271	122
271	133
271	138
271	139
271	155
271	166
271	179
271	185
271	190
271	203
271	209
271	210
271	222
271	223
271	232
271	233
271	235
271	245
271	246
271	252
271	262
271	263
271	267
271	270
271	278
271	290
272	10
272	14
272	17
272	37
272	46
272	51
272	64
272	72
272	88
272	93
272	101
272	103
272	109
272	120
272	127
272	129
272	136
272	141
272	146
272	153
272	162
272	163
272	173
272	176
272	191
272	237
272	241
272	250
272	255
272	260
272	270
272	273
272	279
272	289
272	296
272	300
273	18
273	31
273	35
273	39
273	48
273	77
273	95
273	97
273	104
273	107
273	146
273	160
273	165
273	183
273	192
273	195
273	212
273	219
273	220
273	229
273	235
273	237
273	241
273	248
273	250
273	253
273	255
273	256
273	266
273	270
273	272
273	275
273	289
273	296
273	299
273	300
274	21
274	33
274	37
274	38
274	59
274	71
274	72
274	111
274	117
274	125
274	136
274	138
274	150
274	151
274	157
274	159
274	170
274	173
274	187
274	189
274	209
274	213
274	217
274	222
274	234
274	236
274	239
274	243
274	246
274	247
274	251
274	263
274	269
274	286
274	292
274	295
275	7
275	20
275	27
275	29
275	43
275	45
275	51
275	62
275	75
275	83
275	101
275	113
275	119
275	121
275	134
275	142
275	144
275	162
275	167
275	169
275	174
275	175
275	181
275	186
275	188
275	199
275	201
275	216
275	219
275	225
275	236
275	241
275	254
275	264
275	273
275	288
276	1
276	13
276	23
276	24
276	29
276	36
276	42
276	45
276	81
276	104
276	112
276	115
276	137
276	142
276	144
276	146
276	159
276	171
276	199
276	200
276	208
276	218
276	220
276	221
276	226
276	227
276	234
276	244
276	260
276	269
276	270
276	281
276	289
276	292
276	293
276	295
277	12
277	23
277	24
277	26
277	47
277	51
277	60
277	69
277	74
277	82
277	89
277	102
277	113
277	116
277	126
277	148
277	151
277	153
277	154
277	166
277	167
277	175
277	188
277	198
277	207
277	233
277	249
277	252
277	253
277	257
277	264
277	270
277	278
277	287
277	288
277	291
278	1
278	20
278	23
278	35
278	44
278	45
278	47
278	59
278	60
278	74
278	80
278	82
278	102
278	112
278	118
278	126
278	148
278	153
278	155
278	174
278	175
278	198
278	207
278	222
278	226
278	233
278	239
278	249
278	253
278	256
278	263
278	271
278	277
278	287
278	288
278	289
278	291
279	7
279	18
279	32
279	34
279	43
279	44
279	56
279	87
279	107
279	111
279	117
279	120
279	141
279	147
279	150
279	158
279	159
279	203
279	212
279	214
279	228
279	233
279	235
279	237
279	239
279	240
279	241
279	242
279	255
279	256
279	260
279	264
279	272
279	280
279	281
279	289
279	296
280	2
280	9
280	13
280	16
280	43
280	46
280	52
280	84
280	87
280	105
280	110
280	114
280	117
280	127
280	144
280	149
280	155
280	157
280	165
280	175
280	178
280	197
280	203
280	214
280	221
280	229
280	231
280	234
280	249
280	252
280	258
280	279
280	285
280	292
280	296
280	298
280	300
281	37
281	38
281	40
281	50
281	58
281	68
281	70
281	73
281	78
281	88
281	89
281	92
281	96
281	105
281	108
281	126
281	143
281	156
281	162
281	166
281	194
281	197
281	204
281	206
281	209
281	221
281	226
281	227
281	229
281	254
281	255
281	276
281	279
281	284
281	286
281	294
281	297
282	5
282	15
282	58
282	59
282	69
282	71
282	76
282	86
282	105
282	111
282	114
282	115
282	130
282	132
282	135
282	137
282	138
282	161
282	165
282	173
282	181
282	185
282	187
282	191
282	202
282	207
282	208
282	217
282	220
282	226
282	236
282	239
282	243
282	262
282	264
282	286
282	298
283	2
283	3
283	15
283	17
283	22
283	39
283	49
283	54
283	87
283	94
283	103
283	124
283	139
283	149
283	161
283	165
283	167
283	172
283	176
283	177
283	178
283	189
283	203
283	204
283	209
283	212
283	213
283	216
283	225
283	238
283	240
283	247
283	248
283	257
283	266
283	268
283	285
283	293
284	11
284	30
284	38
284	40
284	55
284	59
284	68
284	70
284	78
284	83
284	89
284	92
284	103
284	108
284	143
284	156
284	162
284	169
284	174
284	182
284	184
284	186
284	194
284	206
284	217
284	220
284	226
284	227
284	229
284	232
284	233
284	234
284	255
284	281
284	292
284	294
284	296
284	297
285	4
285	5
285	9
285	15
285	21
285	24
285	37
285	59
285	69
285	71
285	86
285	92
285	111
285	115
285	119
285	125
285	147
285	159
285	172
285	173
285	184
285	187
285	202
285	206
285	217
285	235
285	239
285	240
285	247
285	249
285	251
285	252
285	253
285	263
285	280
285	283
285	291
285	293
286	5
286	15
286	21
286	37
286	51
286	71
286	86
286	103
286	119
286	125
286	135
286	136
286	137
286	140
286	146
286	147
286	159
286	160
286	165
286	173
286	180
286	202
286	207
286	208
286	217
286	235
286	239
286	241
286	252
286	256
286	270
286	274
286	281
286	282
286	289
286	290
286	291
286	300
287	1
287	19
287	23
287	35
287	41
287	60
287	74
287	77
287	82
287	92
287	102
287	117
287	124
287	126
287	148
287	153
287	162
287	166
287	168
287	169
287	175
287	178
287	180
287	203
287	229
287	233
287	246
287	247
287	249
287	253
287	256
287	262
287	277
287	278
287	288
287	289
287	291
287	298
288	1
288	19
288	23
288	34
288	47
288	60
288	74
288	82
288	85
288	95
288	102
288	126
288	128
288	138
288	146
288	148
288	153
288	165
288	166
288	169
288	175
288	183
288	203
288	217
288	222
288	223
288	245
288	249
288	253
288	261
288	270
288	275
288	277
288	278
288	287
288	291
288	294
288	298
289	35
289	36
289	43
289	44
289	50
289	56
289	62
289	76
289	77
289	92
289	95
289	104
289	113
289	121
289	141
289	158
289	163
289	176
289	177
289	178
289	184
289	195
289	212
289	218
289	220
289	228
289	235
289	248
289	255
289	272
289	273
289	276
289	278
289	279
289	286
289	287
289	290
289	296
290	3
290	28
290	47
290	53
290	67
290	77
290	80
290	97
290	105
290	118
290	123
290	137
290	157
290	159
290	163
290	176
290	179
290	183
290	185
290	190
290	199
290	200
290	204
290	210
290	214
290	222
290	223
290	230
290	232
290	245
290	252
290	257
290	261
290	262
290	263
290	265
290	271
290	286
290	289
291	1
291	10
291	12
291	19
291	23
291	47
291	60
291	64
291	71
291	74
291	82
291	87
291	88
291	97
291	102
291	112
291	126
291	145
291	148
291	153
291	166
291	175
291	180
291	216
291	230
291	233
291	235
291	240
291	249
291	253
291	265
291	267
291	269
291	277
291	278
291	285
291	286
291	287
291	288
292	12
292	19
292	81
292	99
292	100
292	107
292	130
292	131
292	133
292	141
292	144
292	148
292	151
292	154
292	166
292	168
292	177
292	179
292	183
292	200
292	201
292	207
292	208
292	218
292	220
292	244
292	246
292	249
292	254
292	269
292	270
292	274
292	276
292	280
292	284
292	293
292	294
292	295
292	299
293	2
293	59
293	65
293	70
293	83
293	94
293	96
293	110
293	133
293	135
293	139
293	152
293	154
293	155
293	175
293	180
293	182
293	185
293	186
293	192
293	193
293	194
293	205
293	209
293	213
293	228
293	239
293	240
293	247
293	251
293	252
293	256
293	268
293	276
293	283
293	285
293	292
293	295
293	299
294	21
294	38
294	40
294	55
294	57
294	68
294	70
294	71
294	78
294	81
294	89
294	92
294	96
294	100
294	103
294	108
294	123
294	126
294	143
294	156
294	157
294	161
294	162
294	168
294	176
294	181
294	205
294	206
294	226
294	227
294	229
294	233
294	268
294	281
294	284
294	288
294	292
294	297
294	300
295	12
295	13
295	29
295	36
295	42
295	56
295	66
295	81
295	90
295	112
295	132
295	143
295	151
295	152
295	168
295	169
295	177
295	184
295	187
295	195
295	199
295	200
295	208
295	214
295	215
295	219
295	224
295	231
295	234
295	253
295	257
295	261
295	270
295	274
295	276
295	292
295	293
295	296
295	297
296	34
296	46
296	49
296	50
296	63
296	66
296	77
296	88
296	98
296	109
296	111
296	116
296	117
296	127
296	129
296	138
296	148
296	156
296	158
296	169
296	170
296	182
296	183
296	184
296	195
296	198
296	211
296	212
296	244
296	250
296	253
296	254
296	259
296	272
296	273
296	279
296	280
296	284
296	289
296	295
297	1
297	5
297	18
297	26
297	38
297	40
297	53
297	55
297	56
297	68
297	70
297	78
297	81
297	89
297	92
297	96
297	103
297	108
297	121
297	122
297	140
297	143
297	145
297	151
297	156
297	162
297	167
297	189
297	200
297	206
297	226
297	227
297	229
297	237
297	241
297	254
297	281
297	284
297	294
297	295
298	7
298	9
298	15
298	16
298	26
298	31
298	52
298	70
298	76
298	78
298	97
298	105
298	110
298	117
298	123
298	124
298	128
298	138
298	149
298	152
298	158
298	163
298	165
298	169
298	172
298	178
298	181
298	196
298	203
298	214
298	224
298	225
298	237
298	246
298	251
298	252
298	280
298	282
298	287
298	288
299	2
299	4
299	8
299	11
299	22
299	64
299	66
299	91
299	121
299	135
299	140
299	145
299	154
299	155
299	156
299	161
299	166
299	167
299	172
299	176
299	180
299	192
299	194
299	196
299	208
299	224
299	225
299	229
299	236
299	242
299	243
299	246
299	256
299	266
299	267
299	268
299	273
299	292
299	293
299	300
300	6
300	7
300	13
300	14
300	22
300	77
300	79
300	87
300	88
300	93
300	101
300	109
300	129
300	130
300	131
300	154
300	157
300	158
300	163
300	170
300	172
300	180
300	182
300	192
300	198
300	211
300	214
300	220
300	233
300	235
300	241
300	245
300	248
300	255
300	272
300	273
300	280
300	286
300	294
300	299
