degree distribution (probability density function of the degree in logarithmic bins) 
17.386	0.125109
19.3846	0.0785807
21	0.0406924
22.5333	0.050939
25.1429	0.0654662
27.5517	0.0414959
29.5	0.0210168
31.92	0.0301457
35.1176	0.018818
38.4783	0.0233717

degree distribution (degree-occurrences) 
17	0.116667
18	0.0733333
19	0.08
20	0.05
21	0.0733333
22	0.0466667
23	0.0533333
24	0.04
25	0.04
26	0.06
27	0.0433333
28	0.0533333
29	0.0266667
30	0.0266667
31	0.0433333
32	0.00333333
33	0.0366667
34	0.0166667
35	0.0166667
36	0.0233333
37	0.0166667
38	0.0233333
39	0.02
40	0.0166667


--------------------------------------
community distribution (size-occurrences)
18	0.1
20	0.1
21	0.2
28	0.1
32	0.1
36	0.1
40	0.2
44	0.1


--------------------------------------
mixing parameter
0.454545	0.00333333
0.472033	0.1
0.477463	0.0833333
0.48407	0.116667
0.5	0.43
0.513327	0.0233333
0.517781	0.09
0.524124	0.09
0.529412	0.0566667
0.588235	0.00666667

--------------------------------------
