1	3
1	32
1	74
1	113
1	137
1	138
1	151
1	171
1	204
1	209
1	210
1	233
1	252
1	274
1	278
1	284
1	292
2	64
2	91
2	101
2	105
2	109
2	112
2	113
2	159
2	182
2	214
2	224
2	226
2	235
2	271
2	279
2	280
2	281
3	1
3	45
3	79
3	139
3	150
3	153
3	180
3	187
3	188
3	200
3	204
3	211
3	235
3	244
3	281
3	286
3	290
4	39
4	156
4	174
4	205
4	220
4	228
4	238
4	240
4	241
4	246
4	249
4	267
4	269
4	274
4	287
4	293
4	295
5	68
5	76
5	80
5	98
5	112
5	121
5	126
5	171
5	217
5	225
5	226
5	243
5	248
5	258
5	292
5	294
5	300
6	11
6	37
6	68
6	81
6	95
6	136
6	145
6	160
6	167
6	183
6	221
6	236
6	249
6	277
6	281
6	289
6	292
7	26
7	33
7	72
7	115
7	140
7	179
7	200
7	223
7	226
7	246
7	266
7	270
7	275
7	284
7	285
7	295
7	296
8	38
8	68
8	95
8	124
8	128
8	159
8	164
8	176
8	207
8	213
8	235
8	239
8	240
8	247
8	272
8	277
8	284
9	19
9	62
9	100
9	102
9	110
9	123
9	168
9	186
9	206
9	220
9	241
9	252
9	262
9	278
9	279
9	285
9	296
10	44
10	57
10	63
10	91
10	157
10	160
10	164
10	174
10	189
10	203
10	223
10	234
10	237
10	241
10	264
10	283
10	289
11	6
11	28
11	123
11	144
11	152
11	154
11	169
11	187
11	190
11	205
11	207
11	234
11	268
11	275
11	276
11	287
11	298
12	108
12	115
12	120
12	125
12	135
12	145
12	146
12	148
12	167
12	168
12	184
12	204
12	216
12	249
12	265
12	280
12	283
13	31
13	76
13	85
13	106
13	129
13	130
13	135
13	144
13	149
13	180
13	183
13	192
13	194
13	206
13	270
13	282
13	286
14	25
14	84
14	93
14	132
14	150
14	153
14	156
14	167
14	168
14	176
14	190
14	226
14	249
14	252
14	263
14	264
14	277
15	41
15	69
15	154
15	172
15	174
15	186
15	192
15	221
15	223
15	243
15	249
15	250
15	252
15	254
15	257
15	266
15	299
16	75
16	94
16	112
16	113
16	163
16	184
16	194
16	197
16	221
16	223
16	227
16	230
16	232
16	259
16	277
16	281
16	298
17	47
17	52
17	73
17	115
17	118
17	127
17	133
17	142
17	188
17	198
17	220
17	233
17	238
17	240
17	266
17	272
17	287
18	37
18	74
18	77
18	81
18	82
18	87
18	157
18	172
18	174
18	189
18	201
18	233
18	243
18	255
18	285
18	299
18	300
19	9
19	31
19	67
19	89
19	124
19	141
19	158
19	165
19	177
19	190
19	204
19	215
19	225
19	264
19	265
19	288
19	297
20	31
20	42
20	45
20	80
20	84
20	139
20	142
20	147
20	182
20	206
20	223
20	233
20	240
20	247
20	256
20	270
20	281
21	52
21	64
21	71
21	137
21	141
21	155
21	159
21	166
21	205
21	210
21	228
21	231
21	238
21	257
21	267
21	279
21	299
22	73
22	126
22	127
22	132
22	155
22	157
22	161
22	165
22	178
22	187
22	210
22	217
22	225
22	242
22	249
22	293
22	295
23	28
23	97
23	109
23	114
23	135
23	146
23	147
23	162
23	206
23	217
23	222
23	228
23	231
23	244
23	251
23	270
23	289
24	35
24	47
24	58
24	114
24	115
24	126
24	131
24	146
24	166
24	168
24	207
24	220
24	225
24	239
24	256
24	263
24	300
25	14
25	34
25	37
25	58
25	83
25	133
25	144
25	156
25	174
25	192
25	198
25	199
25	217
25	222
25	253
25	268
25	285
26	7
26	85
26	87
26	106
26	133
26	152
26	158
26	162
26	216
26	223
26	231
26	261
26	262
26	275
26	283
26	293
26	296
27	29
27	69
27	85
27	96
27	101
27	102
27	154
27	157
27	166
27	173
27	189
27	201
27	243
27	244
27	245
27	247
27	256
28	11
28	23
28	64
28	76
28	107
28	119
28	125
28	171
28	199
28	210
28	211
28	212
28	241
28	250
28	259
28	267
28	277
29	27
29	49
29	83
29	106
29	107
29	118
29	141
29	147
29	148
29	183
29	186
29	237
29	283
29	295
29	296
29	297
29	299
30	33
30	45
30	48
30	49
30	104
30	121
30	122
30	136
30	143
30	159
30	173
30	177
30	207
30	240
30	275
30	290
30	296
31	13
31	19
31	20
31	44
31	65
31	79
31	142
31	148
31	166
31	204
31	209
31	238
31	244
31	249
31	260
31	275
31	286
32	1
32	100
32	113
32	123
32	158
32	203
32	212
32	223
32	227
32	239
32	240
32	249
32	251
32	255
32	263
32	271
32	294
33	7
33	30
33	43
33	85
33	102
33	112
33	114
33	134
33	149
33	192
33	209
33	220
33	232
33	236
33	266
33	293
33	299
34	25
34	59
34	101
34	149
34	187
34	216
34	222
34	228
34	236
34	250
34	254
34	269
34	273
34	281
34	282
34	292
34	299
35	24
35	51
35	80
35	86
35	88
35	91
35	134
35	194
35	216
35	221
35	223
35	227
35	257
35	258
35	273
35	281
35	282
36	42
36	52
36	61
36	79
36	93
36	170
36	182
36	226
36	227
36	233
36	237
36	246
36	251
36	256
36	272
36	283
36	300
37	6
37	18
37	25
37	48
37	71
37	120
37	128
37	142
37	177
37	178
37	192
37	202
37	217
37	223
37	270
37	271
37	278
37	285
38	8
38	56
38	90
38	102
38	135
38	164
38	177
38	180
38	182
38	195
38	205
38	215
38	229
38	249
38	254
38	261
38	266
38	274
39	4
39	44
39	81
39	92
39	122
39	170
39	186
39	187
39	190
39	196
39	199
39	201
39	229
39	250
39	265
39	271
39	281
39	288
40	47
40	62
40	79
40	86
40	125
40	147
40	168
40	176
40	188
40	207
40	208
40	210
40	212
40	227
40	238
40	243
40	269
40	282
41	15
41	69
41	86
41	118
41	122
41	132
41	145
41	151
41	153
41	155
41	158
41	182
41	214
41	253
41	260
41	290
41	293
41	295
42	20
42	36
42	53
42	54
42	92
42	93
42	99
42	125
42	129
42	164
42	184
42	229
42	235
42	243
42	247
42	254
42	285
42	295
43	33
43	94
43	120
43	149
43	186
43	197
43	201
43	225
43	253
43	257
43	265
43	266
43	267
43	274
43	275
43	287
43	295
43	296
44	10
44	31
44	39
44	75
44	77
44	88
44	112
44	145
44	172
44	217
44	232
44	250
44	251
44	252
44	261
44	276
44	278
44	287
45	3
45	20
45	30
45	48
45	75
45	89
45	103
45	108
45	115
45	147
45	178
45	220
45	230
45	258
45	267
45	295
45	299
45	300
46	72
46	97
46	102
46	142
46	171
46	176
46	183
46	196
46	204
46	218
46	230
46	237
46	242
46	279
46	281
46	293
46	297
46	298
47	17
47	24
47	40
47	65
47	76
47	102
47	122
47	128
47	175
47	209
47	226
47	233
47	238
47	244
47	246
47	255
47	284
47	289
48	30
48	37
48	45
48	80
48	96
48	98
48	162
48	187
48	214
48	221
48	244
48	262
48	265
48	272
48	277
48	282
48	288
48	294
49	29
49	30
49	64
49	89
49	90
49	114
49	124
49	126
49	128
49	170
49	211
49	225
49	232
49	238
49	275
49	287
49	288
49	289
50	81
50	138
50	151
50	153
50	160
50	193
50	194
50	199
50	217
50	226
50	244
50	263
50	275
50	279
50	280
50	284
50	298
50	299
51	35
51	66
51	69
51	112
51	145
51	150
51	152
51	169
51	191
51	198
51	226
51	246
51	254
51	258
51	268
51	270
51	276
51	296
52	17
52	21
52	36
52	53
52	64
52	137
52	139
52	142
52	150
52	174
52	208
52	231
52	267
52	272
52	279
52	286
52	291
52	296
53	42
53	52
53	88
53	103
53	116
53	120
53	138
53	160
53	170
53	176
53	177
53	195
53	200
53	204
53	209
53	222
53	243
53	252
54	42
54	56
54	92
54	95
54	101
54	103
54	121
54	124
54	133
54	136
54	159
54	185
54	194
54	209
54	222
54	227
54	271
54	287
55	78
55	100
55	103
55	119
55	132
55	165
55	191
55	198
55	203
55	204
55	215
55	220
55	227
55	229
55	255
55	272
55	280
55	300
56	38
56	54
56	65
56	100
56	115
56	119
56	139
56	149
56	154
56	164
56	209
56	236
56	237
56	253
56	275
56	276
56	281
56	283
57	10
57	73
57	97
57	109
57	127
57	138
57	150
57	160
57	166
57	170
57	179
57	195
57	203
57	215
57	235
57	283
57	288
57	293
58	24
58	25
58	81
58	87
58	90
58	116
58	132
58	168
58	170
58	186
58	199
58	206
58	220
58	223
58	253
58	261
58	270
58	297
59	34
59	77
59	79
59	84
59	86
59	96
59	117
59	125
59	129
59	148
59	151
59	164
59	168
59	227
59	237
59	254
59	286
59	288
60	85
60	87
60	108
60	127
60	134
60	136
60	138
60	152
60	167
60	177
60	179
60	187
60	206
60	207
60	235
60	236
60	239
60	256
61	36
61	71
61	74
61	83
61	84
61	102
61	116
61	118
61	123
61	127
61	128
61	170
61	220
61	241
61	251
61	254
61	275
61	294
62	9
62	40
62	65
62	84
62	85
62	86
62	94
62	126
62	130
62	152
62	156
62	166
62	168
62	216
62	248
62	253
62	278
62	298
63	10
63	88
63	109
63	124
63	131
63	137
63	151
63	173
63	178
63	183
63	207
63	212
63	221
63	223
63	234
63	260
63	265
63	276
64	2
64	21
64	28
64	49
64	52
64	113
64	116
64	148
64	169
64	197
64	207
64	227
64	229
64	236
64	242
64	268
64	271
64	278
64	300
65	31
65	47
65	56
65	62
65	71
65	81
65	92
65	182
65	200
65	208
65	237
65	248
65	253
65	259
65	264
65	269
65	282
65	285
65	291
66	51
66	94
66	122
66	141
66	144
66	147
66	150
66	151
66	156
66	159
66	182
66	185
66	194
66	219
66	231
66	259
66	260
66	270
66	274
67	19
67	78
67	85
67	92
67	104
67	120
67	129
67	173
67	181
67	184
67	189
67	193
67	236
67	238
67	267
67	272
67	277
67	288
67	297
68	5
68	6
68	8
68	82
68	96
68	99
68	120
68	135
68	152
68	153
68	189
68	190
68	204
68	214
68	218
68	240
68	243
68	259
68	266
69	15
69	27
69	41
69	51
69	89
69	122
69	135
69	144
69	155
69	156
69	159
69	193
69	214
69	231
69	232
69	250
69	257
69	262
69	263
70	87
70	89
70	140
70	154
70	155
70	170
70	172
70	182
70	184
70	188
70	189
70	193
70	200
70	208
70	225
70	241
70	258
70	284
70	286
71	21
71	37
71	61
71	65
71	80
71	84
71	118
71	119
71	133
71	143
71	153
71	171
71	173
71	224
71	250
71	270
71	291
71	294
71	300
72	7
72	46
72	89
72	111
72	123
72	143
72	164
72	177
72	225
72	229
72	241
72	246
72	262
72	268
72	271
72	281
72	288
72	289
72	297
73	17
73	22
73	57
73	85
73	99
73	117
73	131
73	148
73	149
73	196
73	199
73	215
73	221
73	227
73	229
73	232
73	242
73	251
73	256
74	1
74	18
74	61
74	112
74	115
74	157
74	175
74	178
74	179
74	185
74	196
74	208
74	238
74	239
74	243
74	249
74	264
74	294
74	300
75	16
75	44
75	45
75	82
75	91
75	123
75	129
75	176
75	190
75	204
75	215
75	218
75	232
75	260
75	261
75	266
75	272
75	283
75	293
76	5
76	13
76	28
76	47
76	77
76	90
76	111
76	130
76	134
76	147
76	169
76	200
76	202
76	208
76	238
76	246
76	263
76	282
76	287
77	18
77	44
77	59
77	76
77	92
77	131
77	139
77	143
77	179
77	180
77	206
77	208
77	219
77	221
77	230
77	243
77	250
77	257
77	259
78	55
78	67
78	83
78	85
78	94
78	106
78	116
78	128
78	161
78	162
78	174
78	176
78	200
78	252
78	254
78	256
78	263
78	264
78	287
79	3
79	31
79	36
79	40
79	59
79	104
79	124
79	150
79	160
79	161
79	177
79	186
79	199
79	221
79	222
79	255
79	262
79	273
79	279
79	286
80	5
80	20
80	35
80	48
80	71
80	84
80	103
80	115
80	125
80	152
80	162
80	163
80	207
80	224
80	235
80	251
80	268
80	271
80	285
80	287
81	6
81	18
81	39
81	50
81	58
81	65
81	99
81	104
81	150
81	156
81	173
81	223
81	231
81	234
81	257
81	268
81	272
81	277
81	284
81	294
82	18
82	68
82	75
82	106
82	138
82	144
82	149
82	160
82	183
82	192
82	202
82	220
82	221
82	258
82	259
82	270
82	271
82	285
82	292
82	296
83	25
83	29
83	61
83	78
83	85
83	130
83	153
83	163
83	167
83	185
83	192
83	201
83	230
83	234
83	246
83	249
83	252
83	255
83	257
83	297
84	14
84	20
84	59
84	61
84	62
84	71
84	80
84	91
84	94
84	124
84	180
84	229
84	233
84	234
84	238
84	262
84	275
84	278
84	281
84	289
85	13
85	26
85	27
85	33
85	60
85	62
85	67
85	73
85	78
85	83
85	94
85	98
85	130
85	167
85	184
85	191
85	211
85	250
85	252
85	298
86	35
86	40
86	41
86	59
86	62
86	120
86	125
86	137
86	138
86	155
86	193
86	202
86	220
86	228
86	242
86	264
86	265
86	275
86	280
86	297
87	18
87	26
87	58
87	60
87	70
87	98
87	109
87	162
87	168
87	177
87	194
87	216
87	229
87	240
87	263
87	267
87	274
87	291
87	294
87	299
88	35
88	44
88	53
88	63
88	110
88	129
88	202
88	205
88	208
88	226
88	238
88	246
88	248
88	260
88	279
88	280
88	282
88	291
88	292
88	295
89	19
89	45
89	49
89	69
89	70
89	72
89	95
89	112
89	119
89	134
89	146
89	159
89	203
89	209
89	219
89	230
89	267
89	284
89	288
89	297
90	38
90	49
90	58
90	76
90	94
90	132
90	140
90	143
90	150
90	161
90	211
90	219
90	220
90	242
90	244
90	247
90	256
90	264
90	274
90	293
91	2
91	10
91	35
91	75
91	84
91	99
91	116
91	169
91	172
91	181
91	199
91	218
91	221
91	237
91	252
91	255
91	269
91	278
91	286
91	293
92	39
92	42
92	54
92	65
92	67
92	77
92	100
92	102
92	124
92	151
92	165
92	171
92	192
92	205
92	210
92	216
92	248
92	251
92	281
92	282
93	14
93	36
93	42
93	94
93	98
93	111
93	126
93	140
93	149
93	165
93	184
93	188
93	193
93	201
93	208
93	243
93	253
93	269
93	270
93	281
94	16
94	43
94	62
94	66
94	78
94	84
94	85
94	90
94	93
94	117
94	150
94	191
94	192
94	220
94	245
94	252
94	261
94	263
94	280
94	286
95	6
95	8
95	54
95	89
95	98
95	106
95	111
95	157
95	187
95	215
95	228
95	230
95	237
95	239
95	247
95	249
95	250
95	272
95	282
95	293
96	27
96	48
96	59
96	68
96	108
96	109
96	114
96	157
96	186
96	200
96	206
96	232
96	252
96	259
96	274
96	283
96	285
96	291
96	294
96	296
97	23
97	46
97	57
97	105
97	107
97	122
97	131
97	145
97	148
97	157
97	201
97	203
97	226
97	228
97	263
97	278
97	286
97	293
97	298
97	299
98	5
98	48
98	85
98	87
98	93
98	95
98	108
98	134
98	136
98	167
98	169
98	174
98	208
98	217
98	237
98	268
98	278
98	279
98	281
98	292
99	42
99	68
99	73
99	81
99	91
99	101
99	117
99	130
99	137
99	147
99	154
99	160
99	184
99	185
99	191
99	226
99	235
99	254
99	290
99	299
100	9
100	32
100	55
100	56
100	92
100	117
100	143
100	155
100	157
100	202
100	215
100	218
100	252
100	263
100	270
100	272
100	275
100	284
100	294
100	298
101	2
101	27
101	34
101	54
101	99
101	113
101	131
101	143
101	154
101	179
101	196
101	197
101	198
101	205
101	223
101	227
101	233
101	248
101	265
101	298
102	9
102	27
102	33
102	38
102	46
102	47
102	61
102	92
102	108
102	164
102	182
102	198
102	215
102	216
102	222
102	234
102	241
102	245
102	249
102	256
103	45
103	53
103	54
103	55
103	80
103	115
103	120
103	130
103	136
103	140
103	161
103	184
103	207
103	229
103	232
103	240
103	261
103	262
103	288
103	300
104	30
104	67
104	79
104	81
104	107
104	109
104	111
104	117
104	120
104	123
104	148
104	155
104	172
104	188
104	205
104	222
104	238
104	241
104	246
104	282
104	294
105	2
105	97
105	107
105	114
105	123
105	130
105	148
105	154
105	158
105	171
105	175
105	197
105	212
105	214
105	238
105	250
105	255
105	256
105	271
105	286
105	293
106	13
106	26
106	29
106	78
106	82
106	95
106	120
106	131
106	146
106	149
106	184
106	198
106	202
106	226
106	228
106	242
106	246
106	247
106	253
106	266
106	286
107	28
107	29
107	97
107	104
107	105
107	114
107	122
107	131
107	138
107	173
107	180
107	194
107	198
107	203
107	205
107	212
107	227
107	239
107	271
107	274
107	295
108	12
108	45
108	60
108	96
108	98
108	102
108	186
108	192
108	195
108	209
108	222
108	243
108	244
108	259
108	267
108	271
108	277
108	288
108	291
108	293
108	296
109	2
109	23
109	57
109	63
109	87
109	96
109	104
109	157
109	158
109	211
109	212
109	237
109	253
109	259
109	262
109	268
109	280
109	283
109	291
109	296
109	299
110	9
110	88
110	114
110	130
110	135
110	148
110	152
110	184
110	185
110	191
110	194
110	196
110	199
110	217
110	240
110	248
110	275
110	279
110	282
110	286
110	293
111	72
111	76
111	93
111	95
111	104
111	135
111	152
111	162
111	189
111	190
111	205
111	214
111	225
111	244
111	248
111	260
111	277
111	282
111	283
111	286
111	290
112	2
112	5
112	16
112	33
112	44
112	51
112	74
112	89
112	124
112	144
112	152
112	157
112	213
112	239
112	245
112	250
112	252
112	254
112	255
112	272
112	279
113	1
113	2
113	16
113	32
113	64
113	101
113	117
113	121
113	134
113	142
113	162
113	168
113	180
113	185
113	200
113	228
113	237
113	258
113	260
113	271
113	288
114	23
114	24
114	33
114	49
114	96
114	105
114	107
114	110
114	162
114	190
114	196
114	218
114	242
114	249
114	250
114	255
114	263
114	267
114	268
114	270
114	284
115	7
115	12
115	17
115	24
115	45
115	56
115	74
115	80
115	103
115	140
115	145
115	196
115	209
115	221
115	238
115	261
115	271
115	282
115	284
115	287
115	295
116	53
116	58
116	61
116	64
116	78
116	91
116	128
116	145
116	163
116	188
116	204
116	209
116	222
116	238
116	240
116	245
116	254
116	262
116	275
116	278
116	292
117	59
117	73
117	94
117	99
117	100
117	104
117	113
117	149
117	151
117	181
117	191
117	194
117	206
117	215
117	256
117	265
117	267
117	268
117	275
117	285
117	299
118	17
118	29
118	41
118	61
118	71
118	131
118	137
118	162
118	178
118	189
118	213
118	215
118	228
118	230
118	239
118	265
118	281
118	284
118	294
118	295
118	299
119	28
119	55
119	56
119	71
119	89
119	123
119	126
119	130
119	150
119	189
119	191
119	211
119	212
119	214
119	233
119	242
119	244
119	261
119	273
119	292
119	300
120	12
120	37
120	43
120	53
120	67
120	68
120	86
120	103
120	104
120	106
120	134
120	140
120	197
120	214
120	215
120	226
120	248
120	260
120	279
120	282
120	291
121	5
121	30
121	54
121	113
121	136
121	170
121	179
121	191
121	201
121	203
121	212
121	232
121	236
121	247
121	253
121	255
121	267
121	269
121	275
121	277
121	298
122	30
122	39
122	41
122	47
122	66
122	69
122	97
122	107
122	142
122	153
122	172
122	192
122	197
122	229
122	231
122	253
122	257
122	263
122	267
122	277
122	281
123	9
123	11
123	32
123	61
123	72
123	75
123	104
123	105
123	119
123	133
123	152
123	161
123	175
123	188
123	192
123	213
123	244
123	259
123	263
123	266
123	286
124	8
124	19
124	49
124	54
124	63
124	79
124	84
124	92
124	112
124	152
124	165
124	197
124	201
124	218
124	226
124	249
124	257
124	268
124	272
124	273
124	275
125	12
125	28
125	40
125	42
125	59
125	80
125	86
125	131
125	134
125	137
125	141
125	153
125	165
125	181
125	207
125	225
125	234
125	248
125	255
125	277
125	291
126	5
126	22
126	24
126	49
126	62
126	93
126	119
126	131
126	133
126	136
126	144
126	168
126	182
126	203
126	224
126	232
126	236
126	239
126	276
126	284
126	290
127	17
127	22
127	57
127	60
127	61
127	142
127	143
127	150
127	175
127	195
127	225
127	244
127	245
127	251
127	259
127	278
127	280
127	294
127	297
127	299
127	300
128	8
128	37
128	47
128	49
128	61
128	78
128	116
128	129
128	130
128	133
128	145
128	159
128	160
128	170
128	190
128	217
128	241
128	258
128	263
128	279
128	287
129	13
129	42
129	59
129	67
129	75
129	88
129	128
129	134
129	136
129	164
129	166
129	201
129	216
129	249
129	262
129	263
129	269
129	280
129	281
129	290
129	292
130	13
130	62
130	76
130	83
130	85
130	99
130	103
130	105
130	110
130	119
130	128
130	133
130	148
130	168
130	192
130	243
130	246
130	252
130	264
130	295
130	297
131	24
131	63
131	73
131	77
131	97
131	101
131	106
131	107
131	118
131	125
131	126
131	141
131	169
131	181
131	189
131	222
131	224
131	227
131	236
131	255
131	269
131	276
132	14
132	22
132	41
132	55
132	58
132	90
132	152
132	153
132	191
132	204
132	211
132	223
132	232
132	247
132	248
132	258
132	260
132	261
132	262
132	280
132	295
132	299
133	17
133	25
133	26
133	54
133	71
133	123
133	126
133	128
133	130
133	137
133	153
133	213
133	223
133	242
133	265
133	267
133	271
133	272
133	276
133	280
133	282
133	283
134	33
134	35
134	60
134	76
134	89
134	98
134	113
134	120
134	125
134	129
134	135
134	144
134	168
134	173
134	179
134	192
134	195
134	210
134	225
134	255
134	264
134	298
135	12
135	13
135	23
135	38
135	68
135	69
135	110
135	111
135	134
135	142
135	158
135	160
135	182
135	186
135	189
135	219
135	231
135	259
135	267
135	274
135	277
135	290
136	6
136	30
136	54
136	60
136	98
136	103
136	121
136	126
136	129
136	179
136	191
136	214
136	217
136	239
136	246
136	251
136	255
136	262
136	263
136	280
136	287
136	295
137	1
137	21
137	52
137	63
137	86
137	99
137	118
137	125
137	133
137	150
137	176
137	180
137	181
137	196
137	198
137	217
137	252
137	261
137	262
137	273
137	276
137	297
138	1
138	50
138	53
138	57
138	60
138	82
138	86
138	107
138	140
138	141
138	163
138	177
138	178
138	181
138	209
138	219
138	245
138	258
138	269
138	272
138	280
138	293
139	3
139	20
139	52
139	56
139	77
139	160
139	181
139	186
139	187
139	194
139	197
139	202
139	207
139	209
139	218
139	220
139	224
139	238
139	247
139	255
139	284
139	300
140	7
140	70
140	90
140	93
140	103
140	115
140	120
140	138
140	145
140	168
140	178
140	183
140	191
140	200
140	208
140	241
140	245
140	267
140	274
140	279
140	282
140	295
141	19
141	21
141	29
141	66
141	125
141	131
141	138
141	157
141	172
141	173
141	175
141	179
141	196
141	250
141	252
141	255
141	257
141	269
141	287
141	291
141	297
141	298
142	17
142	20
142	31
142	37
142	46
142	52
142	113
142	122
142	127
142	135
142	151
142	177
142	207
142	210
142	228
142	231
142	233
142	254
142	256
142	259
142	267
142	276
143	30
143	71
143	72
143	77
143	90
143	100
143	101
143	127
143	159
143	178
143	190
143	199
143	202
143	218
143	225
143	239
143	242
143	244
143	249
143	250
143	252
143	269
144	11
144	13
144	25
144	66
144	69
144	82
144	112
144	126
144	134
144	160
144	178
144	198
144	213
144	219
144	230
144	245
144	252
144	261
144	272
144	285
144	294
144	298
145	6
145	12
145	41
145	44
145	51
145	97
145	115
145	116
145	128
145	140
145	183
145	195
145	204
145	214
145	251
145	268
145	276
145	277
145	278
145	280
145	285
145	292
146	12
146	23
146	24
146	89
146	106
146	159
146	163
146	171
146	173
146	189
146	196
146	235
146	246
146	259
146	271
146	276
146	280
146	288
146	289
146	296
146	297
146	300
147	20
147	23
147	29
147	40
147	45
147	66
147	76
147	99
147	148
147	160
147	191
147	218
147	238
147	241
147	246
147	278
147	284
147	287
147	288
147	290
147	294
147	297
148	12
148	29
148	31
148	59
148	64
148	73
148	97
148	104
148	105
148	110
148	130
148	147
148	158
148	207
148	215
148	220
148	227
148	247
148	254
148	261
148	266
148	275
148	290
149	13
149	33
149	34
149	43
149	56
149	73
149	82
149	93
149	106
149	117
149	202
149	204
149	219
149	225
149	229
149	237
149	239
149	270
149	277
149	283
149	289
149	296
149	298
150	3
150	14
150	51
150	52
150	57
150	66
150	79
150	81
150	90
150	94
150	119
150	127
150	137
150	161
150	166
150	195
150	222
150	254
150	260
150	266
150	272
150	273
150	281
151	1
151	41
151	50
151	59
151	63
151	66
151	92
151	117
151	142
151	165
151	176
151	184
151	192
151	234
151	237
151	253
151	262
151	268
151	286
151	291
151	293
151	294
151	299
152	11
152	26
152	51
152	60
152	62
152	68
152	80
152	110
152	111
152	112
152	123
152	124
152	132
152	170
152	188
152	193
152	197
152	200
152	211
152	215
152	244
152	259
152	289
153	3
153	14
153	41
153	50
153	68
153	71
153	83
153	122
153	125
153	132
153	133
153	159
153	166
153	171
153	175
153	193
153	198
153	206
153	219
153	234
153	244
153	272
153	277
154	11
154	15
154	27
154	56
154	70
154	99
154	101
154	105
154	182
154	189
154	215
154	222
154	240
154	245
154	246
154	254
154	257
154	263
154	273
154	282
154	289
154	297
154	300
155	21
155	22
155	41
155	69
155	70
155	86
155	100
155	104
155	165
155	174
155	175
155	202
155	207
155	216
155	226
155	263
155	272
155	273
155	276
155	278
155	280
155	284
155	300
156	4
156	14
156	25
156	62
156	66
156	69
156	81
156	167
156	169
156	172
156	183
156	193
156	200
156	201
156	213
156	218
156	219
156	240
156	251
156	252
156	268
156	290
156	297
157	10
157	18
157	22
157	27
157	74
157	95
157	96
157	97
157	100
157	109
157	112
157	141
157	166
157	169
157	196
157	218
157	219
157	221
157	253
157	265
157	279
157	289
157	299
158	19
158	26
158	32
158	41
158	105
158	109
158	135
158	148
158	171
158	199
158	203
158	220
158	228
158	235
158	257
158	261
158	262
158	267
158	269
158	270
158	279
158	280
158	291
158	296
159	2
159	8
159	21
159	30
159	54
159	66
159	69
159	89
159	128
159	143
159	146
159	153
159	185
159	209
159	213
159	221
159	232
159	250
159	252
159	264
159	267
159	269
159	291
159	293
160	6
160	10
160	50
160	53
160	57
160	79
160	82
160	99
160	128
160	135
160	139
160	144
160	147
160	197
160	209
160	222
160	227
160	230
160	233
160	243
160	250
160	256
160	278
160	281
161	22
161	78
161	79
161	90
161	103
161	123
161	150
161	162
161	171
161	172
161	183
161	233
161	240
161	241
161	246
161	248
161	260
161	261
161	276
161	284
161	292
161	295
161	299
161	300
162	23
162	26
162	48
162	78
162	80
162	87
162	111
162	113
162	114
162	118
162	161
162	198
162	211
162	224
162	242
162	247
162	248
162	261
162	262
162	274
162	284
162	288
162	295
162	297
163	16
163	80
163	83
163	116
163	138
163	146
163	172
163	174
163	194
163	203
163	208
163	209
163	210
163	211
163	219
163	246
163	263
163	264
163	271
163	277
163	279
163	288
163	289
163	298
164	8
164	10
164	38
164	42
164	56
164	59
164	72
164	102
164	129
164	186
164	187
164	190
164	212
164	216
164	229
164	256
164	274
164	277
164	284
164	289
164	293
164	295
164	296
164	297
165	19
165	22
165	55
165	92
165	93
165	124
165	125
165	151
165	155
165	170
165	201
165	210
165	212
165	215
165	219
165	223
165	234
165	247
165	249
165	256
165	279
165	292
165	294
165	300
166	21
166	24
166	27
166	31
166	57
166	62
166	129
166	150
166	153
166	157
166	168
166	169
166	185
166	190
166	196
166	211
166	226
166	245
166	260
166	266
166	267
166	268
166	279
166	293
167	6
167	12
167	14
167	60
167	83
167	85
167	98
167	156
167	182
167	184
167	185
167	210
167	212
167	214
167	226
167	250
167	263
167	266
167	271
167	273
167	275
167	278
167	290
167	292
168	9
168	12
168	14
168	24
168	40
168	58
168	59
168	62
168	87
168	113
168	126
168	130
168	134
168	140
168	166
168	175
168	201
168	213
168	235
168	244
168	248
168	279
168	299
168	300
169	11
169	51
169	64
169	76
169	91
169	98
169	131
169	156
169	157
169	166
169	178
169	198
169	199
169	213
169	224
169	229
169	236
169	239
169	245
169	271
169	289
169	290
169	292
169	294
170	36
170	39
170	49
170	53
170	57
170	58
170	61
170	70
170	121
170	128
170	152
170	165
170	172
170	173
170	176
170	192
170	202
170	205
170	214
170	216
170	240
170	274
170	290
170	296
170	298
171	1
171	5
171	28
171	46
171	71
171	92
171	105
171	146
171	153
171	158
171	161
171	186
171	203
171	210
171	236
171	240
171	242
171	251
171	259
171	261
171	279
171	284
171	291
171	296
171	299
172	15
172	18
172	44
172	70
172	91
172	104
172	122
172	141
172	156
172	161
172	163
172	170
172	175
172	211
172	214
172	218
172	228
172	239
172	244
172	253
172	266
172	269
172	288
172	290
172	300
173	27
173	30
173	63
173	67
173	71
173	81
173	107
173	134
173	141
173	146
173	170
173	177
173	178
173	181
173	204
173	215
173	224
173	232
173	236
173	253
173	262
173	264
173	277
173	280
173	286
174	4
174	10
174	15
174	18
174	25
174	52
174	78
174	98
174	155
174	163
174	190
174	206
174	213
174	218
174	224
174	229
174	230
174	231
174	237
174	255
174	267
174	279
174	287
174	289
174	297
175	47
175	74
175	105
175	123
175	127
175	141
175	153
175	155
175	168
175	172
175	197
175	213
175	214
175	221
175	229
175	235
175	240
175	243
175	244
175	252
175	255
175	262
175	269
175	278
175	293
176	8
176	14
176	40
176	46
176	53
176	75
176	78
176	137
176	151
176	170
176	177
176	180
176	187
176	230
176	237
176	242
176	251
176	256
176	258
176	263
176	277
176	278
176	285
176	289
176	296
177	19
177	30
177	37
177	38
177	53
177	60
177	72
177	79
177	87
177	138
177	142
177	173
177	176
177	183
177	209
177	227
177	232
177	233
177	234
177	260
177	270
177	284
177	285
177	292
177	297
178	22
178	37
178	45
178	63
178	74
178	118
178	138
178	140
178	143
178	144
178	169
178	173
178	196
178	197
178	219
178	231
178	240
178	245
178	247
178	253
178	269
178	274
178	286
178	287
178	294
179	7
179	57
179	60
179	74
179	77
179	101
179	121
179	134
179	136
179	141
179	190
179	194
179	207
179	219
179	223
179	224
179	225
179	227
179	232
179	235
179	259
179	260
179	271
179	282
179	297
180	3
180	13
180	38
180	77
180	84
180	107
180	113
180	137
180	176
180	193
180	197
180	203
180	205
180	235
180	237
180	239
180	264
180	268
180	270
180	271
180	276
180	285
180	292
180	296
180	298
181	67
181	91
181	117
181	125
181	131
181	137
181	138
181	139
181	173
181	202
181	205
181	215
181	216
181	221
181	224
181	228
181	248
181	251
181	255
181	262
181	268
181	273
181	276
181	286
181	298
182	2
182	20
182	36
182	38
182	41
182	65
182	66
182	70
182	102
182	126
182	135
182	154
182	167
182	183
182	185
182	196
182	199
182	202
182	214
182	233
182	237
182	250
182	251
182	264
182	293
183	6
183	13
183	29
183	46
183	63
183	82
183	140
183	145
183	156
183	161
183	177
183	182
183	194
183	220
183	226
183	233
183	243
183	266
183	268
183	270
183	278
183	289
183	292
183	294
183	296
184	12
184	16
184	42
184	67
184	70
184	85
184	93
184	99
184	103
184	106
184	110
184	151
184	167
184	205
184	226
184	233
184	245
184	247
184	253
184	264
184	273
184	276
184	282
184	288
184	299
185	54
185	66
185	74
185	83
185	99
185	110
185	113
185	159
185	166
185	167
185	182
185	213
185	218
185	219
185	221
185	240
185	245
185	261
185	264
185	265
185	279
185	286
185	288
185	289
185	294
185	299
186	9
186	15
186	29
186	39
186	43
186	58
186	79
186	96
186	108
186	135
186	139
186	164
186	171
186	188
186	208
186	209
186	210
186	228
186	264
186	269
186	284
186	287
186	288
186	289
186	291
186	296
187	3
187	11
187	22
187	34
187	39
187	48
187	60
187	95
187	139
187	164
187	176
187	188
187	202
187	206
187	207
187	216
187	222
187	224
187	249
187	268
187	270
187	271
187	282
187	285
187	289
187	298
188	3
188	17
188	40
188	70
188	93
188	104
188	116
188	123
188	152
188	186
188	187
188	191
188	193
188	203
188	213
188	219
188	224
188	229
188	240
188	256
188	257
188	260
188	274
188	275
188	279
188	297
189	10
189	18
189	27
189	67
189	68
189	70
189	111
189	118
189	119
189	131
189	135
189	146
189	154
189	201
189	212
189	216
189	233
189	241
189	254
189	258
189	264
189	272
189	273
189	287
189	288
189	289
190	11
190	14
190	19
190	39
190	68
190	75
190	111
190	114
190	128
190	143
190	164
190	166
190	174
190	179
190	191
190	198
190	206
190	210
190	244
190	251
190	263
190	265
190	267
190	269
190	275
190	296
191	51
191	55
191	85
191	94
191	99
191	110
191	117
191	119
191	121
191	132
191	136
191	140
191	147
191	188
191	190
191	197
191	214
191	217
191	234
191	250
191	258
191	261
191	271
191	278
191	281
191	297
192	13
192	15
192	25
192	33
192	37
192	82
192	83
192	92
192	94
192	108
192	122
192	123
192	130
192	134
192	151
192	170
192	199
192	242
192	255
192	272
192	279
192	283
192	285
192	289
192	293
192	299
193	50
193	67
193	69
193	70
193	86
193	93
193	152
193	153
193	156
193	180
193	188
193	196
193	198
193	201
193	215
193	227
193	228
193	262
193	265
193	274
193	280
193	292
193	293
193	296
193	297
193	299
194	13
194	16
194	35
194	50
194	54
194	66
194	87
194	107
194	110
194	117
194	139
194	163
194	179
194	183
194	203
194	206
194	212
194	213
194	234
194	236
194	255
194	259
194	264
194	271
194	293
194	296
195	38
195	53
195	57
195	108
195	127
195	134
195	145
195	150
195	207
195	217
195	225
195	230
195	235
195	237
195	240
195	242
195	245
195	247
195	253
195	254
195	258
195	271
195	272
195	280
195	285
195	293
196	39
196	46
196	73
196	74
196	101
196	110
196	114
196	115
196	137
196	141
196	146
196	157
196	166
196	178
196	182
196	193
196	210
196	227
196	247
196	248
196	250
196	254
196	261
196	267
196	270
196	295
197	16
197	43
197	64
197	101
197	105
197	120
197	122
197	124
197	139
197	152
197	160
197	175
197	178
197	180
197	191
197	201
197	212
197	232
197	237
197	241
197	248
197	257
197	266
197	271
197	277
197	294
197	299
198	17
198	25
198	51
198	55
198	101
198	102
198	106
198	107
198	137
198	144
198	153
198	162
198	169
198	190
198	193
198	202
198	220
198	224
198	225
198	226
198	233
198	238
198	252
198	264
198	273
198	274
198	276
199	25
199	28
199	39
199	50
199	58
199	73
199	79
199	91
199	110
199	143
199	158
199	169
199	182
199	192
199	202
199	211
199	214
199	217
199	225
199	241
199	246
199	251
199	253
199	269
199	273
199	279
199	290
200	3
200	7
200	53
200	65
200	70
200	76
200	78
200	96
200	113
200	140
200	152
200	156
200	204
200	208
200	218
200	223
200	228
200	237
200	249
200	260
200	264
200	270
200	281
200	283
200	286
200	290
200	300
201	18
201	27
201	39
201	43
201	83
201	93
201	97
201	121
201	124
201	129
201	156
201	165
201	168
201	189
201	193
201	197
201	213
201	215
201	216
201	221
201	241
201	243
201	247
201	277
201	293
201	294
201	298
202	37
202	76
202	82
202	86
202	88
202	100
202	106
202	139
202	143
202	149
202	155
202	170
202	181
202	182
202	187
202	198
202	199
202	215
202	216
202	225
202	240
202	253
202	266
202	283
202	290
202	292
202	294
203	10
203	32
203	55
203	57
203	89
203	97
203	107
203	121
203	126
203	158
203	163
203	171
203	180
203	188
203	194
203	214
203	226
203	235
203	236
203	255
203	260
203	262
203	271
203	286
203	292
203	293
203	298
204	1
204	3
204	12
204	19
204	31
204	46
204	53
204	55
204	68
204	75
204	116
204	132
204	145
204	149
204	173
204	200
204	215
204	233
204	252
204	267
204	271
204	276
204	278
204	280
204	285
204	288
204	292
205	4
205	11
205	21
205	38
205	88
205	92
205	101
205	104
205	107
205	111
205	170
205	180
205	181
205	184
205	207
205	220
205	221
205	222
205	230
205	236
205	255
205	268
205	269
205	273
205	281
205	287
205	292
206	9
206	13
206	20
206	23
206	58
206	60
206	77
206	96
206	117
206	153
206	174
206	187
206	190
206	194
206	212
206	227
206	230
206	233
206	236
206	239
206	241
206	251
206	270
206	273
206	295
206	297
206	299
207	8
207	11
207	24
207	30
207	40
207	60
207	63
207	64
207	80
207	103
207	125
207	139
207	142
207	148
207	155
207	179
207	187
207	195
207	205
207	222
207	230
207	241
207	257
207	275
207	280
207	299
207	300
208	40
208	52
208	65
208	70
208	74
208	76
208	77
208	88
208	93
208	98
208	140
208	163
208	186
208	200
208	216
208	217
208	230
208	231
208	239
208	241
208	249
208	279
208	286
208	287
208	288
208	290
208	291
209	1
209	31
209	33
209	47
209	53
209	54
209	56
209	89
209	108
209	115
209	116
209	138
209	139
209	159
209	160
209	163
209	177
209	186
209	211
209	219
209	225
209	241
209	243
209	278
209	285
209	286
209	295
210	1
210	21
210	22
210	28
210	40
210	92
210	134
210	142
210	163
210	165
210	167
210	171
210	186
210	190
210	196
210	212
210	221
210	228
210	231
210	234
210	241
210	265
210	267
210	288
210	291
210	296
210	299
211	3
211	28
211	49
211	85
211	90
211	109
211	119
211	132
211	152
211	162
211	163
211	166
211	172
211	199
211	209
211	212
211	214
211	216
211	222
211	234
211	239
211	243
211	256
211	261
211	266
211	281
211	283
212	28
212	32
212	40
212	63
212	105
212	107
212	109
212	119
212	121
212	164
212	165
212	167
212	189
212	194
212	197
212	206
212	210
212	211
212	215
212	234
212	244
212	247
212	262
212	275
212	289
212	297
212	298
213	8
213	112
213	118
213	123
213	133
213	144
213	156
213	159
213	168
213	169
213	174
213	175
213	185
213	188
213	194
213	201
213	224
213	229
213	245
213	257
213	258
213	270
213	273
213	282
213	283
213	284
213	287
214	2
214	41
214	48
214	68
214	69
214	105
214	111
214	119
214	120
214	136
214	145
214	167
214	170
214	172
214	175
214	182
214	191
214	199
214	203
214	211
214	228
214	254
214	276
214	277
214	290
214	293
214	296
214	297
215	19
215	38
215	55
215	57
215	73
215	75
215	95
215	100
215	102
215	117
215	118
215	120
215	148
215	152
215	154
215	165
215	173
215	181
215	193
215	201
215	202
215	204
215	212
215	217
215	231
215	232
215	277
215	284
216	12
216	26
216	34
216	35
216	62
216	87
216	92
216	102
216	129
216	155
216	164
216	170
216	181
216	187
216	189
216	201
216	202
216	208
216	211
216	231
216	244
216	260
216	266
216	273
216	277
216	283
216	291
216	293
217	5
217	22
217	23
217	25
217	37
217	44
217	50
217	98
217	110
217	128
217	136
217	137
217	191
217	195
217	199
217	208
217	215
217	219
217	225
217	258
217	261
217	273
217	274
217	275
217	280
217	286
217	294
217	300
218	46
218	68
218	75
218	91
218	100
218	114
218	124
218	139
218	143
218	147
218	156
218	157
218	172
218	174
218	185
218	200
218	223
218	228
218	236
218	239
218	245
218	247
218	263
218	266
218	269
218	286
218	293
218	295
219	66
219	77
219	89
219	90
219	135
219	138
219	144
219	149
219	153
219	156
219	157
219	163
219	165
219	178
219	179
219	185
219	188
219	209
219	217
219	221
219	226
219	239
219	257
219	265
219	268
219	273
219	283
219	298
220	4
220	9
220	17
220	24
220	33
220	45
220	55
220	58
220	61
220	82
220	86
220	90
220	94
220	139
220	148
220	158
220	183
220	198
220	205
220	224
220	228
220	254
220	262
220	272
220	273
220	276
220	278
220	279
221	6
221	15
221	16
221	35
221	48
221	63
221	73
221	77
221	79
221	82
221	91
221	115
221	157
221	159
221	175
221	181
221	185
221	201
221	205
221	210
221	219
221	232
221	239
221	248
221	252
221	255
221	269
221	294
222	23
222	25
222	34
222	53
222	54
222	79
222	102
222	104
222	108
222	116
222	131
222	150
222	154
222	160
222	187
222	205
222	207
222	211
222	227
222	253
222	256
222	262
222	265
222	276
222	280
222	291
222	293
222	294
223	7
223	10
223	15
223	16
223	20
223	26
223	32
223	35
223	37
223	58
223	63
223	81
223	101
223	132
223	133
223	165
223	179
223	200
223	218
223	233
223	238
223	247
223	254
223	256
223	274
223	282
223	284
223	294
223	295
224	2
224	71
224	80
224	126
224	131
224	139
224	162
224	169
224	173
224	174
224	179
224	181
224	187
224	188
224	198
224	213
224	220
224	230
224	235
224	256
224	260
224	261
224	277
224	286
224	290
224	291
224	292
224	294
224	298
225	5
225	19
225	22
225	24
225	43
225	49
225	70
225	72
225	111
225	125
225	127
225	134
225	143
225	149
225	179
225	195
225	198
225	199
225	202
225	209
225	217
225	241
225	258
225	276
225	287
225	290
225	291
225	295
225	298
226	2
226	5
226	7
226	14
226	36
226	47
226	50
226	51
226	88
226	97
226	99
226	106
226	120
226	124
226	155
226	166
226	167
226	183
226	184
226	198
226	203
226	219
226	246
226	277
226	283
226	296
226	297
226	298
226	299
227	16
227	32
227	35
227	36
227	40
227	54
227	55
227	59
227	64
227	73
227	101
227	107
227	131
227	148
227	160
227	177
227	179
227	193
227	196
227	206
227	222
227	230
227	249
227	252
227	253
227	257
227	258
227	287
227	290
228	4
228	21
228	23
228	34
228	86
228	95
228	97
228	106
228	113
228	118
228	142
228	158
228	172
228	181
228	186
228	193
228	200
228	210
228	214
228	218
228	220
228	233
228	244
228	247
228	267
228	275
228	282
228	291
228	296
229	38
229	39
229	42
229	55
229	64
229	72
229	73
229	84
229	87
229	103
229	122
229	149
229	164
229	169
229	174
229	175
229	188
229	213
229	231
229	238
229	240
229	253
229	260
229	264
229	268
229	273
229	274
229	283
229	284
230	16
230	45
230	46
230	77
230	83
230	89
230	95
230	118
230	144
230	160
230	174
230	176
230	195
230	205
230	206
230	207
230	208
230	224
230	227
230	248
230	249
230	252
230	254
230	258
230	259
230	271
230	275
230	281
230	288
231	21
231	23
231	26
231	52
231	66
231	69
231	81
231	122
231	135
231	142
231	174
231	178
231	208
231	210
231	215
231	216
231	229
231	238
231	240
231	242
231	249
231	252
231	259
231	281
231	288
231	291
231	296
231	298
231	299
232	16
232	33
232	44
232	49
232	69
232	73
232	75
232	96
232	103
232	121
232	126
232	132
232	159
232	173
232	177
232	179
232	197
232	215
232	221
232	242
232	244
232	257
232	265
232	271
232	277
232	290
232	294
232	296
232	300
233	1
233	17
233	18
233	20
233	36
233	47
233	84
233	101
233	119
233	142
233	160
233	161
233	177
233	182
233	183
233	184
233	189
233	198
233	204
233	206
233	223
233	228
233	243
233	258
233	274
233	283
233	285
233	288
233	292
234	10
234	11
234	63
234	81
234	83
234	84
234	102
234	125
234	151
234	153
234	165
234	177
234	191
234	194
234	210
234	211
234	212
234	236
234	238
234	245
234	247
234	251
234	262
234	263
234	265
234	267
234	272
234	274
234	276
234	284
235	2
235	3
235	8
235	42
235	57
235	60
235	80
235	99
235	146
235	158
235	168
235	175
235	179
235	180
235	195
235	203
235	224
235	236
235	250
235	251
235	262
235	265
235	266
235	268
235	272
235	278
235	281
235	285
235	286
235	293
236	6
236	33
236	34
236	56
236	60
236	64
236	67
236	121
236	126
236	131
236	169
236	171
236	173
236	194
236	203
236	205
236	206
236	218
236	234
236	235
236	246
236	249
236	252
236	262
236	268
236	281
236	282
236	295
236	297
236	298
237	10
237	29
237	36
237	46
237	56
237	59
237	65
237	91
237	95
237	98
237	109
237	113
237	149
237	151
237	174
237	176
237	180
237	182
237	195
237	197
237	200
237	249
237	250
237	253
237	258
237	267
237	269
237	276
237	284
237	295
238	4
238	17
238	21
238	31
238	40
238	47
238	49
238	67
238	74
238	76
238	84
238	88
238	104
238	105
238	115
238	116
238	139
238	147
238	198
238	223
238	229
238	231
238	234
238	241
238	251
238	279
238	283
238	288
238	289
238	300
239	8
239	24
239	32
239	60
239	74
239	95
239	107
239	112
239	118
239	126
239	136
239	143
239	149
239	169
239	172
239	180
239	206
239	208
239	211
239	218
239	219
239	221
239	252
239	256
239	260
239	261
239	262
239	273
239	279
239	293
240	4
240	8
240	17
240	20
240	30
240	32
240	68
240	87
240	103
240	110
240	116
240	154
240	156
240	161
240	170
240	171
240	175
240	178
240	185
240	188
240	195
240	202
240	229
240	231
240	268
240	274
240	276
240	280
240	284
240	295
240	296
241	4
241	9
241	10
241	28
241	61
241	70
241	72
241	102
241	104
241	128
241	140
241	147
241	161
241	189
241	197
241	199
241	201
241	206
241	207
241	208
241	209
241	210
241	225
241	238
241	269
241	274
241	275
241	282
241	289
241	292
241	297
242	22
242	46
242	64
242	73
242	86
242	90
242	106
242	114
242	119
242	133
242	143
242	162
242	171
242	176
242	192
242	195
242	231
242	232
242	243
242	245
242	255
242	272
242	273
242	274
242	279
242	280
242	281
242	287
242	295
242	298
242	300
243	5
243	15
243	18
243	27
243	40
243	42
243	53
243	68
243	74
243	77
243	93
243	108
243	130
243	160
243	175
243	183
243	201
243	209
243	211
243	233
243	242
243	247
243	248
243	259
243	278
243	285
243	290
243	291
243	292
243	295
243	296
244	3
244	23
244	27
244	31
244	47
244	48
244	50
244	90
244	108
244	111
244	119
244	123
244	127
244	143
244	152
244	153
244	168
244	172
244	175
244	190
244	212
244	216
244	228
244	232
244	260
244	274
244	277
244	279
244	286
244	289
244	295
245	27
245	94
245	102
245	112
245	116
245	127
245	138
245	140
245	144
245	154
245	166
245	169
245	178
245	184
245	185
245	195
245	213
245	218
245	234
245	242
245	248
245	250
245	255
245	265
245	269
245	270
245	275
245	283
245	288
245	297
245	300
246	4
246	7
246	36
246	47
246	51
246	72
246	76
246	83
246	88
246	104
246	106
246	130
246	136
246	146
246	147
246	154
246	161
246	163
246	199
246	226
246	236
246	248
246	256
246	257
246	264
246	270
246	272
246	282
246	284
246	292
246	294
247	8
247	20
247	27
247	42
247	90
247	95
247	106
247	121
247	132
247	139
247	148
247	162
247	165
247	178
247	184
247	195
247	196
247	201
247	212
247	218
247	223
247	228
247	234
247	243
247	253
247	258
247	265
247	268
247	274
247	284
247	297
247	300
248	5
248	62
248	65
248	88
248	92
248	101
248	110
248	111
248	120
248	125
248	132
248	161
248	162
248	168
248	181
248	196
248	197
248	221
248	230
248	243
248	245
248	246
248	260
248	270
248	272
248	282
248	283
248	286
248	290
248	295
248	296
248	300
249	4
249	6
249	12
249	14
249	15
249	22
249	31
249	32
249	38
249	74
249	83
249	95
249	102
249	114
249	124
249	129
249	143
249	165
249	187
249	200
249	208
249	227
249	230
249	231
249	236
249	237
249	250
249	262
249	266
249	288
249	289
249	292
250	15
250	28
250	34
250	39
250	44
250	69
250	71
250	77
250	85
250	95
250	105
250	112
250	114
250	141
250	143
250	159
250	160
250	167
250	182
250	191
250	196
250	235
250	237
250	245
250	249
250	254
250	269
250	272
250	278
250	285
250	289
250	291
251	23
251	32
251	36
251	44
251	61
251	73
251	80
251	92
251	127
251	136
251	145
251	156
251	171
251	176
251	181
251	182
251	190
251	199
251	206
251	234
251	235
251	238
251	256
251	257
251	261
251	262
251	270
251	282
251	286
251	291
251	298
251	299
252	1
252	9
252	14
252	15
252	44
252	53
252	78
252	83
252	85
252	91
252	94
252	96
252	100
252	112
252	130
252	137
252	141
252	143
252	144
252	156
252	159
252	175
252	198
252	204
252	221
252	227
252	230
252	231
252	236
252	239
252	265
252	266
252	292
253	25
253	41
253	43
253	56
253	58
253	62
253	65
253	93
253	106
253	109
253	121
253	122
253	151
253	157
253	172
253	173
253	178
253	184
253	195
253	199
253	202
253	222
253	227
253	229
253	237
253	247
253	258
253	263
253	284
253	290
253	293
253	294
253	299
254	15
254	34
254	38
254	42
254	51
254	59
254	61
254	78
254	99
254	112
254	116
254	142
254	148
254	150
254	154
254	189
254	195
254	196
254	214
254	220
254	223
254	230
254	250
254	256
254	258
254	273
254	278
254	283
254	287
254	290
254	294
254	299
254	300
255	18
255	32
255	47
255	55
255	79
255	83
255	91
255	105
255	112
255	114
255	121
255	125
255	131
255	134
255	136
255	139
255	141
255	174
255	175
255	181
255	192
255	194
255	203
255	205
255	221
255	242
255	245
255	258
255	263
255	268
255	281
255	292
255	298
256	20
256	24
256	27
256	36
256	60
256	73
256	78
256	90
256	102
256	105
256	117
256	142
256	160
256	164
256	165
256	176
256	188
256	211
256	222
256	223
256	224
256	239
256	246
256	251
256	254
256	260
256	264
256	281
256	285
256	288
256	290
256	291
256	293
257	15
257	21
257	35
257	43
257	69
257	77
257	81
257	83
257	122
257	124
257	141
257	154
257	158
257	188
257	197
257	207
257	213
257	219
257	227
257	232
257	246
257	251
257	259
257	260
257	262
257	273
257	275
257	279
257	280
257	281
257	287
257	294
257	298
258	5
258	35
258	45
258	51
258	70
258	82
258	113
258	128
258	132
258	138
258	176
258	189
258	191
258	195
258	213
258	217
258	225
258	227
258	230
258	233
258	237
258	247
258	253
258	254
258	255
258	260
258	265
258	273
258	276
258	278
258	280
258	292
258	300
259	16
259	28
259	65
259	66
259	68
259	77
259	82
259	96
259	108
259	109
259	123
259	127
259	135
259	142
259	146
259	152
259	171
259	179
259	194
259	230
259	231
259	243
259	257
259	264
259	268
259	269
259	273
259	276
259	281
259	291
259	295
259	296
259	299
260	31
260	41
260	63
260	66
260	75
260	88
260	111
260	113
260	120
260	132
260	150
260	161
260	166
260	177
260	179
260	188
260	200
260	203
260	216
260	224
260	229
260	239
260	244
260	248
260	256
260	257
260	258
260	263
260	277
260	279
260	282
260	287
260	290
261	26
261	38
261	44
261	58
261	75
261	94
261	103
261	115
261	119
261	132
261	137
261	144
261	148
261	158
261	161
261	162
261	171
261	185
261	191
261	196
261	211
261	217
261	224
261	239
261	251
261	270
261	276
261	283
261	284
261	290
261	291
261	295
261	300
262	9
262	26
262	48
262	69
262	72
262	79
262	84
262	103
262	109
262	116
262	129
262	132
262	136
262	137
262	151
262	158
262	162
262	173
262	175
262	181
262	193
262	203
262	212
262	220
262	222
262	234
262	235
262	236
262	239
262	249
262	251
262	257
262	275
262	291
263	14
263	24
263	32
263	50
263	69
263	76
263	78
263	87
263	94
263	97
263	100
263	114
263	122
263	123
263	128
263	129
263	136
263	154
263	155
263	163
263	167
263	176
263	190
263	218
263	234
263	253
263	255
263	260
263	270
263	273
263	276
263	280
263	285
263	296
264	10
264	14
264	19
264	65
264	74
264	78
264	86
264	90
264	130
264	134
264	159
264	163
264	173
264	180
264	182
264	184
264	185
264	186
264	189
264	194
264	198
264	200
264	229
264	246
264	256
264	259
264	266
264	278
264	280
264	284
264	287
264	289
264	297
264	300
265	12
265	19
265	39
265	43
265	48
265	63
265	86
265	101
265	117
265	118
265	133
265	157
265	185
265	190
265	193
265	210
265	219
265	222
265	232
265	234
265	235
265	245
265	247
265	252
265	258
265	266
265	267
265	275
265	277
265	283
265	286
265	289
265	290
265	294
265	298
266	7
266	15
266	17
266	33
266	38
266	43
266	68
266	75
266	106
266	123
266	148
266	150
266	166
266	167
266	172
266	183
266	197
266	202
266	211
266	216
266	218
266	235
266	249
266	252
266	264
266	265
266	279
266	280
266	283
266	284
266	285
266	286
266	290
266	291
266	295
267	4
267	21
267	28
267	43
267	45
267	52
267	67
267	87
267	89
267	108
267	114
267	117
267	121
267	122
267	133
267	135
267	140
267	142
267	158
267	159
267	166
267	174
267	190
267	196
267	204
267	210
267	228
267	234
267	237
267	265
267	279
267	289
267	291
267	296
267	300
268	11
268	25
268	51
268	64
268	72
268	80
268	81
268	98
268	109
268	114
268	117
268	124
268	145
268	151
268	156
268	166
268	180
268	181
268	183
268	187
268	205
268	219
268	229
268	235
268	236
268	240
268	247
268	255
268	259
268	269
268	283
268	289
268	292
268	295
268	298
269	4
269	34
269	40
269	65
269	91
269	93
269	121
269	129
269	131
269	138
269	141
269	143
269	158
269	159
269	172
269	175
269	178
269	186
269	190
269	199
269	205
269	218
269	221
269	237
269	241
269	245
269	250
269	259
269	268
269	272
269	274
269	278
269	283
269	291
269	296
270	7
270	13
270	20
270	23
270	37
270	51
270	58
270	66
270	71
270	82
270	93
270	100
270	114
270	149
270	158
270	177
270	180
270	183
270	187
270	196
270	200
270	206
270	213
270	245
270	246
270	248
270	251
270	261
270	263
270	271
270	272
270	275
270	281
270	290
270	295
271	2
271	32
271	37
271	39
271	54
271	64
271	72
271	80
271	82
271	105
271	107
271	108
271	113
271	115
271	133
271	146
271	163
271	167
271	169
271	179
271	180
271	187
271	191
271	194
271	195
271	197
271	203
271	204
271	230
271	232
271	270
271	279
271	285
271	294
271	298
271	300
272	8
272	17
272	36
272	48
272	52
272	55
272	67
272	75
272	81
272	95
272	100
272	112
272	124
272	133
272	138
272	144
272	150
272	153
272	155
272	189
272	192
272	195
272	220
272	234
272	235
272	242
272	246
272	248
272	250
272	269
272	270
272	276
272	288
272	291
272	296
272	300
273	34
273	35
273	79
273	119
273	124
273	137
273	150
273	154
273	155
273	167
273	181
273	184
273	189
273	198
273	199
273	205
273	206
273	213
273	216
273	217
273	219
273	220
273	229
273	239
273	242
273	254
273	257
273	258
273	259
273	263
273	280
273	282
273	289
273	290
273	294
273	295
274	1
274	4
274	38
274	43
274	66
274	87
274	90
274	96
274	107
274	135
274	140
274	162
274	164
274	170
274	178
274	188
274	193
274	198
274	217
274	223
274	229
274	233
274	234
274	240
274	241
274	242
274	244
274	247
274	269
274	282
274	283
274	284
274	286
274	295
274	298
274	300
275	7
275	11
275	26
275	30
275	31
275	43
275	49
275	50
275	56
275	61
275	84
275	86
275	100
275	110
275	116
275	117
275	121
275	124
275	148
275	167
275	188
275	190
275	207
275	212
275	217
275	228
275	230
275	241
275	245
275	257
275	262
275	265
275	270
275	276
275	283
275	291
276	11
276	44
276	51
276	56
276	63
276	126
276	131
276	133
276	137
276	142
276	145
276	146
276	155
276	161
276	180
276	181
276	184
276	198
276	204
276	214
276	220
276	222
276	225
276	234
276	237
276	240
276	258
276	259
276	261
276	263
276	272
276	275
276	277
276	289
276	290
276	300
277	6
277	8
277	14
277	16
277	28
277	48
277	67
277	81
277	108
277	111
277	121
277	122
277	125
277	135
277	145
277	149
277	153
277	163
277	164
277	173
277	176
277	197
277	201
277	214
277	215
277	216
277	224
277	226
277	232
277	244
277	260
277	265
277	276
277	284
277	292
277	299
278	1
278	9
278	37
278	44
278	62
278	64
278	84
278	91
278	97
278	98
278	116
278	127
278	145
278	147
278	155
278	160
278	167
278	175
278	176
278	183
278	191
278	204
278	209
278	220
278	235
278	243
278	250
278	254
278	258
278	264
278	269
278	280
278	285
278	292
278	294
278	297
278	299
279	2
279	9
279	21
279	46
279	50
279	52
279	79
279	88
279	98
279	110
279	112
279	120
279	128
279	140
279	157
279	158
279	163
279	165
279	166
279	168
279	171
279	174
279	185
279	188
279	192
279	199
279	208
279	220
279	238
279	239
279	242
279	244
279	257
279	260
279	266
279	267
279	271
280	2
280	12
280	50
280	55
280	86
280	88
280	94
280	109
280	127
280	129
280	132
280	133
280	136
280	138
280	145
280	146
280	155
280	158
280	173
280	193
280	195
280	204
280	207
280	217
280	222
280	240
280	242
280	257
280	258
280	263
280	264
280	266
280	273
280	278
280	288
280	293
280	300
281	2
281	3
281	6
281	16
281	20
281	34
281	35
281	39
281	46
281	56
281	72
281	84
281	92
281	93
281	98
281	118
281	122
281	129
281	150
281	160
281	191
281	200
281	205
281	211
281	230
281	231
281	235
281	236
281	242
281	255
281	256
281	257
281	259
281	270
281	287
281	288
281	291
282	13
282	34
282	35
282	40
282	48
282	65
282	76
282	88
282	92
282	95
282	104
282	110
282	111
282	115
282	120
282	133
282	140
282	154
282	179
282	184
282	187
282	213
282	223
282	228
282	236
282	241
282	246
282	248
282	251
282	260
282	273
282	274
282	286
282	287
282	293
282	297
282	300
283	10
283	12
283	26
283	29
283	36
283	56
283	57
283	75
283	96
283	109
283	111
283	133
283	149
283	192
283	200
283	202
283	211
283	213
283	216
283	219
283	226
283	229
283	233
283	238
283	245
283	248
283	254
283	261
283	265
283	266
283	268
283	269
283	274
283	275
283	285
283	287
283	295
283	298
284	1
284	7
284	8
284	47
284	50
284	70
284	81
284	89
284	100
284	114
284	115
284	118
284	126
284	139
284	147
284	155
284	161
284	162
284	164
284	171
284	177
284	186
284	213
284	215
284	223
284	229
284	234
284	237
284	240
284	246
284	247
284	253
284	261
284	264
284	266
284	274
284	277
284	293
285	7
285	9
285	18
285	25
285	37
285	42
285	65
285	80
285	82
285	96
285	117
285	144
285	145
285	176
285	177
285	180
285	187
285	192
285	195
285	204
285	209
285	233
285	235
285	243
285	250
285	256
285	263
285	266
285	271
285	278
285	283
285	287
285	288
285	289
285	292
285	296
285	298
285	299
286	3
286	13
286	31
286	52
286	59
286	70
286	79
286	91
286	94
286	97
286	105
286	106
286	110
286	111
286	123
286	151
286	173
286	178
286	181
286	185
286	200
286	203
286	208
286	209
286	217
286	218
286	224
286	235
286	244
286	248
286	251
286	265
286	266
286	274
286	282
286	287
286	292
286	298
287	4
287	11
287	17
287	43
287	44
287	49
287	54
287	76
287	78
287	80
287	115
287	128
287	136
287	141
287	147
287	174
287	178
287	186
287	189
287	205
287	208
287	213
287	225
287	227
287	242
287	254
287	257
287	260
287	264
287	281
287	282
287	283
287	285
287	286
287	288
287	289
287	291
287	292
288	19
288	39
288	48
288	49
288	57
288	59
288	67
288	72
288	89
288	103
288	108
288	113
288	146
288	147
288	162
288	163
288	172
288	184
288	185
288	186
288	189
288	204
288	208
288	210
288	230
288	231
288	233
288	238
288	245
288	249
288	256
288	272
288	280
288	281
288	285
288	287
288	290
288	297
289	6
289	10
289	23
289	47
289	49
289	72
289	84
289	146
289	149
289	152
289	154
289	157
289	163
289	164
289	169
289	174
289	176
289	183
289	185
289	186
289	187
289	189
289	192
289	212
289	238
289	241
289	244
289	249
289	250
289	264
289	265
289	267
289	268
289	273
289	276
289	285
289	287
289	294
289	299
290	3
290	30
290	41
290	99
290	111
290	126
290	129
290	135
290	147
290	148
290	156
290	167
290	169
290	170
290	172
290	199
290	200
290	202
290	208
290	214
290	224
290	225
290	227
290	232
290	243
290	248
290	253
290	254
290	256
290	260
290	261
290	265
290	266
290	270
290	273
290	276
290	288
290	291
290	299
291	52
291	65
291	71
291	87
291	88
291	96
291	108
291	109
291	120
291	125
291	141
291	151
291	158
291	159
291	171
291	186
291	208
291	210
291	216
291	222
291	224
291	225
291	228
291	231
291	243
291	250
291	251
291	256
291	259
291	261
291	262
291	266
291	267
291	269
291	272
291	275
291	281
291	287
291	290
292	1
292	5
292	6
292	34
292	82
292	88
292	98
292	116
292	119
292	129
292	145
292	161
292	165
292	167
292	169
292	177
292	180
292	183
292	193
292	202
292	203
292	204
292	205
292	224
292	233
292	241
292	243
292	246
292	249
292	252
292	255
292	258
292	268
292	277
292	278
292	285
292	286
292	287
292	297
293	4
293	22
293	26
293	33
293	41
293	46
293	57
293	75
293	90
293	91
293	95
293	97
293	105
293	108
293	110
293	138
293	151
293	159
293	164
293	166
293	175
293	182
293	192
293	193
293	194
293	195
293	201
293	203
293	214
293	216
293	218
293	222
293	235
293	239
293	253
293	256
293	280
293	282
293	284
294	5
294	32
294	48
294	61
294	71
294	74
294	81
294	87
294	96
294	100
294	104
294	118
294	127
294	144
294	147
294	151
294	165
294	169
294	178
294	183
294	185
294	197
294	201
294	202
294	217
294	221
294	222
294	223
294	224
294	232
294	246
294	253
294	254
294	257
294	265
294	271
294	273
294	278
294	289
294	297
295	4
295	7
295	22
295	29
295	41
295	42
295	43
295	45
295	88
295	107
295	115
295	118
295	130
295	132
295	136
295	140
295	161
295	162
295	164
295	196
295	206
295	209
295	218
295	223
295	225
295	236
295	237
295	240
295	242
295	243
295	244
295	248
295	259
295	261
295	266
295	268
295	270
295	273
295	274
295	283
296	7
296	9
296	26
296	29
296	30
296	43
296	51
296	52
296	82
296	96
296	108
296	109
296	146
296	149
296	158
296	164
296	170
296	171
296	176
296	180
296	183
296	186
296	190
296	193
296	194
296	210
296	214
296	226
296	228
296	231
296	232
296	240
296	243
296	248
296	259
296	263
296	267
296	269
296	272
296	285
297	19
297	29
297	46
297	58
297	67
297	72
297	83
297	86
297	89
297	127
297	130
297	137
297	141
297	146
297	147
297	154
297	156
297	162
297	164
297	174
297	177
297	179
297	188
297	191
297	193
297	206
297	212
297	214
297	226
297	236
297	241
297	245
297	247
297	264
297	278
297	282
297	288
297	292
297	294
297	298
298	11
298	16
298	46
298	50
298	62
298	85
298	97
298	100
298	101
298	121
298	134
298	141
298	144
298	149
298	163
298	170
298	180
298	181
298	187
298	201
298	203
298	212
298	219
298	224
298	225
298	226
298	231
298	236
298	242
298	251
298	255
298	257
298	265
298	268
298	271
298	274
298	283
298	285
298	286
298	297
299	15
299	18
299	21
299	29
299	33
299	34
299	45
299	50
299	87
299	97
299	99
299	109
299	117
299	118
299	127
299	132
299	151
299	157
299	161
299	168
299	171
299	184
299	185
299	192
299	193
299	197
299	206
299	207
299	210
299	226
299	231
299	251
299	253
299	254
299	259
299	277
299	278
299	285
299	289
299	290
300	5
300	18
300	24
300	36
300	45
300	55
300	64
300	71
300	74
300	103
300	119
300	127
300	139
300	146
300	154
300	155
300	161
300	165
300	168
300	172
300	200
300	207
300	217
300	232
300	238
300	242
300	245
300	247
300	248
300	254
300	258
300	261
300	264
300	267
300	271
300	272
300	274
300	276
300	280
300	282
