1	62
1	66
1	69
1	129
1	161
1	162
1	174
1	176
1	178
1	182
1	189
1	199
1	203
1	217
1	294
2	32
2	65
2	113
2	134
2	154
2	164
2	224
2	237
2	248
2	249
2	258
2	260
2	262
2	266
2	276
3	49
3	77
3	159
3	161
3	165
3	182
3	186
3	189
3	195
3	203
3	216
3	217
3	256
3	258
3	262
4	12
4	82
4	90
4	126
4	132
4	193
4	198
4	210
4	211
4	214
4	227
4	228
4	229
4	231
4	294
5	30
5	58
5	59
5	72
5	84
5	95
5	127
5	137
5	148
5	151
5	156
5	168
5	170
5	258
5	270
6	42
6	50
6	56
6	58
6	83
6	95
6	137
6	148
6	151
6	156
6	168
6	228
6	240
6	246
6	295
7	12
7	44
7	59
7	150
7	184
7	196
7	212
7	221
7	250
7	251
7	257
7	262
7	263
7	265
7	269
8	12
8	32
8	158
8	171
8	201
8	275
8	277
8	281
8	282
8	285
8	289
8	293
8	295
8	297
8	299
9	56
9	76
9	99
9	132
9	161
9	176
9	182
9	186
9	189
9	193
9	195
9	203
9	208
9	217
9	280
10	29
10	76
10	143
10	202
10	212
10	217
10	240
10	243
10	250
10	251
10	257
10	262
10	263
10	265
10	279
11	65
11	129
11	130
11	179
11	188
11	193
11	206
11	215
11	220
11	225
11	234
11	237
11	238
11	245
11	256
12	4
12	7
12	8
12	87
12	213
12	216
12	230
12	233
12	241
12	244
12	248
12	249
12	260
12	266
12	276
13	41
13	47
13	48
13	51
13	55
13	71
13	81
13	84
13	111
13	120
13	160
13	177
13	185
13	204
13	299
14	46
14	47
14	48
14	54
14	55
14	62
14	81
14	84
14	104
14	120
14	150
14	158
14	171
14	185
14	252
15	30
15	56
15	58
15	59
15	72
15	83
15	88
15	137
15	147
15	148
15	151
15	156
15	160
15	165
15	168
16	52
16	111
16	121
16	190
16	205
16	233
16	254
16	267
16	274
16	280
16	288
16	291
16	294
16	296
16	298
17	41
17	92
17	167
17	223
17	247
17	254
17	258
17	268
17	273
17	284
17	286
17	287
17	297
17	298
17	300
18	76
18	128
18	131
18	132
18	158
18	161
18	162
18	174
18	176
18	186
18	189
18	195
18	203
18	217
18	240
19	87
19	123
19	242
19	245
19	251
19	254
19	271
19	275
19	277
19	278
19	289
19	293
19	295
19	297
19	299
20	68
20	117
20	124
20	148
20	155
20	200
20	221
20	222
20	224
20	248
20	249
20	260
20	266
20	276
20	282
21	62
21	75
21	89
21	170
21	183
21	207
21	218
21	226
21	253
21	255
21	269
21	270
21	296
21	298
21	300
22	32
22	74
22	86
22	113
22	125
22	127
22	136
22	138
22	141
22	142
22	152
22	242
22	270
22	298
22	300
23	122
23	135
23	183
23	203
23	206
23	213
23	215
23	220
23	225
23	234
23	237
23	238
23	247
23	283
23	284
24	29
24	61
24	70
24	124
24	159
24	193
24	198
24	210
24	211
24	227
24	228
24	229
24	231
24	236
24	296
25	130
25	187
25	216
25	222
25	224
25	230
25	233
25	244
25	248
25	260
25	266
25	271
25	275
25	276
25	280
26	42
26	50
26	58
26	59
26	72
26	74
26	137
26	148
26	151
26	156
26	168
26	202
26	243
26	273
26	293
27	65
27	127
27	142
27	167
27	189
27	219
27	242
27	271
27	275
27	277
27	281
27	293
27	295
27	297
27	299
28	64
28	161
28	177
28	196
28	242
28	260
28	271
28	281
28	282
28	283
28	289
28	293
28	295
28	297
28	299
29	10
29	24
29	116
29	125
29	129
29	133
29	181
29	206
29	215
29	220
29	225
29	234
29	237
29	238
29	288
30	5
30	15
30	42
30	58
30	59
30	72
30	95
30	137
30	148
30	151
30	168
30	214
30	215
30	291
30	294
31	36
31	140
31	155
31	164
31	172
31	180
31	187
31	191
31	224
31	241
31	248
31	249
31	260
31	266
31	270
31	276
32	2
32	8
32	22
32	48
32	57
32	82
32	108
32	113
32	125
32	136
32	141
32	142
32	145
32	152
32	159
32	271
33	49
33	57
33	74
33	82
33	113
33	125
33	127
33	132
33	136
33	138
33	141
33	142
33	145
33	152
33	213
33	251
34	44
34	45
34	48
34	116
34	133
34	181
34	183
34	187
34	188
34	215
34	216
34	220
34	225
34	234
34	237
34	238
35	96
35	163
35	168
35	184
35	208
35	236
35	256
35	258
35	268
35	273
35	279
35	283
35	285
35	286
35	290
35	300
36	31
36	54
36	63
36	116
36	133
36	183
36	188
36	206
36	220
36	225
36	234
36	237
36	238
36	285
36	293
36	295
37	73
37	115
37	150
37	172
37	196
37	212
37	218
37	230
37	240
37	250
37	251
37	257
37	262
37	263
37	265
37	300
38	127
38	148
38	180
38	190
38	206
38	221
38	240
38	243
38	246
38	250
38	251
38	257
38	262
38	263
38	265
38	274
39	60
39	61
39	87
39	88
39	105
39	118
39	166
39	198
39	202
39	210
39	211
39	227
39	228
39	229
39	231
39	297
40	41
40	46
40	47
40	55
40	71
40	80
40	81
40	84
40	102
40	104
40	125
40	158
40	171
40	185
40	268
40	282
41	13
41	17
41	40
41	46
41	48
41	49
41	73
41	84
41	120
41	158
41	171
41	185
41	240
41	241
41	243
41	248
42	6
42	26
42	30
42	44
42	50
42	56
42	58
42	72
42	83
42	137
42	151
42	156
42	168
42	182
42	232
42	296
43	114
43	190
43	191
43	216
43	222
43	223
43	224
43	233
43	241
43	244
43	248
43	251
43	254
43	260
43	276
43	295
44	7
44	34
44	42
44	187
44	191
44	211
44	222
44	230
44	233
44	241
44	244
44	249
44	260
44	266
44	276
44	286
45	34
45	82
45	109
45	149
45	235
45	247
45	256
45	268
45	278
45	279
45	283
45	284
45	286
45	290
45	296
45	300
46	14
46	40
46	41
46	49
46	51
46	55
46	64
46	104
46	107
46	120
46	158
46	171
46	185
46	222
46	229
46	264
47	13
47	14
47	40
47	48
47	73
47	81
47	84
47	104
47	120
47	171
47	178
47	185
47	238
47	253
47	259
47	266
48	13
48	14
48	32
48	34
48	41
48	47
48	49
48	55
48	104
48	120
48	155
48	158
48	162
48	171
48	185
48	273
49	3
49	33
49	41
49	46
49	48
49	51
49	73
49	84
49	104
49	120
49	152
49	158
49	171
49	185
49	249
49	253
50	6
50	26
50	42
50	56
50	72
50	83
50	95
50	137
50	145
50	148
50	151
50	156
50	166
50	168
50	265
50	299
51	13
51	46
51	49
51	71
51	73
51	81
51	104
51	120
51	151
51	158
51	171
51	185
51	234
51	245
51	250
51	252
52	16
52	95
52	109
52	144
52	195
52	200
52	202
52	213
52	228
52	239
52	255
52	287
52	288
52	291
52	292
52	296
53	70
53	74
53	106
53	132
53	207
53	245
53	253
53	261
53	269
53	270
53	278
53	287
53	288
53	296
53	298
53	300
54	14
54	36
54	135
54	163
54	173
54	181
54	183
54	211
54	215
54	220
54	234
54	237
54	238
54	239
54	290
54	291
55	13
55	14
55	40
55	46
55	48
55	71
55	73
55	104
55	107
55	158
55	171
55	185
55	212
55	278
55	281
55	298
56	6
56	9
56	15
56	42
56	50
56	58
56	72
56	83
56	124
56	137
56	151
56	156
56	168
56	237
56	261
56	289
57	32
57	33
57	70
57	81
57	86
57	108
57	121
57	127
57	138
57	141
57	145
57	152
57	197
57	208
57	253
57	297
58	5
58	6
58	15
58	26
58	30
58	42
58	56
58	137
58	148
58	156
58	167
58	168
58	211
58	243
58	256
58	286
59	5
59	7
59	15
59	26
59	30
59	72
59	83
59	95
59	137
59	148
59	151
59	156
59	168
59	224
59	274
59	296
60	39
60	88
60	105
60	119
60	126
60	144
60	198
60	210
60	211
60	214
60	227
60	228
60	229
60	231
60	240
60	268
61	24
61	39
61	88
61	103
61	126
61	152
61	189
61	193
61	198
61	210
61	227
61	228
61	229
61	231
61	252
61	258
61	280
62	1
62	14
62	21
62	69
62	132
62	161
62	162
62	165
62	174
62	182
62	184
62	186
62	191
62	195
62	203
62	217
62	219
63	36
63	69
63	143
63	190
63	196
63	197
63	221
63	240
63	242
63	243
63	250
63	251
63	257
63	262
63	263
63	265
63	281
64	28
64	46
64	102
64	187
64	197
64	214
64	216
64	222
64	233
64	241
64	244
64	248
64	249
64	250
64	260
64	266
64	276
65	2
65	11
65	27
65	68
65	117
65	168
65	188
65	216
65	222
65	233
65	241
65	244
65	249
65	260
65	266
65	276
65	292
66	1
66	118
66	131
66	208
66	223
66	236
66	246
66	253
66	256
66	258
66	259
66	279
66	284
66	285
66	290
66	297
66	300
67	117
67	163
67	183
67	242
67	251
67	252
67	254
67	264
67	271
67	277
67	281
67	282
67	287
67	293
67	295
67	297
67	299
68	20
68	65
68	76
68	137
68	164
68	188
68	189
68	224
68	227
68	230
68	233
68	241
68	244
68	248
68	249
68	266
68	276
69	1
69	62
69	63
69	132
69	162
69	174
69	176
69	182
69	186
69	189
69	195
69	203
69	204
69	210
69	217
69	234
69	266
70	24
70	53
70	57
70	87
70	90
70	97
70	105
70	144
70	204
70	210
70	211
70	227
70	228
70	229
70	231
70	260
70	298
71	13
71	40
71	51
71	55
71	73
71	81
71	84
71	104
71	120
71	158
71	171
71	174
71	185
71	224
71	285
71	287
71	291
72	5
72	15
72	26
72	30
72	42
72	50
72	56
72	59
72	83
72	148
72	151
72	156
72	169
72	269
72	279
72	295
72	299
73	37
73	41
73	47
73	49
73	51
73	55
73	71
73	81
73	84
73	120
73	158
73	171
73	185
73	213
73	216
73	225
73	298
74	22
74	26
74	33
74	53
74	78
74	82
74	108
74	121
74	125
74	127
74	136
74	138
74	142
74	145
74	152
74	201
74	232
75	21
75	83
75	147
75	193
75	199
75	209
75	225
75	232
75	239
75	267
75	274
75	278
75	283
75	287
75	291
75	292
75	298
76	9
76	10
76	18
76	68
76	85
76	132
76	149
76	159
76	165
76	176
76	183
76	186
76	189
76	195
76	200
76	203
76	217
77	3
77	83
77	132
77	159
77	161
77	162
77	164
77	165
77	174
77	177
77	182
77	186
77	189
77	203
77	217
77	273
77	274
78	74
78	102
78	181
78	219
78	246
78	271
78	272
78	277
78	281
78	282
78	283
78	289
78	293
78	295
78	297
78	298
78	299
79	128
79	134
79	173
79	194
79	207
79	215
79	218
79	222
79	256
79	267
79	270
79	274
79	278
79	288
79	291
79	292
79	298
80	40
80	86
80	176
80	209
80	246
80	264
80	272
80	275
80	279
80	281
80	282
80	287
80	289
80	293
80	295
80	297
80	299
81	13
81	14
81	40
81	47
81	51
81	57
81	71
81	73
81	84
81	133
81	158
81	171
81	185
81	223
81	243
81	255
81	289
82	4
82	32
82	33
82	45
82	74
82	108
82	121
82	125
82	127
82	136
82	138
82	141
82	142
82	145
82	202
82	295
82	299
83	6
83	15
83	42
83	50
83	56
83	59
83	72
83	75
83	77
83	95
83	137
83	148
83	151
83	156
83	157
83	168
83	170
83	193
84	5
84	13
84	14
84	40
84	41
84	47
84	49
84	71
84	73
84	81
84	139
84	142
84	146
84	158
84	171
84	185
84	222
84	292
85	76
85	132
85	159
85	161
85	163
85	165
85	174
85	176
85	182
85	186
85	195
85	203
85	217
85	231
85	236
85	245
85	255
85	284
86	22
86	57
86	80
86	108
86	113
86	121
86	125
86	127
86	136
86	138
86	141
86	142
86	144
86	145
86	152
86	241
86	266
86	276
87	12
87	19
87	39
87	70
87	90
87	97
87	144
87	193
87	198
87	210
87	211
87	227
87	228
87	229
87	231
87	269
87	286
87	298
88	15
88	39
88	60
88	61
88	93
88	97
88	110
88	123
88	124
88	126
88	190
88	193
88	211
88	214
88	227
88	228
88	229
88	231
89	21
89	94
89	106
89	114
89	160
89	179
89	187
89	213
89	226
89	239
89	253
89	261
89	270
89	277
89	278
89	291
89	294
89	296
90	4
90	70
90	87
90	91
90	105
90	126
90	128
90	144
90	193
90	198
90	202
90	210
90	227
90	228
90	229
90	231
90	249
90	278
91	90
91	100
91	119
91	203
91	208
91	209
91	252
91	271
91	272
91	275
91	281
91	282
91	288
91	289
91	293
91	295
91	297
91	299
92	17
92	110
92	141
92	147
92	173
92	232
92	236
92	256
92	259
92	268
92	279
92	283
92	284
92	285
92	286
92	289
92	290
92	300
93	88
93	97
93	103
93	111
93	117
93	124
93	193
93	198
93	210
93	211
93	220
93	227
93	228
93	229
93	231
93	286
93	287
93	294
94	89
94	120
94	135
94	219
94	237
94	246
94	254
94	264
94	277
94	281
94	282
94	283
94	288
94	289
94	293
94	295
94	297
94	299
95	5
95	6
95	30
95	50
95	52
95	59
95	83
95	98
95	126
95	137
95	148
95	151
95	156
95	168
95	215
95	233
95	266
95	280
96	35
96	125
96	191
96	252
96	254
96	264
96	271
96	272
96	275
96	277
96	282
96	284
96	289
96	290
96	292
96	295
96	297
96	299
97	70
97	87
97	88
97	93
97	105
97	120
97	124
97	144
97	193
97	210
97	211
97	227
97	228
97	229
97	231
97	232
97	290
97	292
97	299
98	95
98	139
98	143
98	146
98	252
98	254
98	264
98	271
98	272
98	274
98	277
98	281
98	282
98	289
98	290
98	293
98	295
98	297
98	299
99	9
99	107
99	131
99	205
99	235
99	248
99	249
99	256
99	258
99	259
99	267
99	268
99	273
99	277
99	279
99	284
99	286
99	290
99	300
100	91
100	115
100	116
100	137
100	144
100	201
100	246
100	247
100	252
100	264
100	265
100	271
100	272
100	275
100	277
100	289
100	295
100	297
100	299
101	102
101	103
101	169
101	179
101	184
101	188
101	209
101	221
101	240
101	243
101	250
101	251
101	257
101	262
101	263
101	265
101	287
101	289
101	297
102	40
102	64
102	78
102	101
102	109
102	120
102	169
102	172
102	178
102	190
102	227
102	243
102	250
102	251
102	257
102	262
102	263
102	265
102	269
103	61
103	93
103	101
103	105
103	124
103	144
103	181
103	193
103	198
103	200
103	210
103	211
103	227
103	228
103	229
103	231
103	258
103	267
103	292
104	14
104	40
104	46
104	47
104	48
104	49
104	51
104	55
104	71
104	120
104	131
104	158
104	161
104	171
104	185
104	194
104	218
104	267
104	270
105	39
105	60
105	70
105	90
105	97
105	103
105	124
105	153
105	198
105	210
105	211
105	218
105	227
105	228
105	229
105	231
105	260
105	278
105	289
106	53
106	89
106	108
106	154
106	191
106	198
106	214
106	218
106	226
106	232
106	239
106	267
106	269
106	287
106	288
106	292
106	296
106	298
106	300
107	46
107	55
107	99
107	141
107	175
107	201
107	242
107	246
107	254
107	263
107	264
107	268
107	272
107	275
107	289
107	293
107	295
107	297
107	299
108	32
108	57
108	74
108	82
108	86
108	106
108	113
108	121
108	127
108	136
108	138
108	141
108	142
108	152
108	173
108	196
108	208
108	245
108	259
109	45
109	52
109	102
109	110
109	169
109	176
109	178
109	196
109	197
109	221
109	240
109	243
109	250
109	251
109	257
109	262
109	263
109	265
109	291
110	88
110	92
110	109
110	152
110	204
110	221
110	231
110	235
110	255
110	259
110	268
110	273
110	279
110	283
110	284
110	285
110	286
110	290
110	300
111	13
111	16
111	93
111	115
111	147
111	194
111	200
111	210
111	213
111	218
111	253
111	267
111	269
111	274
111	277
111	288
111	294
111	297
111	298
112	134
112	148
112	159
112	166
112	175
112	242
112	246
112	249
112	271
112	272
112	275
112	277
112	282
112	289
112	292
112	293
112	295
112	297
112	299
113	2
113	22
113	32
113	33
113	86
113	108
113	121
113	125
113	127
113	136
113	138
113	141
113	142
113	145
113	151
113	152
113	222
113	233
113	257
114	43
114	89
114	134
114	154
114	159
114	178
114	191
114	216
114	221
114	222
114	224
114	230
114	233
114	244
114	248
114	249
114	250
114	260
114	265
114	266
115	37
115	100
115	111
115	147
115	165
115	194
115	214
115	231
115	232
115	261
115	263
115	267
115	271
115	278
115	280
115	287
115	291
115	292
115	294
115	296
116	29
116	34
116	36
116	100
116	130
116	135
116	163
116	174
116	183
116	186
116	206
116	215
116	218
116	220
116	225
116	234
116	237
116	238
116	281
116	296
117	20
117	65
117	67
117	93
117	128
117	134
117	164
117	191
117	193
117	209
117	222
117	224
117	230
117	233
117	241
117	249
117	260
117	266
117	276
117	279
118	39
118	66
118	146
118	176
118	194
118	214
118	226
118	233
118	234
118	253
118	255
118	264
118	269
118	270
118	274
118	280
118	291
118	294
118	296
118	298
119	60
119	91
119	139
119	142
119	158
119	192
119	197
119	208
119	234
119	247
119	256
119	258
119	268
119	278
119	279
119	284
119	285
119	286
119	290
119	300
120	13
120	14
120	41
120	46
120	47
120	48
120	49
120	51
120	71
120	73
120	94
120	97
120	102
120	104
120	158
120	171
120	185
120	287
120	292
120	297
121	16
121	57
121	74
121	82
121	86
121	108
121	113
121	125
121	127
121	136
121	138
121	141
121	142
121	145
121	152
121	179
121	243
121	260
121	282
121	284
122	23
122	135
122	157
122	163
122	173
122	181
122	183
122	188
122	193
122	206
122	215
122	216
122	225
122	234
122	237
122	238
122	245
122	247
122	272
122	290
123	19
123	88
123	132
123	166
123	205
123	228
123	235
123	236
123	253
123	258
123	259
123	268
123	273
123	275
123	279
123	283
123	285
123	286
123	290
123	300
124	20
124	24
124	56
124	88
124	93
124	97
124	103
124	105
124	137
124	144
124	160
124	185
124	193
124	198
124	210
124	211
124	223
124	227
124	228
124	229
124	231
125	22
125	29
125	32
125	33
125	40
125	74
125	82
125	86
125	96
125	113
125	121
125	136
125	138
125	141
125	142
125	145
125	152
125	212
125	224
125	289
125	290
126	4
126	60
126	61
126	88
126	90
126	95
126	143
126	144
126	180
126	193
126	198
126	210
126	211
126	227
126	228
126	229
126	231
126	239
126	256
126	264
126	296
127	5
127	22
127	27
127	33
127	38
127	57
127	74
127	82
127	86
127	108
127	113
127	121
127	135
127	136
127	138
127	141
127	142
127	145
127	152
127	258
127	283
128	18
128	79
128	90
128	117
128	147
128	161
128	194
128	207
128	218
128	232
128	239
128	255
128	261
128	267
128	280
128	283
128	290
128	291
128	292
128	296
128	298
129	1
129	11
129	29
129	130
129	133
129	135
129	157
129	173
129	183
129	188
129	206
129	220
129	225
129	234
129	237
129	238
129	239
129	240
129	244
129	248
129	288
130	11
130	25
130	116
130	129
130	157
130	163
130	173
130	174
130	179
130	181
130	183
130	188
130	206
130	209
130	215
130	220
130	225
130	230
130	234
130	237
130	238
130	268
131	18
131	66
131	99
131	104
131	197
131	205
131	213
131	219
131	225
131	229
131	235
131	247
131	256
131	259
131	268
131	273
131	279
131	283
131	285
131	286
131	290
131	300
132	4
132	9
132	18
132	33
132	53
132	62
132	69
132	76
132	77
132	85
132	123
132	159
132	162
132	174
132	182
132	189
132	195
132	203
132	205
132	217
132	238
132	256
133	29
133	34
133	36
133	81
133	129
133	135
133	145
133	157
133	163
133	173
133	181
133	184
133	188
133	196
133	206
133	215
133	220
133	234
133	237
133	238
133	257
133	270
134	2
134	79
134	112
134	114
134	117
134	164
134	187
134	216
134	222
134	230
134	233
134	241
134	244
134	248
134	249
134	258
134	260
134	266
134	268
134	276
134	288
134	296
135	23
135	54
135	94
135	116
135	122
135	127
135	129
135	133
135	144
135	157
135	163
135	181
135	188
135	199
135	206
135	212
135	215
135	225
135	234
135	237
135	238
135	267
136	22
136	32
136	33
136	74
136	82
136	86
136	108
136	113
136	121
136	125
136	127
136	138
136	142
136	145
136	152
136	173
136	191
136	192
136	210
136	224
136	262
136	292
137	5
137	6
137	15
137	26
137	30
137	42
137	50
137	56
137	58
137	59
137	68
137	83
137	95
137	100
137	124
137	148
137	151
137	156
137	168
137	250
137	254
137	271
138	22
138	33
138	57
138	74
138	82
138	86
138	108
138	113
138	121
138	125
138	127
138	136
138	141
138	142
138	145
138	152
138	155
138	192
138	260
138	263
138	278
138	281
139	84
139	98
139	119
139	165
139	167
139	177
139	197
139	204
139	236
139	238
139	247
139	256
139	258
139	267
139	273
139	279
139	283
139	284
139	285
139	286
139	290
139	300
140	31
140	146
140	171
140	172
140	218
140	235
140	239
140	246
140	253
140	255
140	267
140	273
140	274
140	278
140	280
140	287
140	288
140	291
140	292
140	294
140	296
140	298
141	22
141	32
141	33
141	57
141	82
141	86
141	92
141	107
141	108
141	113
141	121
141	125
141	127
141	138
141	142
141	145
141	148
141	152
141	153
141	157
141	272
141	285
142	22
142	27
142	32
142	33
142	74
142	82
142	84
142	86
142	108
142	113
142	119
142	121
142	125
142	127
142	136
142	138
142	141
142	145
142	152
142	194
142	238
142	248
143	10
143	63
143	98
143	126
143	156
143	172
143	180
143	195
143	196
143	197
143	212
143	220
143	221
143	228
143	240
143	243
143	250
143	251
143	257
143	262
143	263
143	265
144	52
144	60
144	70
144	86
144	87
144	90
144	97
144	100
144	103
144	124
144	126
144	135
144	193
144	198
144	211
144	227
144	228
144	229
144	231
144	246
144	261
144	281
145	32
145	33
145	50
145	57
145	74
145	82
145	86
145	113
145	121
145	125
145	127
145	133
145	136
145	138
145	141
145	142
145	152
145	182
145	188
145	245
145	259
145	262
146	84
146	98
146	118
146	140
146	152
146	154
146	157
146	194
146	197
146	232
146	239
146	245
146	255
146	261
146	267
146	269
146	270
146	280
146	287
146	292
146	294
146	298
147	15
147	75
147	92
147	111
147	115
147	128
147	154
147	166
147	200
147	226
147	232
147	238
147	244
147	261
147	269
147	270
147	278
147	280
147	288
147	291
147	292
147	295
148	5
148	6
148	15
148	20
148	26
148	30
148	38
148	50
148	58
148	59
148	72
148	83
148	95
148	112
148	137
148	141
148	151
148	156
148	165
148	168
148	185
148	255
149	45
149	76
149	158
149	170
149	194
149	197
149	205
149	207
149	235
149	236
149	252
149	258
149	259
149	273
149	275
149	279
149	283
149	284
149	285
149	290
149	299
149	300
150	7
150	14
150	37
150	169
150	179
150	180
150	184
150	190
150	201
150	204
150	212
150	240
150	243
150	250
150	251
150	257
150	259
150	262
150	263
150	265
150	273
150	277
150	280
151	5
151	6
151	15
151	26
151	30
151	42
151	50
151	51
151	56
151	59
151	72
151	83
151	95
151	113
151	137
151	148
151	156
151	168
151	182
151	228
151	230
151	240
151	261
152	22
152	32
152	33
152	49
152	57
152	61
152	74
152	86
152	108
152	110
152	113
152	121
152	125
152	127
152	136
152	138
152	141
152	142
152	145
152	146
152	244
152	252
152	282
153	105
153	141
153	169
153	177
153	191
153	201
153	223
153	246
153	252
153	254
153	261
153	264
153	272
153	275
153	277
153	281
153	282
153	289
153	293
153	295
153	296
153	297
153	299
154	2
154	106
154	114
154	146
154	147
154	155
154	166
154	179
154	191
154	216
154	222
154	224
154	230
154	233
154	241
154	244
154	248
154	249
154	260
154	263
154	266
154	276
154	298
155	20
155	31
155	48
155	138
155	154
155	164
155	177
155	187
155	188
155	191
155	216
155	217
155	222
155	230
155	239
155	241
155	244
155	248
155	249
155	260
155	266
155	276
155	286
156	5
156	6
156	15
156	26
156	42
156	50
156	56
156	58
156	59
156	72
156	83
156	95
156	137
156	143
156	148
156	151
156	168
156	187
156	192
156	217
156	223
156	225
156	287
157	83
157	122
157	129
157	130
157	133
157	135
157	141
157	146
157	163
157	173
157	181
157	188
157	206
157	215
157	220
157	223
157	225
157	234
157	237
157	238
157	259
157	270
157	274
158	8
158	14
158	18
158	40
158	41
158	46
158	48
158	49
158	51
158	55
158	71
158	73
158	81
158	84
158	104
158	119
158	120
158	149
158	171
158	185
158	201
158	219
158	276
159	3
159	24
159	32
159	76
159	77
159	85
159	112
159	114
159	132
159	161
159	162
159	165
159	174
159	176
159	181
159	182
159	186
159	189
159	195
159	200
159	203
159	217
159	287
159	294
160	13
160	15
160	89
160	124
160	199
160	202
160	218
160	239
160	248
160	258
160	261
160	262
160	267
160	269
160	270
160	278
160	280
160	287
160	291
160	292
160	294
160	296
160	298
160	299
161	1
161	3
161	9
161	18
161	28
161	62
161	77
161	85
161	104
161	128
161	159
161	162
161	165
161	174
161	176
161	182
161	189
161	195
161	203
161	217
161	273
161	279
161	281
161	282
162	1
162	18
162	48
162	62
162	69
162	77
162	132
162	159
162	161
162	165
162	167
162	174
162	176
162	182
162	186
162	189
162	195
162	199
162	203
162	217
162	266
162	267
162	282
162	300
163	35
163	54
163	67
163	85
163	116
163	122
163	130
163	133
163	135
163	157
163	169
163	173
163	180
163	181
163	183
163	188
163	215
163	220
163	225
163	234
163	237
163	238
163	294
163	300
164	2
164	31
164	68
164	77
164	117
164	134
164	155
164	187
164	216
164	222
164	230
164	233
164	235
164	241
164	246
164	248
164	249
164	253
164	260
164	263
164	266
164	269
164	276
164	297
165	3
165	15
165	62
165	76
165	77
165	85
165	115
165	139
165	148
165	159
165	161
165	162
165	174
165	176
165	182
165	186
165	189
165	195
165	203
165	217
165	241
165	263
165	286
165	294
166	39
166	50
166	112
166	123
166	147
166	154
166	192
166	194
166	197
166	204
166	205
166	235
166	236
166	247
166	258
166	259
166	273
166	279
166	284
166	285
166	286
166	290
166	292
166	300
167	17
167	27
167	58
167	139
167	162
167	170
167	192
167	199
167	204
167	210
167	216
167	223
167	235
167	258
167	259
167	268
167	273
167	279
167	280
167	283
167	284
167	285
167	290
167	300
168	5
168	6
168	15
168	26
168	30
168	35
168	42
168	50
168	56
168	58
168	59
168	65
168	83
168	95
168	137
168	148
168	151
168	156
168	206
168	232
168	255
168	275
168	276
168	292
169	72
169	101
169	102
169	109
169	150
169	153
169	163
169	178
169	179
169	180
169	184
169	196
169	212
169	221
169	240
169	243
169	251
169	254
169	257
169	262
169	263
169	265
169	275
169	291
169	296
170	5
170	21
170	83
170	149
170	167
170	186
170	192
170	197
170	208
170	215
170	217
170	223
170	231
170	247
170	256
170	258
170	259
170	268
170	273
170	283
170	284
170	285
170	286
170	290
170	300
171	8
171	14
171	40
171	41
171	46
171	47
171	48
171	49
171	51
171	55
171	71
171	73
171	81
171	84
171	104
171	120
171	140
171	158
171	185
171	206
171	221
171	239
171	258
171	262
171	292
172	31
172	37
172	102
172	140
172	143
172	178
172	179
172	181
172	186
172	190
172	196
172	207
172	212
172	221
172	226
172	240
172	243
172	244
172	250
172	251
172	257
172	262
172	263
172	265
172	284
173	54
173	79
173	92
173	108
173	122
173	129
173	130
173	133
173	136
173	157
173	163
173	181
173	183
173	188
173	206
173	215
173	220
173	221
173	225
173	229
173	234
173	237
173	238
173	285
173	286
174	1
174	18
174	62
174	69
174	71
174	77
174	85
174	116
174	130
174	132
174	159
174	161
174	162
174	165
174	176
174	182
174	186
174	189
174	195
174	203
174	217
174	224
174	253
174	258
174	287
175	107
175	112
175	180
175	195
175	199
175	201
175	219
175	221
175	236
175	243
175	252
175	254
175	264
175	271
175	272
175	275
175	276
175	277
175	281
175	282
175	289
175	293
175	295
175	297
175	299
176	1
176	9
176	18
176	69
176	76
176	80
176	85
176	109
176	118
176	159
176	161
176	162
176	165
176	174
176	182
176	186
176	189
176	195
176	197
176	203
176	217
176	265
176	267
176	284
176	289
177	13
177	28
177	77
177	139
177	153
177	155
177	201
177	209
177	218
177	219
177	233
177	246
177	252
177	254
177	264
177	271
177	272
177	275
177	281
177	285
177	289
177	293
177	295
177	297
177	299
178	1
178	47
178	102
178	109
178	114
178	169
178	172
178	179
178	180
178	181
178	184
178	186
178	208
178	212
178	221
178	240
178	243
178	250
178	251
178	257
178	262
178	263
178	265
178	279
178	285
179	11
179	89
179	101
179	121
179	130
179	150
179	154
179	169
179	172
179	178
179	180
179	182
179	190
179	196
179	212
179	221
179	238
179	240
179	243
179	250
179	251
179	257
179	262
179	263
179	265
179	294
180	31
180	38
180	126
180	143
180	150
180	163
180	169
180	175
180	178
180	179
180	184
180	190
180	212
180	221
180	222
180	240
180	243
180	250
180	251
180	257
180	262
180	263
180	265
180	280
180	293
180	297
181	29
181	34
181	54
181	78
181	103
181	122
181	130
181	133
181	135
181	157
181	159
181	163
181	172
181	173
181	178
181	183
181	188
181	215
181	220
181	223
181	225
181	234
181	237
181	238
181	243
181	272
182	1
182	3
182	9
182	42
182	62
182	69
182	77
182	85
182	132
182	145
182	151
182	159
182	161
182	162
182	165
182	174
182	176
182	179
182	186
182	189
182	194
182	195
182	203
182	217
182	259
182	277
183	21
183	23
183	34
183	36
183	54
183	67
183	76
183	116
183	122
183	129
183	130
183	163
183	173
183	181
183	196
183	206
183	215
183	220
183	225
183	226
183	227
183	234
183	235
183	237
183	238
183	267
184	7
184	35
184	62
184	101
184	133
184	150
184	169
184	178
184	180
184	190
184	196
184	206
184	212
184	221
184	240
184	243
184	244
184	250
184	251
184	257
184	261
184	262
184	263
184	265
184	267
184	293
185	13
185	14
185	40
185	41
185	46
185	47
185	48
185	49
185	51
185	55
185	71
185	73
185	81
185	84
185	104
185	120
185	124
185	148
185	158
185	171
185	187
185	191
185	254
185	261
185	269
185	276
186	3
186	9
186	18
186	62
186	69
186	76
186	77
186	85
186	116
186	159
186	162
186	165
186	170
186	172
186	174
186	176
186	178
186	182
186	189
186	195
186	203
186	217
186	218
186	242
186	272
186	296
187	25
187	31
187	34
187	44
187	64
187	89
187	134
187	155
187	156
187	164
187	185
187	190
187	191
187	216
187	222
187	224
187	226
187	230
187	233
187	238
187	241
187	244
187	248
187	249
187	266
187	268
187	276
188	11
188	34
188	36
188	65
188	68
188	101
188	122
188	129
188	130
188	133
188	135
188	145
188	155
188	157
188	163
188	173
188	181
188	206
188	215
188	220
188	225
188	234
188	237
188	238
188	269
188	282
188	295
189	1
189	3
189	9
189	18
189	27
189	61
189	68
189	69
189	76
189	77
189	132
189	159
189	161
189	162
189	165
189	174
189	176
189	182
189	186
189	195
189	203
189	207
189	217
189	234
189	277
189	287
189	291
190	16
190	38
190	43
190	63
190	88
190	102
190	150
190	172
190	179
190	180
190	184
190	187
190	196
190	212
190	216
190	221
190	240
190	243
190	247
190	250
190	251
190	257
190	262
190	263
190	265
190	269
190	285
191	31
191	43
191	44
191	62
191	96
191	106
191	114
191	117
191	136
191	153
191	154
191	155
191	185
191	187
191	201
191	222
191	224
191	230
191	233
191	241
191	244
191	248
191	249
191	260
191	266
191	273
191	276
192	119
192	136
192	138
192	156
192	166
192	167
192	170
192	195
192	204
192	205
192	235
192	236
192	247
192	250
192	252
192	253
192	256
192	258
192	268
192	270
192	273
192	283
192	284
192	285
192	286
192	290
192	300
193	4
193	9
193	11
193	24
193	61
193	75
193	83
193	87
193	88
193	90
193	93
193	97
193	103
193	117
193	122
193	124
193	126
193	144
193	198
193	210
193	211
193	219
193	227
193	228
193	229
193	231
193	293
194	79
194	104
194	111
194	115
194	118
194	128
194	142
194	146
194	149
194	166
194	182
194	199
194	200
194	202
194	210
194	213
194	217
194	245
194	247
194	255
194	267
194	269
194	278
194	287
194	288
194	292
194	294
195	3
195	9
195	18
195	52
195	62
195	69
195	76
195	85
195	132
195	143
195	159
195	161
195	162
195	165
195	174
195	175
195	176
195	182
195	186
195	189
195	192
195	203
195	217
195	222
195	260
195	267
195	297
196	7
196	28
196	37
196	63
196	108
196	109
196	133
196	143
196	169
196	172
196	179
196	183
196	184
196	190
196	205
196	210
196	212
196	221
196	223
196	240
196	243
196	250
196	257
196	262
196	263
196	265
196	279
196	292
197	57
197	63
197	64
197	109
197	119
197	131
197	139
197	143
197	146
197	149
197	166
197	170
197	176
197	204
197	208
197	213
197	223
197	247
197	256
197	258
197	259
197	273
197	279
197	283
197	284
197	285
197	286
197	300
198	4
198	24
198	39
198	60
198	61
198	87
198	90
198	93
198	103
198	105
198	106
198	124
198	126
198	144
198	193
198	204
198	210
198	211
198	227
198	228
198	229
198	231
198	247
198	252
198	258
198	263
198	288
198	294
199	1
199	75
199	135
199	160
199	162
199	167
199	175
199	194
199	214
199	218
199	232
199	239
199	241
199	245
199	253
199	255
199	261
199	269
199	270
199	278
199	280
199	281
199	286
199	287
199	288
199	292
199	294
199	296
199	298
200	20
200	52
200	76
200	103
200	111
200	147
200	159
200	194
200	213
200	226
200	239
200	245
200	253
200	255
200	260
200	263
200	267
200	269
200	270
200	273
200	274
200	280
200	282
200	286
200	288
200	291
200	292
200	296
200	298
201	8
201	74
201	100
201	107
201	150
201	153
201	158
201	175
201	177
201	191
201	209
201	215
201	242
201	246
201	252
201	271
201	272
201	275
201	276
201	277
201	280
201	281
201	282
201	289
201	293
201	294
201	295
201	297
201	299
202	10
202	26
202	39
202	52
202	82
202	90
202	160
202	194
202	214
202	218
202	224
202	226
202	232
202	239
202	261
202	262
202	267
202	270
202	272
202	274
202	278
202	280
202	281
202	287
202	288
202	292
202	294
202	296
202	298
203	1
203	3
203	9
203	18
203	23
203	62
203	69
203	76
203	77
203	85
203	91
203	132
203	159
203	161
203	162
203	165
203	174
203	176
203	182
203	186
203	189
203	195
203	212
203	217
203	220
203	226
203	235
203	243
203	271
204	13
204	69
204	70
204	110
204	139
204	150
204	166
204	167
204	192
204	197
204	198
204	205
204	208
204	223
204	230
204	236
204	240
204	247
204	256
204	268
204	270
204	279
204	282
204	283
204	284
204	285
204	286
204	290
204	300
205	16
205	99
205	123
205	131
205	132
205	149
205	166
205	192
205	196
205	204
205	220
205	223
205	227
205	233
205	242
205	247
205	256
205	259
205	268
205	273
205	279
205	283
205	284
205	285
205	286
205	290
205	297
205	298
205	300
206	11
206	23
206	29
206	36
206	38
206	116
206	122
206	129
206	130
206	133
206	135
206	157
206	168
206	171
206	173
206	183
206	184
206	188
206	211
206	215
206	220
206	225
206	234
206	235
206	237
206	238
206	264
206	272
206	291
207	21
207	53
207	79
207	128
207	149
207	172
207	189
207	213
207	214
207	219
207	226
207	239
207	253
207	255
207	261
207	269
207	271
207	273
207	274
207	278
207	280
207	283
207	287
207	288
207	291
207	294
207	296
207	299
207	300
208	9
208	35
208	57
208	66
208	91
208	108
208	119
208	170
208	178
208	197
208	204
208	223
208	227
208	235
208	236
208	242
208	247
208	256
208	258
208	259
208	268
208	273
208	283
208	284
208	286
208	290
208	293
208	297
208	300
209	75
209	80
209	91
209	101
209	117
209	130
209	177
209	201
209	219
209	220
209	225
209	232
209	242
209	246
209	252
209	254
209	264
209	271
209	272
209	275
209	277
209	281
209	282
209	289
209	290
209	293
209	295
209	296
209	297
209	299
210	4
210	24
210	39
210	60
210	61
210	69
210	70
210	87
210	90
210	93
210	97
210	103
210	105
210	111
210	124
210	126
210	136
210	167
210	193
210	194
210	196
210	198
210	211
210	227
210	228
210	229
210	231
210	274
210	282
210	290
211	4
211	24
211	39
211	44
211	54
211	58
211	60
211	70
211	87
211	88
211	93
211	97
211	103
211	105
211	124
211	126
211	144
211	193
211	198
211	206
211	210
211	218
211	227
211	228
211	229
211	231
211	236
211	245
211	276
211	296
212	7
212	10
212	37
212	55
212	125
212	135
212	143
212	150
212	169
212	172
212	178
212	179
212	180
212	184
212	190
212	196
212	203
212	221
212	226
212	233
212	240
212	250
212	251
212	257
212	262
212	263
212	265
212	269
212	282
212	296
213	12
213	23
213	33
213	52
213	73
213	89
213	111
213	131
213	194
213	197
213	200
213	207
213	218
213	230
213	239
213	255
213	269
213	270
213	273
213	274
213	278
213	280
213	284
213	287
213	288
213	291
213	292
213	294
213	296
213	298
214	4
214	30
214	60
214	64
214	88
214	106
214	115
214	118
214	199
214	202
214	207
214	220
214	226
214	235
214	239
214	245
214	253
214	255
214	267
214	269
214	272
214	274
214	278
214	280
214	285
214	287
214	288
214	291
214	294
214	298
215	11
215	23
215	29
215	30
215	34
215	54
215	79
215	95
215	116
215	122
215	130
215	133
215	135
215	157
215	163
215	170
215	173
215	181
215	183
215	188
215	201
215	206
215	220
215	225
215	234
215	235
215	237
215	238
215	274
215	277
215	293
216	3
216	12
216	25
216	34
216	43
216	64
216	65
216	73
216	114
216	122
216	134
216	154
216	155
216	164
216	167
216	187
216	190
216	222
216	224
216	230
216	233
216	241
216	244
216	248
216	249
216	260
216	266
216	267
216	270
216	276
216	286
217	1
217	3
217	9
217	10
217	18
217	62
217	69
217	76
217	77
217	85
217	132
217	155
217	156
217	159
217	161
217	162
217	165
217	170
217	174
217	176
217	182
217	186
217	189
217	194
217	195
217	203
217	225
217	255
217	279
217	291
217	295
218	21
218	37
218	79
218	104
218	105
218	106
218	111
218	116
218	128
218	140
218	160
218	177
218	186
218	199
218	202
218	211
218	213
218	239
218	245
218	253
218	261
218	267
218	270
218	274
218	278
218	287
218	289
218	292
218	294
218	298
218	299
219	27
219	62
219	78
219	94
219	131
219	158
219	175
219	177
219	193
219	207
219	209
219	234
219	235
219	242
219	246
219	247
219	252
219	254
219	264
219	271
219	272
219	275
219	277
219	281
219	282
219	285
219	289
219	293
219	295
219	297
219	299
220	11
220	23
220	29
220	34
220	36
220	54
220	93
220	116
220	129
220	130
220	133
220	143
220	157
220	163
220	173
220	181
220	183
220	188
220	203
220	205
220	206
220	209
220	214
220	215
220	225
220	234
220	237
220	238
220	251
220	254
220	294
221	7
221	20
221	38
221	63
221	101
221	109
221	110
221	114
221	143
221	169
221	171
221	172
221	173
221	175
221	178
221	179
221	180
221	184
221	190
221	196
221	212
221	232
221	240
221	243
221	250
221	251
221	257
221	262
221	263
221	264
221	265
221	292
222	20
222	25
222	43
222	44
222	46
222	64
222	65
222	79
222	84
222	113
222	114
222	117
222	134
222	154
222	155
222	164
222	180
222	187
222	191
222	195
222	216
222	224
222	230
222	233
222	241
222	244
222	248
222	266
222	276
222	280
222	285
222	296
223	17
223	43
223	66
223	81
223	124
223	153
223	156
223	157
223	167
223	170
223	181
223	196
223	197
223	204
223	205
223	208
223	235
223	236
223	247
223	251
223	252
223	256
223	259
223	268
223	273
223	279
223	283
223	284
223	285
223	286
223	290
223	300
224	2
224	20
224	25
224	31
224	43
224	59
224	68
224	71
224	114
224	117
224	125
224	136
224	154
224	174
224	187
224	191
224	202
224	216
224	222
224	230
224	233
224	238
224	241
224	244
224	246
224	248
224	249
224	253
224	260
224	264
224	266
224	276
225	11
225	23
225	29
225	34
225	36
225	73
225	75
225	116
225	122
225	129
225	130
225	131
225	135
225	156
225	157
225	163
225	173
225	181
225	183
225	188
225	206
225	209
225	215
225	217
225	220
225	228
225	234
225	237
225	238
225	249
225	287
225	289
226	21
226	89
226	106
226	118
226	147
226	172
226	183
226	187
226	200
226	202
226	203
226	207
226	212
226	214
226	232
226	245
226	250
226	253
226	261
226	266
226	269
226	270
226	274
226	280
226	288
226	291
226	292
226	293
226	294
226	296
226	298
226	300
227	4
227	24
227	39
227	60
227	61
227	68
227	70
227	87
227	88
227	90
227	93
227	97
227	102
227	103
227	105
227	124
227	126
227	144
227	183
227	193
227	198
227	205
227	208
227	210
227	211
227	228
227	229
227	231
227	248
227	260
227	271
227	275
227	297
228	4
228	6
228	24
228	39
228	52
228	60
228	61
228	70
228	87
228	88
228	90
228	93
228	97
228	103
228	105
228	123
228	124
228	126
228	143
228	144
228	151
228	193
228	198
228	210
228	211
228	225
228	227
228	229
228	231
228	234
228	247
228	284
228	298
229	4
229	24
229	39
229	46
229	60
229	61
229	70
229	87
229	88
229	90
229	93
229	97
229	103
229	105
229	124
229	126
229	131
229	144
229	173
229	193
229	198
229	210
229	211
229	227
229	228
229	231
229	255
229	256
229	264
229	274
229	277
229	280
229	287
230	12
230	25
230	37
230	44
230	68
230	114
230	117
230	130
230	134
230	151
230	154
230	155
230	164
230	187
230	191
230	204
230	213
230	216
230	222
230	224
230	233
230	241
230	244
230	246
230	248
230	249
230	250
230	260
230	266
230	276
230	278
230	281
230	288
231	4
231	24
231	39
231	60
231	61
231	70
231	85
231	87
231	88
231	90
231	93
231	97
231	103
231	105
231	110
231	115
231	124
231	126
231	144
231	170
231	193
231	198
231	210
231	211
231	227
231	228
231	229
231	236
231	248
231	250
231	255
231	264
231	276
232	42
232	74
232	75
232	92
232	97
232	106
232	115
232	128
232	146
232	147
232	168
232	199
232	202
232	209
232	221
232	226
232	245
232	253
232	255
232	261
232	269
232	270
232	274
232	277
232	278
232	280
232	285
232	287
232	288
232	290
232	291
232	292
232	294
232	296
233	12
233	16
233	25
233	43
233	44
233	64
233	65
233	68
233	95
233	113
233	114
233	117
233	118
233	134
233	154
233	164
233	177
233	187
233	191
233	205
233	212
233	216
233	222
233	224
233	230
233	241
233	244
233	249
233	254
233	260
233	265
233	266
233	276
233	297
234	11
234	23
234	29
234	34
234	36
234	51
234	54
234	69
234	116
234	118
234	119
234	122
234	129
234	130
234	133
234	135
234	157
234	163
234	173
234	181
234	183
234	188
234	189
234	206
234	215
234	219
234	220
234	225
234	228
234	237
234	238
234	250
234	252
234	268
235	45
235	99
235	110
235	123
235	131
235	140
235	149
235	164
235	166
235	167
235	183
235	192
235	203
235	206
235	208
235	214
235	215
235	219
235	223
235	236
235	247
235	256
235	258
235	259
235	265
235	273
235	279
235	283
235	284
235	285
235	286
235	290
235	295
235	300
236	24
236	35
236	66
236	85
236	92
236	123
236	139
236	149
236	166
236	175
236	192
236	204
236	208
236	211
236	223
236	231
236	235
236	237
236	247
236	258
236	259
236	268
236	273
236	276
236	279
236	281
236	283
236	284
236	285
236	286
236	290
236	291
236	294
236	300
237	2
237	11
237	23
237	29
237	34
237	36
237	54
237	56
237	94
237	116
237	122
237	129
237	130
237	133
237	135
237	157
237	163
237	173
237	181
237	183
237	188
237	206
237	215
237	220
237	225
237	234
237	236
237	238
237	247
237	257
237	270
237	274
237	288
237	299
238	11
238	23
238	29
238	34
238	36
238	47
238	54
238	116
238	122
238	129
238	130
238	132
238	133
238	135
238	139
238	142
238	147
238	157
238	163
238	173
238	179
238	181
238	183
238	187
238	188
238	206
238	215
238	220
238	224
238	225
238	234
238	237
238	244
238	280
239	52
239	54
239	75
239	89
239	106
239	126
239	128
239	129
239	140
239	146
239	155
239	160
239	171
239	199
239	200
239	202
239	207
239	213
239	214
239	218
239	242
239	244
239	245
239	248
239	255
239	262
239	263
239	267
239	274
239	282
239	287
239	288
239	292
239	294
239	296
240	6
240	10
240	18
240	37
240	38
240	41
240	60
240	63
240	101
240	109
240	129
240	143
240	150
240	151
240	169
240	172
240	178
240	179
240	180
240	184
240	190
240	196
240	204
240	212
240	221
240	243
240	247
240	250
240	251
240	257
240	262
240	263
240	265
240	286
240	299
241	12
241	31
241	41
241	43
241	44
241	64
241	65
241	68
241	86
241	117
241	134
241	154
241	155
241	164
241	165
241	187
241	191
241	199
241	216
241	222
241	224
241	230
241	233
241	242
241	244
241	248
241	249
241	257
241	260
241	261
241	266
241	271
241	276
241	292
241	298
242	19
242	22
242	27
242	28
242	63
242	67
242	107
242	112
242	186
242	201
242	205
242	208
242	209
242	219
242	239
242	241
242	246
242	252
242	254
242	262
242	264
242	271
242	272
242	275
242	277
242	281
242	282
242	284
242	288
242	289
242	293
242	295
242	297
242	298
242	299
243	10
243	26
243	38
243	41
243	58
243	63
243	81
243	101
243	102
243	109
243	121
243	143
243	150
243	169
243	172
243	175
243	178
243	179
243	180
243	181
243	184
243	190
243	196
243	203
243	221
243	240
243	250
243	251
243	257
243	262
243	263
243	265
243	269
243	281
243	295
244	12
244	25
244	43
244	44
244	64
244	65
244	68
244	114
244	129
244	134
244	147
244	152
244	154
244	155
244	172
244	184
244	187
244	191
244	216
244	222
244	224
244	230
244	233
244	238
244	239
244	241
244	248
244	249
244	260
244	266
244	269
244	272
244	276
244	283
244	285
245	11
245	19
245	51
245	53
245	85
245	108
245	122
245	145
245	146
245	194
245	199
245	200
245	211
245	214
245	218
245	226
245	232
245	239
245	248
245	255
245	261
245	263
245	267
245	268
245	269
245	270
245	274
245	280
245	287
245	288
245	291
245	292
245	294
245	296
245	298
246	6
246	38
246	66
246	78
246	80
246	94
246	100
246	107
246	112
246	140
246	144
246	153
246	164
246	177
246	201
246	209
246	219
246	224
246	230
246	242
246	252
246	254
246	264
246	271
246	272
246	275
246	276
246	277
246	281
246	282
246	288
246	289
246	293
246	295
246	297
246	299
247	17
247	23
247	45
247	100
247	119
247	122
247	131
247	139
247	166
247	170
247	190
247	192
247	194
247	197
247	198
247	204
247	205
247	208
247	219
247	223
247	228
247	235
247	236
247	237
247	240
247	258
247	259
247	268
247	273
247	279
247	283
247	285
247	286
247	288
247	290
247	300
248	2
248	12
248	20
248	25
248	31
248	41
248	43
248	64
248	68
248	99
248	114
248	129
248	134
248	142
248	154
248	155
248	160
248	164
248	187
248	191
248	216
248	222
248	224
248	227
248	230
248	231
248	239
248	241
248	244
248	245
248	249
248	257
248	260
248	266
248	276
248	283
249	2
249	12
249	20
249	31
249	44
249	49
249	64
249	65
249	68
249	90
249	99
249	112
249	114
249	117
249	134
249	154
249	155
249	164
249	187
249	191
249	216
249	224
249	225
249	230
249	233
249	241
249	244
249	248
249	255
249	257
249	260
249	266
249	275
249	276
249	280
249	286
250	7
250	10
250	37
250	38
250	51
250	63
250	64
250	101
250	102
250	109
250	114
250	137
250	143
250	150
250	172
250	178
250	179
250	180
250	184
250	190
250	192
250	196
250	212
250	221
250	226
250	230
250	231
250	234
250	240
250	243
250	251
250	256
250	257
250	262
250	263
250	265
250	296
251	7
251	10
251	19
251	33
251	37
251	38
251	43
251	63
251	67
251	101
251	102
251	109
251	143
251	150
251	169
251	172
251	178
251	179
251	180
251	184
251	190
251	212
251	220
251	221
251	223
251	240
251	243
251	250
251	257
251	262
251	263
251	265
251	273
251	279
251	281
251	284
251	288
252	14
252	51
252	61
252	67
252	91
252	96
252	98
252	100
252	149
252	152
252	153
252	175
252	177
252	192
252	198
252	201
252	209
252	219
252	223
252	234
252	242
252	246
252	254
252	259
252	264
252	271
252	272
252	275
252	277
252	279
252	281
252	282
252	289
252	293
252	295
252	297
252	299
253	21
253	47
253	49
253	53
253	57
253	66
253	89
253	111
253	118
253	123
253	140
253	164
253	174
253	192
253	199
253	200
253	207
253	214
253	218
253	224
253	226
253	232
253	259
253	266
253	267
253	269
253	270
253	275
253	278
253	280
253	287
253	288
253	291
253	292
253	294
253	296
253	298
254	16
254	17
254	19
254	43
254	67
254	94
254	96
254	98
254	107
254	137
254	153
254	169
254	175
254	177
254	185
254	209
254	219
254	220
254	233
254	242
254	246
254	252
254	255
254	264
254	271
254	272
254	275
254	277
254	281
254	282
254	283
254	289
254	293
254	295
254	297
254	299
254	300
255	21
255	52
255	81
255	85
255	110
255	118
255	128
255	140
255	146
255	148
255	168
255	194
255	199
255	200
255	207
255	213
255	214
255	217
255	229
255	231
255	232
255	239
255	245
255	249
255	254
255	261
255	267
255	269
255	270
255	272
255	274
255	278
255	287
255	291
255	294
255	296
255	298
256	3
256	11
256	35
256	45
256	58
256	66
256	79
256	92
256	99
256	119
256	126
256	131
256	132
256	139
256	170
256	192
256	197
256	204
256	205
256	208
256	223
256	229
256	235
256	250
256	257
256	258
256	259
256	263
256	268
256	273
256	277
256	279
256	283
256	284
256	285
256	286
256	290
256	300
257	7
257	10
257	37
257	38
257	63
257	101
257	102
257	109
257	113
257	133
257	143
257	150
257	169
257	172
257	178
257	179
257	180
257	184
257	190
257	196
257	212
257	221
257	237
257	240
257	241
257	243
257	248
257	249
257	250
257	251
257	256
257	262
257	263
257	265
257	273
257	279
257	286
257	291
258	2
258	3
258	5
258	17
258	35
258	61
258	66
258	99
258	103
258	119
258	123
258	127
258	134
258	139
258	149
258	160
258	166
258	167
258	170
258	171
258	174
258	192
258	197
258	198
258	208
258	235
258	236
258	247
258	256
258	268
258	273
258	279
258	283
258	284
258	285
258	286
258	290
258	300
259	47
259	66
259	92
259	99
259	108
259	110
259	123
259	131
259	145
259	149
259	150
259	157
259	166
259	167
259	170
259	182
259	197
259	205
259	208
259	223
259	235
259	236
259	247
259	252
259	253
259	256
259	266
259	268
259	273
259	278
259	279
259	283
259	284
259	285
259	286
259	290
259	299
259	300
260	2
260	12
260	20
260	25
260	28
260	31
260	43
260	44
260	64
260	65
260	70
260	105
260	114
260	117
260	121
260	134
260	138
260	154
260	155
260	164
260	191
260	195
260	200
260	216
260	224
260	227
260	230
260	233
260	241
260	244
260	248
260	249
260	266
260	269
260	274
260	276
260	289
260	290
261	53
261	56
261	89
261	115
261	128
261	144
261	146
261	147
261	151
261	153
261	160
261	184
261	185
261	199
261	202
261	207
261	218
261	226
261	232
261	241
261	245
261	255
261	262
261	265
261	269
261	270
261	271
261	274
261	278
261	280
261	283
261	284
261	287
261	288
261	291
261	292
261	294
261	296
261	298
262	2
262	3
262	7
262	10
262	37
262	38
262	63
262	101
262	102
262	109
262	136
262	143
262	145
262	150
262	160
262	169
262	171
262	172
262	178
262	179
262	180
262	184
262	190
262	196
262	202
262	212
262	221
262	239
262	240
262	242
262	243
262	250
262	251
262	257
262	261
262	263
262	265
262	289
262	300
263	7
263	10
263	37
263	38
263	63
263	101
263	102
263	107
263	109
263	115
263	138
263	143
263	150
263	154
263	164
263	165
263	169
263	172
263	178
263	179
263	180
263	184
263	190
263	196
263	198
263	200
263	212
263	221
263	239
263	240
263	243
263	245
263	250
263	251
263	256
263	257
263	262
263	265
263	299
264	46
264	67
264	80
264	94
264	96
264	98
264	100
264	107
264	118
264	126
264	153
264	175
264	177
264	206
264	209
264	219
264	221
264	224
264	229
264	231
264	242
264	246
264	252
264	254
264	266
264	268
264	271
264	272
264	275
264	277
264	281
264	282
264	285
264	289
264	293
264	294
264	295
264	297
264	299
265	7
265	10
265	37
265	38
265	50
265	63
265	100
265	101
265	102
265	109
265	114
265	143
265	150
265	169
265	172
265	176
265	178
265	179
265	180
265	184
265	190
265	196
265	212
265	221
265	233
265	235
265	240
265	243
265	250
265	251
265	257
265	261
265	262
265	263
265	266
265	270
265	277
265	284
265	295
266	2
266	12
266	20
266	25
266	31
266	44
266	47
266	64
266	65
266	68
266	69
266	86
266	95
266	114
266	117
266	134
266	154
266	155
266	162
266	164
266	187
266	191
266	216
266	222
266	224
266	226
266	230
266	233
266	241
266	244
266	248
266	249
266	253
266	259
266	260
266	264
266	265
266	272
266	276
266	293
267	16
267	75
267	79
267	99
267	103
267	104
267	106
267	111
267	115
267	128
267	135
267	139
267	140
267	146
267	160
267	162
267	176
267	183
267	184
267	194
267	195
267	200
267	202
267	214
267	216
267	218
267	239
267	245
267	253
267	255
267	274
267	278
267	280
267	283
267	288
267	291
267	292
267	294
267	296
267	298
268	17
268	35
268	40
268	45
268	60
268	92
268	99
268	107
268	110
268	119
268	123
268	130
268	131
268	134
268	167
268	170
268	187
268	192
268	204
268	205
268	208
268	223
268	234
268	236
268	245
268	247
268	256
268	258
268	259
268	264
268	276
268	279
268	280
268	283
268	284
268	285
268	286
268	290
268	295
268	300
269	7
269	21
269	53
269	72
269	87
269	102
269	106
269	111
269	118
269	146
269	147
269	160
269	164
269	185
269	188
269	190
269	194
269	199
269	200
269	207
269	212
269	213
269	214
269	226
269	232
269	243
269	244
269	245
269	253
269	255
269	260
269	261
269	274
269	280
269	287
269	288
269	291
269	294
269	296
269	298
270	5
270	21
270	22
270	31
270	53
270	79
270	89
270	104
270	118
270	133
270	146
270	147
270	157
270	160
270	192
270	199
270	200
270	202
270	204
270	213
270	216
270	218
270	226
270	232
270	237
270	245
270	253
270	255
270	261
270	265
270	274
270	278
270	287
270	288
270	291
270	292
270	294
270	295
270	296
270	298
271	19
271	25
271	27
271	28
271	32
271	67
271	78
271	91
271	96
271	98
271	100
271	112
271	115
271	137
271	175
271	177
271	201
271	203
271	207
271	209
271	219
271	227
271	241
271	242
271	246
271	252
271	254
271	261
271	264
271	272
271	274
271	277
271	281
271	282
271	289
271	290
271	293
271	294
271	295
271	297
271	299
272	78
272	80
272	91
272	96
272	98
272	100
272	107
272	112
272	122
272	141
272	153
272	175
272	177
272	181
272	186
272	201
272	202
272	206
272	209
272	214
272	219
272	242
272	244
272	246
272	252
272	254
272	255
272	264
272	266
272	271
272	275
272	277
272	281
272	282
272	284
272	289
272	293
272	295
272	297
272	299
272	300
273	17
273	26
273	35
273	48
273	77
273	99
273	110
273	123
273	131
273	139
273	140
273	149
273	150
273	161
273	166
273	167
273	170
273	191
273	192
273	197
273	200
273	205
273	207
273	208
273	213
273	223
273	235
273	236
273	247
273	251
273	256
273	257
273	258
273	259
273	279
273	283
273	284
273	285
273	286
273	290
273	300
274	16
274	38
274	59
274	75
274	77
274	79
274	98
274	111
274	118
274	140
274	157
274	200
274	202
274	207
274	210
274	213
274	214
274	215
274	218
274	226
274	229
274	232
274	237
274	239
274	245
274	255
274	260
274	261
274	267
274	269
274	270
274	271
274	278
274	280
274	287
274	288
274	291
274	292
274	295
274	296
274	298
275	8
275	19
275	25
275	27
275	80
275	91
275	96
275	100
275	107
275	112
275	123
275	149
275	153
275	168
275	169
275	175
275	177
275	201
275	209
275	219
275	227
275	242
275	246
275	249
275	252
275	253
275	254
275	264
275	272
275	277
275	281
275	282
275	283
275	286
275	289
275	290
275	293
275	294
275	295
275	297
275	299
276	2
276	12
276	20
276	25
276	31
276	43
276	44
276	64
276	65
276	68
276	86
276	117
276	134
276	154
276	155
276	158
276	164
276	168
276	175
276	185
276	187
276	191
276	201
276	211
276	216
276	222
276	224
276	230
276	231
276	233
276	236
276	241
276	244
276	246
276	248
276	249
276	260
276	266
276	268
276	289
276	300
277	8
277	19
277	27
277	67
277	78
277	89
277	94
277	96
277	98
277	99
277	100
277	111
277	112
277	150
277	153
277	175
277	182
277	189
277	201
277	209
277	215
277	219
277	229
277	232
277	242
277	246
277	252
277	254
277	256
277	264
277	265
277	271
277	272
277	275
277	281
277	282
277	289
277	293
277	295
277	297
277	298
277	299
278	19
278	45
278	53
278	55
278	75
278	79
278	89
278	90
278	105
278	115
278	119
278	138
278	140
278	147
278	160
278	194
278	199
278	202
278	207
278	213
278	214
278	218
278	230
278	232
278	253
278	255
278	259
278	261
278	267
278	270
278	274
278	280
278	281
278	287
278	288
278	289
278	291
278	292
278	294
278	296
278	297
278	298
279	10
279	35
279	45
279	66
279	72
279	80
279	92
279	99
279	110
279	117
279	119
279	123
279	131
279	139
279	149
279	161
279	166
279	167
279	178
279	196
279	197
279	204
279	205
279	217
279	223
279	235
279	236
279	247
279	251
279	252
279	256
279	257
279	258
279	259
279	268
279	273
279	283
279	284
279	285
279	286
279	290
279	293
279	300
280	9
280	16
280	25
280	61
280	95
280	115
280	118
280	128
280	140
280	146
280	147
280	150
280	160
280	167
280	180
280	199
280	200
280	201
280	202
280	207
280	213
280	214
280	222
280	226
280	229
280	232
280	238
280	245
280	249
280	253
280	261
280	267
280	268
280	269
280	274
280	278
280	287
280	288
280	291
280	292
280	294
280	296
280	298
281	8
281	27
281	28
281	55
281	63
281	67
281	78
281	80
281	91
281	94
281	98
281	116
281	138
281	144
281	153
281	161
281	175
281	177
281	199
281	201
281	202
281	209
281	219
281	230
281	236
281	242
281	243
281	246
281	251
281	252
281	254
281	264
281	271
281	272
281	275
281	277
281	278
281	282
281	289
281	293
281	295
281	297
281	299
282	8
282	20
282	28
282	40
282	67
282	78
282	80
282	91
282	94
282	96
282	98
282	112
282	121
282	152
282	153
282	161
282	162
282	175
282	188
282	200
282	201
282	204
282	209
282	210
282	212
282	219
282	239
282	242
282	246
282	252
282	254
282	264
282	271
282	272
282	275
282	277
282	281
282	287
282	289
282	293
282	295
282	297
282	299
283	23
283	28
283	35
283	45
283	75
283	78
283	92
283	94
283	110
283	123
283	127
283	128
283	131
283	139
283	149
283	167
283	170
283	192
283	197
283	204
283	205
283	207
283	208
283	223
283	235
283	236
283	244
283	247
283	248
283	254
283	256
283	258
283	259
283	261
283	267
283	268
283	273
283	275
283	279
283	284
283	285
283	286
283	290
283	300
284	17
284	23
284	45
284	66
284	85
284	92
284	96
284	99
284	110
284	119
284	121
284	139
284	149
284	166
284	167
284	170
284	172
284	176
284	192
284	197
284	204
284	205
284	208
284	213
284	223
284	228
284	235
284	236
284	242
284	251
284	256
284	258
284	259
284	261
284	265
284	268
284	272
284	273
284	279
284	283
284	285
284	286
284	290
284	291
284	300
285	8
285	35
285	36
285	66
285	71
285	92
285	110
285	119
285	123
285	131
285	139
285	141
285	149
285	166
285	167
285	170
285	173
285	177
285	178
285	190
285	192
285	197
285	204
285	205
285	214
285	219
285	222
285	223
285	232
285	235
285	236
285	244
285	247
285	256
285	258
285	259
285	264
285	268
285	273
285	279
285	283
285	284
285	286
285	290
285	300
286	17
286	35
286	44
286	45
286	58
286	87
286	92
286	93
286	99
286	110
286	119
286	123
286	131
286	139
286	155
286	165
286	166
286	170
286	173
286	192
286	197
286	199
286	200
286	204
286	205
286	208
286	216
286	223
286	235
286	236
286	240
286	247
286	249
286	256
286	257
286	258
286	259
286	268
286	273
286	275
286	279
286	283
286	284
286	285
286	290
286	300
287	17
287	52
287	53
287	67
287	71
287	75
287	80
287	93
287	101
287	106
287	115
287	120
287	140
287	146
287	156
287	159
287	160
287	174
287	189
287	194
287	199
287	202
287	207
287	213
287	214
287	218
287	225
287	229
287	232
287	239
287	245
287	253
287	255
287	261
287	269
287	270
287	274
287	278
287	280
287	282
287	288
287	291
287	292
287	294
287	296
287	298
288	16
288	29
288	52
288	53
288	79
288	91
288	94
288	106
288	111
288	129
288	134
288	140
288	147
288	194
288	198
288	199
288	200
288	202
288	207
288	213
288	214
288	226
288	230
288	232
288	237
288	239
288	242
288	245
288	246
288	247
288	251
288	253
288	261
288	267
288	269
288	270
288	274
288	278
288	280
288	287
288	291
288	292
288	294
288	296
288	298
288	299
289	8
289	19
289	28
289	56
289	78
289	80
289	81
289	91
289	92
289	94
289	96
289	98
289	100
289	101
289	105
289	107
289	112
289	125
289	153
289	175
289	176
289	177
289	201
289	209
289	218
289	219
289	225
289	242
289	246
289	252
289	254
289	260
289	262
289	264
289	271
289	272
289	275
289	276
289	277
289	278
289	281
289	282
289	291
289	293
289	295
289	297
289	299
290	35
290	45
290	54
290	66
290	92
290	96
290	97
290	98
290	99
290	110
290	119
290	122
290	123
290	125
290	128
290	131
290	139
290	149
290	166
290	167
290	170
290	192
290	204
290	205
290	208
290	209
290	210
290	223
290	232
290	235
290	236
290	247
290	256
290	258
290	259
290	260
290	268
290	271
290	273
290	275
290	279
290	283
290	284
290	285
290	286
290	293
290	300
291	16
291	30
291	52
291	54
291	71
291	75
291	79
291	89
291	109
291	115
291	118
291	128
291	140
291	147
291	160
291	169
291	189
291	200
291	206
291	207
291	213
291	214
291	217
291	226
291	232
291	236
291	245
291	253
291	255
291	257
291	261
291	267
291	269
291	270
291	274
291	278
291	280
291	284
291	287
291	288
291	289
291	292
291	293
291	294
291	296
291	298
291	300
292	52
292	65
292	75
292	79
292	84
292	96
292	97
292	103
292	106
292	112
292	115
292	120
292	128
292	136
292	140
292	146
292	147
292	160
292	166
292	168
292	171
292	194
292	196
292	199
292	200
292	202
292	213
292	218
292	221
292	226
292	232
292	239
292	241
292	245
292	253
292	261
292	267
292	270
292	274
292	278
292	280
292	287
292	288
292	291
292	294
292	296
292	298
293	8
293	19
293	26
293	27
293	28
293	36
293	67
293	78
293	80
293	91
293	94
293	98
293	107
293	112
293	153
293	175
293	177
293	180
293	184
293	193
293	201
293	208
293	209
293	215
293	219
293	226
293	242
293	246
293	252
293	254
293	264
293	266
293	271
293	272
293	275
293	277
293	279
293	281
293	282
293	289
293	290
293	291
293	295
293	297
293	298
293	299
293	300
294	1
294	4
294	16
294	30
294	89
294	93
294	111
294	115
294	118
294	140
294	146
294	159
294	160
294	163
294	165
294	179
294	194
294	198
294	199
294	201
294	202
294	207
294	213
294	214
294	218
294	220
294	226
294	232
294	236
294	239
294	245
294	253
294	255
294	261
294	264
294	267
294	269
294	270
294	271
294	275
294	278
294	280
294	287
294	288
294	291
294	292
294	296
294	298
295	6
295	8
295	19
295	27
295	28
295	36
295	43
295	67
295	72
295	78
295	80
295	82
295	91
295	94
295	96
295	98
295	100
295	107
295	112
295	147
295	153
295	175
295	177
295	188
295	201
295	209
295	217
295	219
295	235
295	242
295	243
295	246
295	252
295	254
295	264
295	265
295	268
295	270
295	271
295	272
295	274
295	275
295	277
295	281
295	282
295	289
295	293
295	297
295	299
296	16
296	21
296	24
296	42
296	45
296	52
296	53
296	59
296	89
296	106
296	115
296	116
296	118
296	126
296	128
296	134
296	140
296	153
296	160
296	169
296	186
296	199
296	200
296	202
296	207
296	209
296	211
296	212
296	213
296	222
296	226
296	232
296	239
296	245
296	250
296	253
296	255
296	261
296	267
296	269
296	270
296	274
296	278
296	280
296	287
296	288
296	291
296	292
296	294
296	298
297	8
297	17
297	19
297	27
297	28
297	39
297	57
297	66
297	67
297	78
297	80
297	91
297	94
297	96
297	98
297	100
297	101
297	107
297	111
297	112
297	120
297	153
297	164
297	175
297	177
297	180
297	195
297	201
297	205
297	208
297	209
297	219
297	227
297	233
297	242
297	246
297	252
297	254
297	264
297	271
297	272
297	275
297	277
297	278
297	281
297	282
297	289
297	293
297	295
297	299
298	16
298	17
298	21
298	22
298	53
298	55
298	70
298	73
298	75
298	78
298	79
298	87
298	106
298	111
298	118
298	128
298	140
298	146
298	154
298	160
298	199
298	200
298	202
298	205
298	213
298	214
298	218
298	226
298	228
298	241
298	242
298	245
298	253
298	255
298	261
298	267
298	269
298	270
298	274
298	277
298	278
298	280
298	287
298	288
298	291
298	292
298	293
298	294
298	296
298	299
299	8
299	13
299	19
299	27
299	28
299	50
299	67
299	72
299	78
299	80
299	82
299	91
299	94
299	96
299	97
299	98
299	100
299	107
299	112
299	149
299	153
299	160
299	175
299	177
299	201
299	207
299	209
299	218
299	219
299	237
299	240
299	242
299	246
299	252
299	254
299	259
299	263
299	264
299	271
299	272
299	275
299	277
299	281
299	282
299	288
299	289
299	293
299	295
299	297
299	298
300	17
300	21
300	22
300	35
300	37
300	45
300	53
300	66
300	92
300	99
300	106
300	110
300	119
300	123
300	131
300	139
300	149
300	162
300	163
300	166
300	167
300	170
300	192
300	197
300	204
300	205
300	207
300	208
300	223
300	226
300	235
300	236
300	247
300	254
300	256
300	258
300	259
300	262
300	268
300	272
300	273
300	276
300	279
300	283
300	284
300	285
300	286
300	290
300	291
300	293
