1	44
1	85
1	91
1	100
1	107
1	110
1	130
1	172
1	203
1	210
1	212
1	213
1	223
1	232
1	267
2	71
2	72
2	84
2	101
2	134
2	166
2	184
2	227
2	245
2	264
2	286
2	288
2	291
2	296
2	297
3	29
3	32
3	102
3	119
3	172
3	178
3	179
3	188
3	222
3	223
3	225
3	254
3	257
3	274
3	291
4	92
4	149
4	165
4	173
4	179
4	207
4	214
4	216
4	224
4	226
4	267
4	269
4	290
4	292
4	293
5	35
5	41
5	128
5	140
5	153
5	175
5	205
5	240
5	257
5	259
5	272
5	277
5	282
5	285
5	289
6	18
6	19
6	27
6	46
6	69
6	101
6	151
6	182
6	203
6	224
6	231
6	244
6	260
6	279
6	290
7	32
7	35
7	95
7	103
7	122
7	141
7	168
7	175
7	194
7	243
7	260
7	287
7	291
7	294
7	296
8	86
8	101
8	171
8	172
8	195
8	205
8	213
8	230
8	232
8	238
8	252
8	271
8	278
8	281
8	289
9	97
9	184
9	186
9	194
9	232
9	233
9	241
9	269
9	281
9	283
9	284
9	288
9	292
9	293
9	298
10	31
10	94
10	157
10	161
10	194
10	197
10	214
10	226
10	238
10	246
10	247
10	262
10	263
10	271
10	291
11	13
11	68
11	69
11	121
11	122
11	129
11	151
11	177
11	205
11	222
11	243
11	282
11	293
11	296
11	297
12	17
12	77
12	88
12	89
12	102
12	132
12	167
12	173
12	185
12	188
12	213
12	224
12	278
12	284
12	300
13	11
13	37
13	51
13	58
13	127
13	141
13	145
13	165
13	170
13	226
13	236
13	241
13	242
13	263
13	276
14	26
14	90
14	103
14	112
14	127
14	156
14	171
14	231
14	233
14	256
14	257
14	260
14	268
14	282
14	290
15	24
15	29
15	58
15	89
15	92
15	135
15	188
15	190
15	192
15	209
15	223
15	246
15	281
15	291
15	298
16	24
16	25
16	67
16	72
16	148
16	211
16	227
16	257
16	262
16	266
16	267
16	271
16	291
16	293
16	296
17	12
17	54
17	61
17	82
17	104
17	117
17	123
17	126
17	151
17	194
17	226
17	248
17	262
17	295
17	299
18	6
18	23
18	91
18	123
18	160
18	174
18	189
18	208
18	209
18	212
18	218
18	245
18	248
18	268
18	285
19	6
19	22
19	56
19	59
19	103
19	120
19	132
19	134
19	136
19	147
19	183
19	191
19	196
19	204
19	226
20	67
20	82
20	89
20	102
20	108
20	143
20	167
20	199
20	222
20	233
20	256
20	260
20	286
20	292
20	294
21	55
21	82
21	103
21	128
21	139
21	172
21	247
21	253
21	262
21	271
21	276
21	282
21	283
21	285
21	299
22	19
22	54
22	95
22	118
22	154
22	166
22	168
22	174
22	194
22	204
22	215
22	241
22	245
22	269
22	289
23	18
23	36
23	49
23	55
23	78
23	98
23	117
23	219
23	251
23	253
23	256
23	265
23	267
23	279
23	294
24	15
24	16
24	162
24	165
24	175
24	179
24	189
24	201
24	255
24	259
24	269
24	273
24	281
24	285
24	293
25	16
25	56
25	70
25	86
25	98
25	114
25	124
25	138
25	203
25	261
25	267
25	269
25	286
25	289
25	293
26	14
26	64
26	105
26	138
26	142
26	147
26	148
26	218
26	267
26	276
26	282
26	284
26	288
26	293
26	299
27	6
27	39
27	81
27	104
27	106
27	169
27	248
27	255
27	267
27	268
27	275
27	276
27	277
27	279
27	294
28	91
28	98
28	105
28	133
28	154
28	157
28	233
28	239
28	261
28	265
28	268
28	278
28	290
28	297
28	300
29	3
29	15
29	52
29	92
29	234
29	235
29	237
29	246
29	248
29	256
29	276
29	287
29	292
29	297
29	299
30	43
30	88
30	182
30	200
30	218
30	219
30	221
30	253
30	260
30	267
30	269
30	271
30	273
30	274
30	277
31	10
31	49
31	52
31	110
31	112
31	118
31	123
31	125
31	128
31	155
31	177
31	206
31	220
31	254
31	257
31	266
32	3
32	7
32	44
32	62
32	72
32	75
32	87
32	88
32	166
32	173
32	177
32	191
32	209
32	221
32	260
32	297
33	64
33	98
33	157
33	172
33	175
33	177
33	181
33	198
33	215
33	223
33	230
33	246
33	279
33	290
33	292
33	296
34	91
34	92
34	98
34	109
34	113
34	132
34	143
34	159
34	164
34	215
34	217
34	234
34	285
34	289
34	293
34	297
35	5
35	7
35	43
35	67
35	106
35	152
35	169
35	200
35	205
35	219
35	238
35	239
35	251
35	278
35	291
35	300
36	23
36	67
36	88
36	157
36	168
36	193
36	204
36	211
36	258
36	260
36	261
36	269
36	272
36	277
36	289
36	292
37	13
37	55
37	101
37	108
37	110
37	116
37	118
37	153
37	165
37	234
37	235
37	239
37	258
37	272
37	277
37	298
38	39
38	77
38	106
38	121
38	158
38	168
38	170
38	191
38	209
38	213
38	229
38	238
38	249
38	271
38	279
38	288
39	27
39	38
39	155
39	186
39	198
39	209
39	215
39	223
39	248
39	265
39	274
39	278
39	284
39	290
39	296
39	299
40	66
40	82
40	118
40	143
40	210
40	231
40	237
40	239
40	241
40	252
40	264
40	286
40	288
40	291
40	296
40	300
41	5
41	51
41	61
41	91
41	113
41	167
41	188
41	189
41	190
41	199
41	200
41	220
41	242
41	247
41	277
41	283
42	85
42	93
42	102
42	118
42	139
42	149
42	150
42	178
42	182
42	208
42	214
42	246
42	265
42	273
42	283
42	298
43	30
43	35
43	89
43	111
43	124
43	148
43	162
43	176
43	193
43	257
43	262
43	277
43	285
43	292
43	295
43	298
44	1
44	32
44	70
44	77
44	117
44	172
44	175
44	185
44	192
44	198
44	210
44	215
44	253
44	254
44	261
44	266
45	55
45	149
45	164
45	183
45	190
45	210
45	225
45	231
45	241
45	261
45	263
45	267
45	276
45	292
45	299
45	300
46	6
46	49
46	54
46	66
46	138
46	147
46	166
46	186
46	196
46	203
46	229
46	240
46	249
46	251
46	268
46	279
47	51
47	77
47	114
47	121
47	139
47	161
47	170
47	181
47	222
47	258
47	264
47	268
47	288
47	291
47	296
47	298
48	69
48	103
48	165
48	173
48	189
48	211
48	215
48	231
48	232
48	242
48	272
48	278
48	281
48	286
48	291
48	298
49	23
49	31
49	46
49	98
49	126
49	136
49	197
49	200
49	219
49	238
49	247
49	256
49	276
49	285
49	297
49	298
50	63
50	68
50	77
50	125
50	139
50	166
50	178
50	228
50	229
50	232
50	248
50	252
50	257
50	279
50	291
50	295
51	13
51	41
51	47
51	58
51	76
51	79
51	95
51	160
51	168
51	193
51	197
51	234
51	262
51	274
51	286
51	288
52	29
52	31
52	65
52	134
52	144
52	162
52	188
52	206
52	213
52	225
52	269
52	271
52	278
52	282
52	284
52	289
53	77
53	176
53	183
53	187
53	223
53	229
53	233
53	236
53	239
53	241
53	259
53	267
53	268
53	270
53	272
53	299
54	17
54	22
54	46
54	75
54	97
54	131
54	179
54	195
54	206
54	216
54	253
54	262
54	266
54	270
54	289
54	299
55	21
55	23
55	37
55	45
55	68
55	73
55	80
55	134
55	154
55	156
55	159
55	176
55	208
55	257
55	298
55	300
56	19
56	25
56	59
56	122
56	132
56	163
56	182
56	211
56	216
56	217
56	262
56	272
56	277
56	287
56	289
56	294
57	62
57	80
57	97
57	122
57	175
57	201
57	240
57	249
57	255
57	256
57	260
57	266
57	268
57	279
57	290
57	296
58	13
58	15
58	51
58	85
58	86
58	88
58	103
58	122
58	134
58	161
58	196
58	237
58	259
58	272
58	274
58	292
59	19
59	56
59	71
59	119
59	193
59	194
59	206
59	239
59	245
59	246
59	248
59	251
59	259
59	261
59	263
59	297
60	62
60	115
60	160
60	187
60	191
60	214
60	235
60	245
60	248
60	264
60	266
60	268
60	288
60	290
60	291
60	296
61	17
61	41
61	145
61	148
61	151
61	188
61	210
61	211
61	219
61	223
61	229
61	231
61	232
61	250
61	253
61	272
61	289
62	32
62	57
62	60
62	84
62	109
62	111
62	175
62	183
62	189
62	193
62	198
62	207
62	213
62	216
62	239
62	265
62	273
63	50
63	80
63	95
63	135
63	156
63	162
63	193
63	194
63	217
63	226
63	232
63	235
63	255
63	271
63	286
63	290
63	292
64	26
64	33
64	131
64	155
64	173
64	218
64	223
64	228
64	232
64	237
64	260
64	261
64	274
64	290
64	292
64	295
64	299
65	52
65	93
65	119
65	124
65	179
65	181
65	221
65	234
65	248
65	263
65	269
65	271
65	281
65	288
65	292
65	293
65	300
66	40
66	46
66	85
66	108
66	136
66	185
66	192
66	204
66	216
66	222
66	239
66	272
66	273
66	287
66	289
66	291
66	299
67	16
67	20
67	35
67	36
67	81
67	142
67	143
67	210
67	215
67	227
67	241
67	251
67	252
67	284
67	290
67	293
67	295
68	11
68	50
68	55
68	115
68	119
68	146
68	148
68	169
68	171
68	201
68	204
68	234
68	267
68	268
68	281
68	284
68	299
69	6
69	11
69	48
69	130
69	145
69	163
69	176
69	188
69	226
69	235
69	237
69	245
69	246
69	251
69	256
69	263
69	267
70	25
70	44
70	83
70	125
70	196
70	211
70	217
70	231
70	242
70	250
70	262
70	276
70	280
70	283
70	286
70	299
70	300
71	2
71	59
71	78
71	85
71	122
71	130
71	183
71	185
71	194
71	212
71	219
71	234
71	242
71	244
71	260
71	284
71	287
72	2
72	16
72	32
72	102
72	113
72	144
72	154
72	172
72	174
72	204
72	214
72	229
72	237
72	255
72	258
72	285
72	300
73	55
73	79
73	116
73	131
73	132
73	186
73	198
73	199
73	228
73	233
73	253
73	256
73	257
73	285
73	290
73	298
73	300
74	102
74	163
74	171
74	181
74	190
74	191
74	198
74	200
74	207
74	249
74	255
74	265
74	266
74	268
74	271
74	277
74	290
75	32
75	54
75	90
75	113
75	149
75	170
75	195
75	201
75	206
75	208
75	219
75	229
75	230
75	259
75	275
75	282
75	292
76	51
76	90
76	109
76	111
76	118
76	172
76	196
76	237
76	242
76	253
76	261
76	265
76	266
76	279
76	292
76	293
76	296
77	12
77	38
77	44
77	47
77	50
77	53
77	136
77	140
77	154
77	158
77	173
77	177
77	190
77	194
77	207
77	235
77	290
78	23
78	71
78	99
78	125
78	131
78	149
78	158
78	203
78	221
78	224
78	226
78	247
78	272
78	273
78	278
78	298
78	300
79	51
79	73
79	135
79	145
79	151
79	169
79	181
79	189
79	202
79	206
79	228
79	237
79	244
79	253
79	271
79	291
79	296
80	55
80	57
80	63
80	109
80	116
80	133
80	159
80	169
80	195
80	204
80	222
80	240
80	244
80	282
80	284
80	285
80	286
81	27
81	67
81	93
81	184
81	209
81	211
81	215
81	218
81	227
81	230
81	249
81	260
81	281
81	282
81	288
81	289
81	293
82	17
82	20
82	21
82	40
82	113
82	127
82	162
82	198
82	199
82	209
82	216
82	231
82	232
82	248
82	267
82	283
82	297
83	70
83	101
83	133
83	142
83	166
83	168
83	204
83	212
83	245
83	274
83	276
83	283
83	288
83	291
83	294
83	296
83	300
84	2
84	62
84	99
84	160
84	190
84	199
84	219
84	228
84	235
84	252
84	253
84	270
84	278
84	283
84	292
84	294
84	297
85	1
85	42
85	58
85	66
85	71
85	91
85	102
85	111
85	201
85	237
85	243
85	272
85	276
85	283
85	289
85	293
85	299
86	8
86	25
86	58
86	173
86	175
86	184
86	244
86	246
86	249
86	252
86	255
86	259
86	260
86	265
86	268
86	279
86	293
87	32
87	111
87	115
87	135
87	196
87	205
87	237
87	263
87	264
87	266
87	272
87	274
87	279
87	287
87	292
87	298
87	299
88	12
88	30
88	32
88	36
88	58
88	112
88	142
88	143
88	155
88	211
88	218
88	223
88	245
88	267
88	275
88	279
88	291
89	12
89	15
89	20
89	43
89	103
89	108
89	113
89	117
89	130
89	158
89	210
89	219
89	229
89	255
89	266
89	285
89	299
90	14
90	75
90	76
90	111
90	137
90	167
90	177
90	180
90	189
90	191
90	197
90	223
90	227
90	274
90	277
90	291
90	294
91	1
91	18
91	28
91	34
91	41
91	85
91	140
91	171
91	206
91	215
91	236
91	237
91	238
91	245
91	267
91	285
91	300
92	4
92	15
92	29
92	34
92	124
92	133
92	150
92	152
92	174
92	253
92	260
92	262
92	267
92	277
92	287
92	293
92	298
93	42
93	65
93	81
93	109
93	149
93	157
93	167
93	196
93	205
93	213
93	219
93	221
93	247
93	258
93	260
93	267
93	293
93	299
94	10
94	140
94	146
94	155
94	167
94	193
94	200
94	205
94	218
94	226
94	236
94	239
94	257
94	279
94	286
94	287
94	294
94	295
95	7
95	22
95	51
95	63
95	97
95	170
95	180
95	200
95	203
95	205
95	235
95	239
95	255
95	256
95	261
95	275
95	280
95	295
96	105
96	111
96	128
96	135
96	138
96	148
96	161
96	170
96	176
96	197
96	205
96	218
96	233
96	242
96	270
96	273
96	289
96	292
97	9
97	54
97	57
97	95
97	200
97	205
97	245
97	252
97	270
97	271
97	273
97	274
97	275
97	281
97	284
97	289
97	291
97	299
98	23
98	25
98	28
98	33
98	34
98	49
98	144
98	165
98	174
98	177
98	204
98	237
98	250
98	265
98	279
98	290
98	294
98	300
99	78
99	84
99	107
99	122
99	123
99	137
99	150
99	178
99	197
99	214
99	218
99	230
99	252
99	266
99	276
99	287
99	296
99	300
100	1
100	108
100	114
100	125
100	162
100	195
100	199
100	213
100	217
100	224
100	252
100	254
100	262
100	270
100	271
100	289
100	292
100	294
101	2
101	6
101	8
101	37
101	83
101	114
101	140
101	191
101	198
101	210
101	211
101	231
101	244
101	257
101	258
101	264
101	276
101	281
102	3
102	12
102	20
102	42
102	72
102	74
102	85
102	142
102	185
102	194
102	200
102	210
102	229
102	236
102	258
102	272
102	278
102	300
103	7
103	14
103	19
103	21
103	48
103	58
103	89
103	119
103	122
103	147
103	158
103	162
103	169
103	243
103	258
103	281
103	283
103	286
104	17
104	27
104	130
104	153
104	174
104	180
104	197
104	199
104	236
104	251
104	253
104	254
104	265
104	274
104	276
104	281
104	292
104	294
105	26
105	28
105	96
105	108
105	126
105	139
105	144
105	150
105	159
105	178
105	179
105	184
105	200
105	218
105	225
105	285
105	287
105	300
106	27
106	35
106	38
106	120
106	132
106	141
106	146
106	171
106	181
106	224
106	244
106	249
106	258
106	267
106	276
106	281
106	284
106	288
106	291
107	1
107	99
107	154
107	160
107	176
107	198
107	233
107	237
107	244
107	252
107	269
107	273
107	281
107	283
107	284
107	287
107	293
107	296
107	297
108	20
108	37
108	66
108	89
108	100
108	105
108	124
108	127
108	128
108	158
108	190
108	206
108	229
108	239
108	241
108	274
108	283
108	295
108	296
109	34
109	62
109	76
109	80
109	93
109	114
109	128
109	130
109	132
109	138
109	214
109	224
109	241
109	253
109	271
109	275
109	277
109	284
109	287
110	1
110	31
110	37
110	113
110	127
110	144
110	157
110	168
110	177
110	183
110	209
110	219
110	220
110	262
110	268
110	271
110	280
110	283
110	295
111	43
111	62
111	76
111	85
111	87
111	90
111	96
111	152
111	171
111	201
111	202
111	222
111	235
111	244
111	259
111	280
111	282
111	289
111	294
112	14
112	31
112	88
112	113
112	130
112	174
112	176
112	184
112	191
112	194
112	210
112	246
112	248
112	253
112	279
112	281
112	286
112	297
112	298
113	34
113	41
113	72
113	75
113	82
113	89
113	110
113	112
113	115
113	124
113	175
113	176
113	214
113	238
113	260
113	263
113	277
113	284
113	290
114	25
114	47
114	100
114	101
114	109
114	149
114	154
114	169
114	207
114	220
114	251
114	265
114	270
114	279
114	280
114	282
114	286
114	296
114	297
115	60
115	68
115	87
115	113
115	121
115	146
115	172
115	183
115	225
115	226
115	231
115	237
115	242
115	248
115	264
115	281
115	282
115	285
115	297
116	37
116	73
116	80
116	141
116	151
116	152
116	153
116	159
116	172
116	179
116	208
116	210
116	222
116	233
116	251
116	283
116	292
116	297
116	300
117	17
117	23
117	44
117	89
117	127
117	130
117	166
117	203
117	206
117	208
117	219
117	224
117	230
117	241
117	243
117	261
117	275
117	283
117	300
118	22
118	31
118	37
118	40
118	42
118	76
118	128
118	129
118	149
118	150
118	210
118	243
118	255
118	263
118	266
118	292
118	294
118	297
118	298
119	3
119	59
119	65
119	68
119	103
119	129
119	136
119	138
119	167
119	177
119	184
119	187
119	200
119	205
119	212
119	240
119	282
119	295
119	298
120	19
120	106
120	123
120	139
120	161
120	187
120	224
120	227
120	261
120	269
120	272
120	275
120	276
120	277
120	288
120	289
120	292
120	295
120	296
121	11
121	38
121	47
121	115
121	122
121	139
121	140
121	199
121	203
121	230
121	241
121	248
121	249
121	252
121	254
121	255
121	271
121	287
121	288
121	296
122	7
122	11
122	56
122	57
122	58
122	71
122	99
122	103
122	121
122	153
122	171
122	182
122	217
122	237
122	244
122	250
122	274
122	280
122	287
122	288
123	17
123	18
123	31
123	99
123	120
123	132
123	138
123	181
123	192
123	201
123	215
123	223
123	224
123	243
123	251
123	264
123	284
123	285
123	293
123	294
124	25
124	43
124	65
124	92
124	108
124	113
124	127
124	135
124	139
124	194
124	221
124	252
124	258
124	260
124	266
124	267
124	269
124	283
124	291
124	298
125	31
125	50
125	70
125	78
125	100
125	173
125	183
125	191
125	197
125	208
125	212
125	213
125	232
125	254
125	259
125	269
125	273
125	281
125	287
125	295
126	17
126	49
126	105
126	131
126	160
126	169
126	170
126	173
126	185
126	223
126	231
126	247
126	256
126	274
126	276
126	277
126	280
126	285
126	287
126	292
127	13
127	14
127	82
127	108
127	110
127	117
127	124
127	141
127	157
127	186
127	197
127	199
127	216
127	222
127	240
127	241
127	269
127	293
127	295
127	300
128	5
128	21
128	31
128	96
128	108
128	109
128	118
128	138
128	142
128	162
128	172
128	184
128	217
128	256
128	263
128	266
128	280
128	285
128	294
128	295
129	11
129	118
129	119
129	141
129	178
129	182
129	188
129	201
129	227
129	237
129	239
129	243
129	244
129	246
129	252
129	254
129	271
129	278
129	291
129	295
130	1
130	69
130	71
130	89
130	104
130	109
130	112
130	117
130	151
130	177
130	201
130	204
130	233
130	247
130	248
130	262
130	264
130	268
130	269
130	285
131	54
131	64
131	73
131	78
131	126
131	137
131	159
131	170
131	206
131	230
131	231
131	232
131	236
131	237
131	251
131	252
131	253
131	270
131	285
131	289
132	12
132	19
132	34
132	56
132	73
132	106
132	109
132	123
132	155
132	191
132	196
132	202
132	210
132	230
132	240
132	242
132	250
132	270
132	281
132	287
133	28
133	80
133	83
133	92
133	137
133	169
133	191
133	206
133	211
133	217
133	227
133	249
133	252
133	256
133	257
133	262
133	268
133	270
133	271
133	288
133	289
134	2
134	19
134	52
134	55
134	58
134	146
134	151
134	155
134	185
134	201
134	206
134	249
134	252
134	260
134	270
134	271
134	272
134	273
134	278
134	286
134	289
135	15
135	63
135	79
135	87
135	96
135	124
135	188
135	194
135	208
135	211
135	212
135	240
135	241
135	270
135	274
135	278
135	284
135	290
135	295
135	298
135	299
136	19
136	49
136	66
136	77
136	119
136	151
136	182
136	185
136	190
136	191
136	199
136	218
136	239
136	252
136	257
136	286
136	288
136	290
136	295
136	296
136	298
137	90
137	99
137	131
137	133
137	152
137	164
137	174
137	179
137	213
137	214
137	228
137	238
137	242
137	248
137	252
137	254
137	255
137	266
137	270
137	271
137	289
138	25
138	26
138	46
138	96
138	109
138	119
138	123
138	128
138	149
138	192
138	214
138	218
138	231
138	251
138	255
138	257
138	258
138	260
138	264
138	287
138	300
139	21
139	42
139	47
139	50
139	105
139	120
139	121
139	124
139	147
139	152
139	160
139	187
139	192
139	212
139	224
139	234
139	244
139	249
139	254
139	281
139	284
140	5
140	77
140	91
140	94
140	101
140	121
140	144
140	156
140	164
140	178
140	195
140	201
140	213
140	225
140	237
140	246
140	255
140	277
140	291
140	298
140	300
141	7
141	13
141	106
141	116
141	127
141	129
141	150
141	156
141	174
141	178
141	182
141	217
141	223
141	244
141	245
141	276
141	286
141	288
141	289
141	291
141	296
142	26
142	67
142	83
142	88
142	102
142	128
142	144
142	173
142	179
142	185
142	212
142	224
142	226
142	236
142	250
142	260
142	267
142	269
142	283
142	291
142	297
143	20
143	34
143	40
143	67
143	88
143	160
143	161
143	166
143	186
143	214
143	222
143	242
143	245
143	261
143	264
143	268
143	286
143	288
143	292
143	294
143	296
144	52
144	72
144	98
144	105
144	110
144	140
144	142
144	154
144	158
144	195
144	215
144	228
144	240
144	244
144	263
144	277
144	281
144	282
144	290
144	293
144	300
145	13
145	61
145	69
145	79
145	146
145	148
145	175
145	190
145	207
145	209
145	210
145	235
145	240
145	247
145	256
145	258
145	261
145	277
145	280
145	281
145	299
146	68
146	94
146	106
146	115
146	134
146	145
146	149
146	152
146	153
146	172
146	195
146	199
146	207
146	211
146	212
146	238
146	243
146	254
146	269
146	293
146	299
147	19
147	26
147	46
147	103
147	139
147	179
147	182
147	187
147	207
147	209
147	227
147	234
147	243
147	247
147	248
147	265
147	274
147	277
147	295
147	297
147	299
148	16
148	26
148	43
148	61
148	68
148	96
148	145
148	173
148	174
148	199
148	202
148	210
148	221
148	222
148	225
148	259
148	270
148	274
148	275
148	278
148	288
148	291
149	4
149	42
149	45
149	75
149	78
149	93
149	114
149	118
149	138
149	146
149	153
149	155
149	197
149	205
149	207
149	211
149	221
149	232
149	237
149	258
149	261
149	277
150	42
150	92
150	99
150	105
150	118
150	141
150	160
150	163
150	165
150	175
150	181
150	196
150	229
150	230
150	244
150	251
150	252
150	254
150	283
150	290
150	293
150	295
151	6
151	11
151	17
151	61
151	79
151	116
151	130
151	134
151	136
151	167
151	174
151	182
151	194
151	239
151	260
151	272
151	276
151	277
151	287
151	291
151	296
151	297
152	35
152	92
152	111
152	116
152	137
152	139
152	146
152	162
152	181
152	197
152	232
152	243
152	245
152	249
152	255
152	261
152	262
152	264
152	284
152	288
152	295
152	299
153	5
153	37
153	104
153	116
153	122
153	146
153	149
153	159
153	179
153	197
153	202
153	211
153	215
153	226
153	234
153	242
153	256
153	261
153	280
153	286
153	296
153	297
154	22
154	28
154	55
154	72
154	77
154	107
154	114
154	144
154	187
154	195
154	224
154	227
154	257
154	259
154	273
154	275
154	276
154	280
154	285
154	293
154	294
154	300
155	31
155	39
155	64
155	88
155	94
155	132
155	134
155	149
155	162
155	176
155	183
155	187
155	190
155	208
155	223
155	230
155	234
155	246
155	258
155	277
155	280
155	299
156	14
156	55
156	63
156	140
156	141
156	168
156	171
156	205
156	216
156	224
156	225
156	239
156	242
156	245
156	247
156	264
156	265
156	270
156	288
156	291
156	296
156	298
157	10
157	28
157	33
157	36
157	93
157	110
157	127
157	158
157	162
157	164
157	168
157	198
157	205
157	246
157	249
157	256
157	265
157	267
157	268
157	277
157	284
157	290
158	38
158	77
158	78
158	89
158	103
158	108
158	144
158	157
158	177
158	179
158	182
158	195
158	222
158	249
158	258
158	260
158	263
158	275
158	276
158	283
158	289
158	295
159	34
159	55
159	80
159	105
159	116
159	131
159	153
159	189
159	215
159	216
159	222
159	231
159	246
159	252
159	256
159	260
159	270
159	275
159	278
159	283
159	285
159	300
160	18
160	51
160	60
160	84
160	107
160	126
160	139
160	143
160	150
160	219
160	239
160	251
160	257
160	262
160	263
160	268
160	274
160	276
160	281
160	282
160	286
160	287
160	291
161	10
161	47
161	58
161	96
161	120
161	143
161	183
161	186
161	198
161	219
161	225
161	245
161	247
161	250
161	261
161	264
161	278
161	287
161	288
161	289
161	291
161	296
161	297
162	24
162	43
162	52
162	63
162	82
162	100
162	103
162	128
162	152
162	155
162	157
162	178
162	184
162	191
162	200
162	205
162	219
162	229
162	242
162	246
162	256
162	278
162	292
163	56
163	69
163	74
163	150
163	173
163	180
163	181
163	182
163	200
163	218
163	219
163	229
163	232
163	233
163	240
163	243
163	249
163	265
163	266
163	273
163	275
163	279
163	292
164	34
164	45
164	137
164	140
164	157
164	172
164	178
164	180
164	187
164	203
164	225
164	242
164	243
164	251
164	265
164	267
164	276
164	284
164	292
164	293
164	295
164	298
164	300
165	4
165	13
165	24
165	37
165	48
165	98
165	150
165	173
165	194
165	200
165	202
165	240
165	247
165	251
165	265
165	266
165	281
165	282
165	286
165	287
165	288
165	293
165	295
166	2
166	22
166	32
166	46
166	50
166	83
166	117
166	143
166	169
166	175
166	189
166	201
166	216
166	219
166	228
166	234
166	238
166	241
166	249
166	263
166	267
166	287
166	288
167	12
167	20
167	41
167	90
167	93
167	94
167	119
167	151
167	178
167	181
167	191
167	197
167	209
167	233
167	247
167	253
167	259
167	267
167	273
167	274
167	280
167	283
167	294
168	7
168	22
168	36
168	38
168	51
168	83
168	110
168	156
168	157
168	175
168	217
168	219
168	240
168	247
168	254
168	255
168	257
168	264
168	267
168	287
168	288
168	291
168	296
168	299
169	27
169	35
169	68
169	79
169	80
169	103
169	114
169	126
169	133
169	166
169	183
169	191
169	193
169	219
169	220
169	223
169	225
169	235
169	239
169	251
169	254
169	255
169	262
169	263
170	13
170	38
170	47
170	75
170	95
170	96
170	126
170	131
170	175
170	180
170	207
170	213
170	217
170	221
170	240
170	248
170	256
170	259
170	261
170	262
170	274
170	279
170	286
170	296
171	8
171	14
171	68
171	74
171	91
171	106
171	111
171	122
171	156
171	180
171	191
171	194
171	199
171	202
171	212
171	222
171	227
171	230
171	244
171	251
171	257
171	261
171	276
171	299
172	1
172	3
172	8
172	21
172	33
172	44
172	72
172	76
172	115
172	116
172	128
172	146
172	164
172	207
172	213
172	220
172	229
172	247
172	250
172	262
172	272
172	280
172	282
172	288
173	4
173	12
173	32
173	48
173	64
173	77
173	86
173	125
173	126
173	142
173	148
173	163
173	165
173	211
173	224
173	227
173	230
173	245
173	249
173	257
173	261
173	287
173	289
173	293
174	18
174	22
174	72
174	92
174	98
174	104
174	112
174	137
174	141
174	148
174	151
174	195
174	207
174	211
174	217
174	229
174	233
174	237
174	238
174	240
174	243
174	276
174	281
174	296
175	5
175	7
175	24
175	33
175	44
175	57
175	62
175	86
175	113
175	145
175	150
175	166
175	168
175	170
175	190
175	193
175	200
175	209
175	232
175	233
175	256
175	258
175	275
175	297
176	43
176	53
176	55
176	69
176	96
176	107
176	112
176	113
176	155
176	186
176	191
176	199
176	202
176	216
176	226
176	238
176	242
176	250
176	256
176	263
176	275
176	284
176	290
176	292
177	11
177	31
177	32
177	33
177	77
177	90
177	98
177	110
177	119
177	130
177	158
177	183
177	195
177	204
177	227
177	231
177	236
177	240
177	245
177	264
177	266
177	272
177	280
177	283
177	298
178	3
178	42
178	50
178	99
178	105
178	129
178	140
178	141
178	162
178	164
178	167
178	184
178	195
178	197
178	203
178	204
178	225
178	240
178	249
178	252
178	272
178	280
178	283
178	285
178	300
179	3
179	4
179	24
179	54
179	65
179	105
179	116
179	137
179	142
179	147
179	153
179	158
179	183
179	206
179	211
179	218
179	221
179	234
179	258
179	269
179	281
179	282
179	290
179	293
179	297
180	90
180	95
180	104
180	163
180	164
180	170
180	171
180	195
180	200
180	201
180	226
180	231
180	233
180	234
180	240
180	241
180	250
180	252
180	254
180	256
180	259
180	261
180	275
180	278
180	292
181	33
181	47
181	65
181	74
181	79
181	106
181	123
181	150
181	152
181	163
181	167
181	211
181	217
181	222
181	223
181	241
181	243
181	244
181	245
181	259
181	264
181	277
181	282
181	291
181	299
182	6
182	30
182	42
182	56
182	122
182	129
182	136
182	141
182	147
182	151
182	158
182	163
182	186
182	197
182	220
182	234
182	235
182	241
182	242
182	274
182	279
182	280
182	286
182	287
182	297
183	19
183	45
183	53
183	62
183	71
183	110
183	115
183	125
183	155
183	161
183	169
183	177
183	179
183	188
183	191
183	208
183	216
183	232
183	238
183	241
183	247
183	252
183	276
183	282
183	287
184	2
184	9
184	81
184	86
184	105
184	112
184	119
184	128
184	162
184	178
184	204
184	210
184	220
184	225
184	229
184	232
184	236
184	239
184	253
184	254
184	261
184	284
184	294
184	295
184	299
185	12
185	44
185	66
185	71
185	102
185	126
185	134
185	136
185	142
185	187
185	192
185	194
185	204
185	206
185	207
185	212
185	213
185	222
185	244
185	274
185	279
185	284
185	289
185	290
185	294
185	299
186	9
186	39
186	46
186	73
186	127
186	143
186	161
186	176
186	182
186	191
186	221
186	228
186	230
186	232
186	238
186	248
186	253
186	255
186	256
186	265
186	268
186	278
186	279
186	285
186	286
186	290
187	53
187	60
187	119
187	120
187	139
187	147
187	154
187	155
187	164
187	185
187	205
187	207
187	211
187	217
187	227
187	230
187	244
187	248
187	253
187	264
187	266
187	269
187	273
187	290
187	292
187	296
188	3
188	12
188	15
188	41
188	52
188	61
188	69
188	129
188	135
188	183
188	199
188	226
188	232
188	237
188	241
188	254
188	258
188	265
188	278
188	280
188	283
188	284
188	288
188	294
188	295
188	298
189	18
189	24
189	41
189	48
189	62
189	79
189	90
189	159
189	166
189	195
189	202
189	210
189	220
189	225
189	233
189	243
189	244
189	250
189	251
189	257
189	259
189	261
189	273
189	282
189	288
189	297
190	15
190	41
190	45
190	74
190	77
190	84
190	108
190	136
190	145
190	155
190	175
190	210
190	217
190	226
190	228
190	234
190	239
190	246
190	250
190	256
190	271
190	277
190	278
190	280
190	284
190	285
191	19
191	32
191	38
191	60
191	74
191	90
191	101
191	112
191	125
191	132
191	133
191	136
191	162
191	167
191	169
191	171
191	176
191	183
191	186
191	213
191	222
191	223
191	233
191	234
191	235
191	273
191	275
192	15
192	44
192	66
192	123
192	138
192	139
192	185
192	195
192	202
192	212
192	215
192	216
192	220
192	222
192	224
192	225
192	243
192	244
192	251
192	259
192	274
192	280
192	287
192	290
192	291
192	292
192	298
193	36
193	43
193	51
193	59
193	62
193	63
193	94
193	169
193	175
193	198
193	225
193	226
193	233
193	235
193	236
193	238
193	250
193	251
193	258
193	262
193	277
193	283
193	290
193	292
193	293
193	296
193	297
194	7
194	9
194	10
194	17
194	22
194	59
194	63
194	71
194	77
194	102
194	112
194	124
194	135
194	151
194	165
194	171
194	185
194	209
194	240
194	241
194	250
194	256
194	269
194	275
194	280
194	287
194	297
195	8
195	54
195	75
195	80
195	100
195	140
195	144
195	146
195	154
195	158
195	174
195	177
195	178
195	180
195	189
195	192
195	204
195	213
195	217
195	236
195	253
195	264
195	267
195	274
195	285
195	286
195	300
196	19
196	46
196	58
196	70
196	76
196	87
196	93
196	132
196	150
196	199
196	200
196	218
196	220
196	236
196	254
196	255
196	266
196	272
196	273
196	275
196	278
196	282
196	285
196	292
196	295
196	298
196	300
197	10
197	49
197	51
197	90
197	96
197	99
197	104
197	125
197	127
197	149
197	152
197	153
197	167
197	178
197	182
197	205
197	225
197	235
197	250
197	255
197	269
197	275
197	292
197	294
197	295
197	296
197	300
198	33
198	39
198	44
198	62
198	73
198	74
198	82
198	101
198	107
198	157
198	161
198	193
198	202
198	206
198	215
198	220
198	232
198	233
198	249
198	252
198	255
198	265
198	279
198	281
198	283
198	285
198	286
199	20
199	41
199	73
199	82
199	84
199	100
199	104
199	121
199	127
199	136
199	146
199	148
199	171
199	176
199	188
199	196
199	208
199	214
199	230
199	241
199	250
199	254
199	267
199	275
199	281
199	289
199	298
200	30
200	35
200	41
200	49
200	74
200	94
200	95
200	97
200	102
200	105
200	119
200	162
200	163
200	165
200	175
200	180
200	196
200	207
200	219
200	246
200	253
200	257
200	269
200	275
200	277
200	282
200	294
201	24
201	57
201	68
201	75
201	85
201	111
201	123
201	129
201	130
201	134
201	140
201	166
201	180
201	203
201	204
201	224
201	243
201	244
201	250
201	268
201	270
201	273
201	281
201	282
201	284
201	290
201	299
202	79
202	111
202	132
202	148
202	153
202	165
202	171
202	176
202	189
202	192
202	198
202	206
202	220
202	221
202	222
202	228
202	234
202	244
202	245
202	247
202	257
202	275
202	276
202	281
202	292
202	295
202	297
203	1
203	6
203	25
203	46
203	78
203	95
203	117
203	121
203	164
203	178
203	201
203	207
203	219
203	224
203	226
203	228
203	250
203	258
203	263
203	266
203	271
203	275
203	276
203	278
203	291
203	294
203	295
203	296
204	19
204	22
204	36
204	66
204	68
204	72
204	80
204	83
204	98
204	130
204	177
204	178
204	184
204	185
204	195
204	201
204	215
204	217
204	221
204	225
204	256
204	260
204	275
204	280
204	282
204	285
204	286
204	291
205	5
205	8
205	11
205	35
205	87
205	93
205	94
205	95
205	96
205	97
205	119
205	149
205	156
205	157
205	162
205	187
205	197
205	216
205	222
205	230
205	238
205	246
205	256
205	262
205	263
205	288
205	289
205	290
206	31
206	52
206	54
206	59
206	75
206	79
206	91
206	108
206	117
206	131
206	133
206	134
206	179
206	185
206	198
206	202
206	213
206	216
206	218
206	226
206	231
206	254
206	262
206	263
206	270
206	271
206	273
206	289
207	4
207	62
207	74
207	77
207	114
207	145
207	146
207	147
207	149
207	170
207	172
207	174
207	185
207	187
207	200
207	203
207	213
207	222
207	250
207	253
207	254
207	258
207	260
207	272
207	273
207	275
207	278
207	282
208	18
208	42
208	55
208	75
208	116
208	117
208	125
208	135
208	155
208	183
208	199
208	216
208	220
208	231
208	234
208	235
208	239
208	241
208	245
208	249
208	261
208	263
208	270
208	274
208	282
208	287
208	297
208	300
209	15
209	18
209	32
209	38
209	39
209	81
209	82
209	110
209	145
209	147
209	167
209	175
209	194
209	214
209	228
209	235
209	236
209	239
209	241
209	242
209	256
209	263
209	268
209	270
209	271
209	280
209	297
209	300
210	1
210	40
210	44
210	45
210	61
210	67
210	89
210	101
210	102
210	112
210	116
210	118
210	132
210	145
210	148
210	184
210	189
210	190
210	212
210	215
210	216
210	217
210	225
210	228
210	239
210	259
210	263
210	268
210	293
211	16
211	36
211	48
211	56
211	61
211	70
211	81
211	88
211	101
211	133
211	135
211	146
211	149
211	153
211	173
211	174
211	179
211	181
211	187
211	212
211	220
211	227
211	242
211	244
211	260
211	262
211	265
211	280
211	288
212	1
212	18
212	71
212	83
212	119
212	125
212	135
212	139
212	142
212	146
212	171
212	185
212	192
212	210
212	211
212	230
212	235
212	236
212	237
212	243
212	254
212	260
212	270
212	284
212	286
212	293
212	295
212	297
212	299
213	1
213	8
213	12
213	38
213	52
213	62
213	93
213	100
213	125
213	137
213	140
213	170
213	172
213	185
213	191
213	195
213	206
213	207
213	214
213	237
213	250
213	252
213	268
213	270
213	271
213	273
213	278
213	283
213	289
214	4
214	10
214	42
214	60
214	72
214	99
214	109
214	113
214	137
214	138
214	143
214	199
214	209
214	213
214	219
214	220
214	227
214	229
214	238
214	240
214	242
214	247
214	251
214	263
214	269
214	275
214	285
214	286
214	290
215	22
215	33
215	34
215	39
215	44
215	48
215	67
215	81
215	91
215	123
215	144
215	153
215	159
215	192
215	198
215	204
215	210
215	224
215	225
215	229
215	235
215	243
215	263
215	269
215	270
215	285
215	294
215	298
215	300
216	4
216	54
216	56
216	62
216	66
216	82
216	127
216	156
216	159
216	166
216	176
216	183
216	192
216	205
216	206
216	208
216	210
216	250
216	260
216	266
216	269
216	273
216	280
216	281
216	282
216	286
216	287
216	291
216	298
217	34
217	56
217	63
217	70
217	100
217	122
217	128
217	133
217	141
217	168
217	170
217	174
217	181
217	187
217	190
217	195
217	204
217	210
217	222
217	223
217	231
217	238
217	258
217	266
217	274
217	280
217	281
217	283
217	292
217	299
218	18
218	26
218	30
218	64
218	81
218	88
218	94
218	96
218	99
218	105
218	136
218	138
218	163
218	179
218	196
218	206
218	229
218	235
218	242
218	243
218	248
218	260
218	261
218	267
218	269
218	281
218	285
218	293
218	294
218	298
219	23
219	30
219	35
219	49
219	61
219	71
219	75
219	84
219	89
219	93
219	110
219	117
219	160
219	161
219	162
219	163
219	166
219	168
219	169
219	200
219	203
219	214
219	220
219	233
219	256
219	261
219	271
219	273
219	286
219	297
220	31
220	41
220	110
220	114
220	169
220	172
220	182
220	184
220	189
220	192
220	196
220	198
220	202
220	208
220	211
220	214
220	219
220	226
220	230
220	231
220	232
220	246
220	254
220	272
220	273
220	278
220	279
220	289
220	297
220	298
221	30
221	32
221	65
221	78
221	93
221	124
221	148
221	149
221	170
221	179
221	186
221	202
221	204
221	228
221	233
221	234
221	248
221	262
221	264
221	266
221	270
221	271
221	274
221	275
221	280
221	282
221	283
221	284
221	296
221	300
222	3
222	11
222	20
222	47
222	66
222	80
222	111
222	116
222	127
222	143
222	148
222	158
222	159
222	171
222	181
222	185
222	191
222	192
222	202
222	205
222	207
222	217
222	224
222	259
222	264
222	284
222	288
222	292
222	296
222	299
223	1
223	3
223	15
223	33
223	39
223	53
223	61
223	64
223	88
223	90
223	123
223	126
223	141
223	155
223	169
223	181
223	191
223	217
223	232
223	240
223	241
223	250
223	252
223	253
223	257
223	263
223	270
223	274
223	294
223	297
224	4
224	6
224	12
224	78
224	100
224	106
224	109
224	117
224	120
224	123
224	139
224	142
224	154
224	156
224	173
224	192
224	201
224	203
224	215
224	222
224	243
224	246
224	251
224	271
224	276
224	279
224	284
224	286
224	299
224	300
225	3
225	45
225	52
225	105
225	115
225	140
225	148
225	156
225	161
225	164
225	169
225	178
225	184
225	189
225	192
225	193
225	197
225	204
225	210
225	215
225	228
225	230
225	234
225	255
225	265
225	285
225	287
225	289
225	295
225	298
225	300
226	4
226	10
226	13
226	17
226	19
226	63
226	69
226	78
226	94
226	115
226	142
226	153
226	176
226	180
226	188
226	190
226	193
226	203
226	206
226	220
226	238
226	242
226	246
226	259
226	267
226	277
226	278
226	285
226	290
226	291
226	296
227	2
227	16
227	67
227	81
227	90
227	120
227	129
227	133
227	147
227	154
227	171
227	173
227	177
227	187
227	211
227	214
227	234
227	236
227	240
227	243
227	251
227	253
227	259
227	262
227	266
227	280
227	292
227	293
227	294
227	297
227	300
228	50
228	64
228	73
228	79
228	84
228	137
228	144
228	166
228	186
228	190
228	202
228	203
228	209
228	210
228	221
228	225
228	234
228	236
228	243
228	246
228	247
228	250
228	262
228	263
228	264
228	265
228	270
228	279
228	283
228	293
228	294
229	38
229	46
229	50
229	53
229	61
229	72
229	75
229	89
229	102
229	108
229	150
229	162
229	163
229	172
229	174
229	184
229	214
229	215
229	218
229	232
229	235
229	245
229	258
229	259
229	262
229	269
229	271
229	272
229	283
229	295
229	298
230	8
230	33
230	75
230	81
230	99
230	117
230	121
230	131
230	132
230	150
230	155
230	171
230	173
230	186
230	187
230	199
230	205
230	212
230	220
230	225
230	247
230	259
230	267
230	268
230	269
230	274
230	278
230	279
230	280
230	285
230	286
230	295
231	6
231	14
231	40
231	45
231	48
231	61
231	70
231	82
231	101
231	115
231	126
231	131
231	138
231	159
231	177
231	180
231	206
231	208
231	217
231	220
231	245
231	257
231	261
231	262
231	269
231	270
231	272
231	273
231	276
231	291
231	294
231	298
232	1
232	8
232	9
232	48
232	50
232	61
232	63
232	64
232	82
232	125
232	131
232	149
232	152
232	163
232	175
232	183
232	184
232	186
232	188
232	198
232	220
232	223
232	229
232	235
232	236
232	250
232	254
232	259
232	265
232	278
232	290
232	292
232	298
233	9
233	14
233	20
233	28
233	53
233	73
233	96
233	107
233	116
233	130
233	163
233	167
233	174
233	175
233	180
233	189
233	191
233	193
233	198
233	219
233	221
233	239
233	250
233	253
233	267
233	268
233	272
233	273
233	277
233	284
233	286
233	292
233	294
234	29
234	34
234	37
234	51
234	65
234	68
234	71
234	139
234	147
234	153
234	155
234	166
234	179
234	180
234	182
234	190
234	191
234	202
234	208
234	221
234	225
234	227
234	228
234	239
234	240
234	248
234	261
234	263
234	264
234	265
234	270
234	289
234	295
235	29
235	37
235	60
235	63
235	69
235	77
235	84
235	95
235	111
235	145
235	169
235	182
235	191
235	193
235	197
235	208
235	209
235	212
235	215
235	218
235	229
235	232
235	238
235	246
235	252
235	256
235	260
235	269
235	275
235	277
235	278
235	288
235	300
236	13
236	53
236	91
236	94
236	102
236	104
236	131
236	142
236	177
236	184
236	193
236	195
236	196
236	209
236	212
236	227
236	228
236	232
236	239
236	247
236	248
236	252
236	254
236	258
236	266
236	272
236	278
236	280
236	283
236	287
236	290
236	293
236	298
237	29
237	40
237	58
237	64
237	69
237	72
237	76
237	79
237	85
237	87
237	91
237	98
237	107
237	115
237	122
237	129
237	131
237	140
237	149
237	174
237	188
237	212
237	213
237	243
237	245
237	250
237	261
237	262
237	268
237	276
237	288
237	290
237	292
237	294
238	8
238	10
238	35
238	38
238	49
238	91
238	113
238	137
238	146
238	166
238	174
238	176
238	183
238	186
238	193
238	205
238	214
238	217
238	226
238	235
238	239
238	241
238	242
238	243
238	246
238	247
238	256
238	274
238	279
238	284
238	286
238	287
238	289
238	300
239	28
239	35
239	37
239	40
239	53
239	59
239	62
239	66
239	94
239	95
239	108
239	129
239	136
239	151
239	156
239	160
239	169
239	184
239	190
239	208
239	209
239	210
239	233
239	234
239	236
239	238
239	246
239	248
239	251
239	253
239	268
239	269
239	276
239	285
240	5
240	46
240	57
240	80
240	119
240	127
240	132
240	135
240	144
240	145
240	163
240	165
240	168
240	170
240	174
240	177
240	178
240	180
240	194
240	214
240	223
240	227
240	234
240	242
240	249
240	256
240	258
240	259
240	280
240	281
240	282
240	285
240	286
240	296
241	9
241	13
241	22
241	40
241	45
241	53
241	67
241	108
241	109
241	117
241	121
241	127
241	135
241	166
241	180
241	181
241	182
241	183
241	188
241	194
241	199
241	208
241	209
241	223
241	238
241	253
241	266
241	267
241	269
241	272
241	283
241	284
241	289
241	290
242	13
242	41
242	48
242	70
242	71
242	76
242	96
242	115
242	132
242	137
242	143
242	153
242	156
242	162
242	164
242	176
242	182
242	209
242	211
242	214
242	218
242	226
242	238
242	240
242	250
242	251
242	259
242	263
242	264
242	273
242	282
242	287
242	296
242	300
243	7
243	11
243	85
243	103
243	117
243	118
243	123
243	129
243	146
243	147
243	152
243	163
243	164
243	174
243	181
243	189
243	192
243	201
243	212
243	215
243	218
243	224
243	227
243	228
243	237
243	238
243	251
243	252
243	253
243	256
243	257
243	265
243	268
243	289
243	299
244	6
244	71
244	79
244	80
244	86
244	101
244	106
244	107
244	111
244	122
244	129
244	139
244	141
244	144
244	150
244	171
244	181
244	185
244	187
244	189
244	192
244	201
244	202
244	211
244	248
244	259
244	261
244	262
244	264
244	281
244	284
244	294
244	295
244	298
244	299
245	2
245	18
245	22
245	59
245	60
245	69
245	83
245	88
245	91
245	97
245	141
245	143
245	152
245	156
245	161
245	173
245	177
245	181
245	202
245	208
245	229
245	231
245	237
245	257
245	262
245	264
245	267
245	268
245	270
245	272
245	273
245	276
245	288
245	291
245	296
246	10
246	15
246	29
246	33
246	42
246	59
246	69
246	86
246	112
246	129
246	140
246	155
246	157
246	159
246	162
246	190
246	200
246	205
246	220
246	224
246	226
246	228
246	235
246	238
246	239
246	271
246	274
246	276
246	277
246	282
246	289
246	290
246	293
246	297
246	300
247	10
247	21
247	41
247	49
247	78
247	93
247	126
247	130
247	145
247	147
247	156
247	161
247	165
247	167
247	168
247	172
247	183
247	202
247	214
247	228
247	230
247	236
247	238
247	249
247	253
247	258
247	263
247	264
247	266
247	267
247	272
247	280
247	282
247	286
247	294
248	17
248	18
248	27
248	29
248	39
248	50
248	59
248	60
248	65
248	82
248	112
248	115
248	121
248	130
248	137
248	147
248	170
248	186
248	187
248	218
248	221
248	234
248	236
248	239
248	244
248	257
248	258
248	263
248	265
248	266
248	272
248	273
248	279
248	280
248	287
248	295
249	38
249	46
249	57
249	74
249	81
249	86
249	106
249	121
249	133
249	134
249	139
249	152
249	157
249	158
249	163
249	166
249	173
249	178
249	198
249	208
249	240
249	247
249	251
249	255
249	268
249	270
249	274
249	275
249	278
249	279
249	285
249	288
249	290
249	293
249	296
249	298
250	61
250	70
250	98
250	122
250	132
250	142
250	161
250	172
250	176
250	180
250	189
250	190
250	193
250	194
250	197
250	199
250	201
250	203
250	207
250	213
250	216
250	223
250	228
250	232
250	233
250	237
250	242
250	256
250	257
250	258
250	262
250	271
250	275
250	281
250	285
250	295
251	23
251	35
251	46
251	59
251	67
251	69
251	104
251	114
251	116
251	123
251	131
251	138
251	150
251	160
251	164
251	165
251	169
251	171
251	189
251	192
251	193
251	214
251	224
251	227
251	239
251	242
251	243
251	249
251	252
251	269
251	273
251	281
251	283
251	287
251	297
251	300
252	8
252	40
252	50
252	67
252	84
252	86
252	97
252	99
252	100
252	107
252	121
252	124
252	129
252	131
252	133
252	134
252	136
252	137
252	150
252	159
252	178
252	180
252	183
252	198
252	213
252	223
252	235
252	236
252	243
252	251
252	270
252	271
252	273
252	281
252	282
252	289
253	21
253	23
253	30
253	44
253	54
253	61
253	73
253	76
253	79
253	84
253	92
253	104
253	109
253	112
253	131
253	167
253	184
253	186
253	187
253	195
253	200
253	207
253	223
253	227
253	233
253	239
253	241
253	243
253	247
253	263
253	274
253	275
253	276
253	278
253	293
253	295
253	296
254	3
254	31
254	44
254	100
254	104
254	121
254	125
254	129
254	137
254	139
254	146
254	150
254	168
254	169
254	180
254	184
254	188
254	196
254	199
254	206
254	207
254	212
254	220
254	232
254	236
254	255
254	261
254	272
254	273
254	278
254	282
254	288
254	290
254	293
254	295
254	297
254	300
255	24
255	27
255	57
255	63
255	72
255	74
255	86
255	89
255	95
255	118
255	121
255	137
255	138
255	140
255	152
255	168
255	169
255	186
255	196
255	197
255	198
255	225
255	249
255	254
255	259
255	261
255	263
255	265
255	266
255	268
255	271
255	279
255	290
255	291
255	294
255	295
255	299
256	14
256	20
256	23
256	29
256	49
256	57
256	69
256	73
256	95
256	126
256	128
256	133
256	145
256	153
256	157
256	159
256	162
256	170
256	175
256	176
256	180
256	186
256	190
256	194
256	204
256	205
256	209
256	219
256	235
256	238
256	240
256	243
256	250
256	263
256	276
256	277
256	278
257	3
257	5
257	14
257	16
257	31
257	43
257	50
257	55
257	73
257	94
257	101
257	133
257	136
257	138
257	154
257	160
257	168
257	171
257	173
257	189
257	200
257	202
257	223
257	231
257	243
257	245
257	248
257	250
257	258
257	273
257	274
257	276
257	279
257	280
257	282
257	292
257	294
258	36
258	37
258	47
258	72
258	93
258	101
258	102
258	103
258	106
258	124
258	138
258	145
258	149
258	155
258	158
258	175
258	179
258	188
258	193
258	203
258	207
258	217
258	229
258	236
258	240
258	247
258	248
258	250
258	257
258	261
258	266
258	272
258	283
258	287
258	290
258	294
258	299
259	5
259	24
259	53
259	58
259	59
259	75
259	86
259	111
259	125
259	148
259	154
259	167
259	170
259	180
259	181
259	189
259	192
259	210
259	222
259	226
259	227
259	229
259	230
259	232
259	240
259	242
259	244
259	255
259	269
259	272
259	273
259	278
259	279
259	280
259	286
259	288
259	293
259	297
260	6
260	7
260	14
260	20
260	30
260	32
260	36
260	57
260	64
260	71
260	81
260	86
260	92
260	93
260	113
260	124
260	134
260	138
260	142
260	151
260	158
260	159
260	204
260	207
260	211
260	212
260	216
260	218
260	235
260	267
260	268
260	269
260	275
260	288
260	289
260	292
260	293
260	299
261	25
261	28
261	36
261	44
261	45
261	59
261	64
261	76
261	95
261	117
261	120
261	143
261	145
261	149
261	152
261	153
261	161
261	170
261	171
261	173
261	180
261	184
261	189
261	208
261	218
261	219
261	231
261	234
261	237
261	244
261	254
261	255
261	258
261	279
261	284
261	290
261	291
261	294
262	10
262	16
262	17
262	21
262	43
262	51
262	54
262	56
262	70
262	92
262	100
262	110
262	130
262	133
262	152
262	160
262	169
262	170
262	172
262	193
262	205
262	206
262	211
262	221
262	227
262	228
262	229
262	231
262	237
262	244
262	245
262	250
262	276
262	279
262	280
262	288
262	293
262	300
263	10
263	13
263	45
263	59
263	65
263	69
263	87
263	113
263	118
263	128
263	144
263	158
263	160
263	166
263	169
263	176
263	203
263	205
263	206
263	208
263	209
263	210
263	214
263	215
263	223
263	228
263	234
263	242
263	247
263	248
263	253
263	255
263	256
263	265
263	283
263	287
263	288
263	296
264	2
264	40
264	47
264	60
264	87
264	101
264	115
264	123
264	130
264	138
264	143
264	152
264	156
264	161
264	168
264	177
264	181
264	187
264	195
264	221
264	222
264	228
264	234
264	242
264	244
264	245
264	247
264	269
264	270
264	275
264	283
264	284
264	286
264	288
264	291
264	293
264	296
264	299
265	23
265	28
265	39
265	42
265	62
265	74
265	76
265	86
265	98
265	104
265	114
265	147
265	156
265	157
265	163
265	164
265	165
265	186
265	188
265	198
265	211
265	225
265	228
265	232
265	234
265	243
265	248
265	255
265	263
265	268
265	269
265	278
265	279
265	284
265	289
265	290
265	297
265	298
266	16
266	31
266	44
266	54
266	57
266	60
266	74
266	76
266	87
266	89
266	99
266	118
266	124
266	128
266	137
266	163
266	165
266	177
266	187
266	196
266	203
266	216
266	217
266	221
266	227
266	236
266	241
266	247
266	248
266	255
266	258
266	268
266	270
266	271
266	275
266	276
266	279
266	284
266	294
267	1
267	4
267	16
267	23
267	25
267	26
267	27
267	30
267	45
267	53
267	68
267	69
267	82
267	88
267	91
267	92
267	93
267	106
267	124
267	142
267	157
267	164
267	166
267	167
267	168
267	195
267	199
267	218
267	226
267	230
267	233
267	241
267	245
267	247
267	260
267	273
267	274
267	280
267	289
267	291
268	14
268	18
268	27
268	28
268	46
268	47
268	53
268	57
268	60
268	68
268	74
268	86
268	110
268	130
268	133
268	143
268	157
268	160
268	186
268	201
268	209
268	210
268	213
268	230
268	233
268	237
268	239
268	243
268	245
268	249
268	255
268	260
268	265
268	266
268	276
268	286
268	287
268	290
268	293
268	297
269	4
269	9
269	22
269	24
269	25
269	30
269	36
269	52
269	65
269	107
269	120
269	124
269	125
269	127
269	130
269	142
269	146
269	179
269	187
269	194
269	197
269	200
269	214
269	215
269	216
269	218
269	229
269	230
269	231
269	235
269	239
269	241
269	251
269	259
269	260
269	264
269	265
269	286
269	288
269	293
270	53
270	54
270	84
270	96
270	97
270	100
270	114
270	131
270	132
270	133
270	134
270	135
270	137
270	148
270	156
270	159
270	201
270	206
270	208
270	209
270	212
270	213
270	215
270	221
270	223
270	228
270	231
270	234
270	245
270	249
270	252
270	264
270	266
270	271
270	279
270	284
270	286
270	288
270	289
270	294
271	8
271	10
271	16
271	21
271	30
271	38
271	52
271	63
271	65
271	74
271	79
271	97
271	100
271	109
271	110
271	121
271	129
271	133
271	134
271	137
271	190
271	203
271	206
271	209
271	213
271	219
271	221
271	224
271	229
271	246
271	250
271	252
271	255
271	266
271	270
271	272
271	275
271	276
271	289
271	298
272	5
272	36
272	37
272	48
272	53
272	56
272	58
272	61
272	66
272	78
272	85
272	87
272	102
272	120
272	134
272	151
272	172
272	177
272	178
272	196
272	207
272	220
272	229
272	231
272	233
272	236
272	241
272	245
272	247
272	248
272	254
272	258
272	259
272	271
272	278
272	279
272	283
272	294
272	295
272	300
273	24
273	30
273	42
273	62
273	66
273	78
273	96
273	97
273	107
273	125
273	134
273	154
273	163
273	167
273	187
273	189
273	191
273	196
273	201
273	206
273	207
273	213
273	216
273	219
273	220
273	231
273	233
273	242
273	245
273	248
273	251
273	252
273	254
273	257
273	259
273	267
273	277
273	282
273	285
273	287
274	3
274	30
274	39
274	51
274	58
274	64
274	83
274	87
274	90
274	97
274	104
274	108
274	122
274	126
274	135
274	147
274	148
274	160
274	167
274	170
274	182
274	185
274	192
274	195
274	208
274	217
274	221
274	223
274	230
274	238
274	246
274	249
274	253
274	257
274	267
274	277
274	283
274	284
274	286
274	298
274	299
275	27
275	75
275	88
275	95
275	97
275	109
275	117
275	120
275	148
275	154
275	158
275	159
275	163
275	175
275	176
275	180
275	191
275	194
275	196
275	197
275	199
275	200
275	202
275	203
275	204
275	207
275	214
275	221
275	235
275	249
275	250
275	253
275	260
275	264
275	266
275	271
275	277
275	294
275	296
275	297
275	299
276	13
276	21
276	26
276	27
276	29
276	45
276	49
276	70
276	83
276	85
276	99
276	101
276	104
276	106
276	120
276	126
276	141
276	151
276	154
276	158
276	160
276	164
276	171
276	174
276	183
276	202
276	203
276	224
276	231
276	237
276	239
276	245
276	246
276	253
276	256
276	257
276	262
276	266
276	268
276	271
276	292
276	297
277	5
277	27
277	30
277	36
277	37
277	41
277	43
277	56
277	74
277	90
277	92
277	109
277	113
277	120
277	126
277	140
277	144
277	145
277	147
277	149
277	151
277	155
277	157
277	181
277	190
277	193
277	200
277	226
277	233
277	235
277	246
277	256
277	273
277	274
277	275
277	281
277	282
277	291
277	294
277	295
277	298
277	299
278	8
278	12
278	28
278	35
278	39
278	48
278	52
278	78
278	84
278	102
278	129
278	134
278	135
278	148
278	159
278	161
278	162
278	180
278	186
278	188
278	190
278	196
278	203
278	207
278	213
278	220
278	226
278	230
278	232
278	235
278	236
278	249
278	253
278	254
278	256
278	259
278	265
278	272
278	282
278	295
278	297
278	298
278	300
279	6
279	23
279	27
279	33
279	38
279	46
279	50
279	57
279	76
279	86
279	87
279	88
279	94
279	98
279	112
279	114
279	163
279	170
279	182
279	185
279	186
279	198
279	220
279	224
279	228
279	230
279	238
279	248
279	249
279	255
279	257
279	259
279	261
279	262
279	265
279	266
279	270
279	272
279	283
279	290
279	292
279	297
279	300
280	70
280	95
280	110
280	111
280	114
280	122
280	126
280	128
280	145
280	153
280	154
280	155
280	167
280	172
280	177
280	178
280	182
280	188
280	190
280	192
280	194
280	204
280	209
280	211
280	216
280	217
280	221
280	227
280	230
280	236
280	240
280	247
280	248
280	257
280	259
280	262
280	267
280	281
280	282
280	285
280	290
280	297
280	298
281	8
281	9
281	15
281	24
281	48
281	65
281	68
281	81
281	97
281	101
281	103
281	104
281	106
281	107
281	112
281	115
281	125
281	132
281	139
281	144
281	145
281	160
281	165
281	174
281	179
281	198
281	199
281	201
281	202
281	216
281	217
281	218
281	240
281	244
281	250
281	251
281	252
281	277
281	280
281	283
281	286
281	299
281	300
282	5
282	11
282	14
282	21
282	26
282	52
282	75
282	80
282	81
282	111
282	114
282	115
282	119
282	144
282	160
282	165
282	172
282	179
282	181
282	183
282	189
282	196
282	200
282	201
282	204
282	207
282	208
282	216
282	221
282	240
282	242
282	246
282	247
282	252
282	254
282	257
282	273
282	277
282	278
282	280
282	284
282	287
282	296
282	299
283	9
283	21
283	41
283	42
283	70
283	82
283	83
283	84
283	85
283	103
283	107
283	108
283	110
283	116
283	117
283	124
283	142
283	150
283	158
283	159
283	167
283	177
283	178
283	188
283	193
283	198
283	213
283	217
283	221
283	228
283	229
283	236
283	241
283	251
283	258
283	263
283	264
283	272
283	274
283	279
283	281
283	293
283	295
283	298
284	9
284	12
284	26
284	39
284	52
284	67
284	68
284	71
284	80
284	97
284	106
284	107
284	109
284	113
284	123
284	135
284	139
284	152
284	157
284	164
284	176
284	184
284	185
284	188
284	190
284	201
284	212
284	221
284	222
284	224
284	233
284	238
284	241
284	244
284	261
284	264
284	265
284	266
284	270
284	274
284	282
284	287
284	290
284	297
284	299
285	5
285	18
285	21
285	24
285	34
285	43
285	49
285	72
285	73
285	80
285	89
285	91
285	105
285	115
285	123
285	126
285	128
285	130
285	131
285	154
285	159
285	178
285	186
285	190
285	195
285	196
285	198
285	204
285	214
285	215
285	218
285	225
285	226
285	230
285	239
285	240
285	249
285	250
285	273
285	280
285	286
285	287
285	293
285	298
285	300
286	2
286	20
286	25
286	40
286	48
286	51
286	63
286	70
286	80
286	94
286	103
286	112
286	114
286	134
286	136
286	141
286	143
286	153
286	160
286	165
286	170
286	182
286	186
286	195
286	198
286	204
286	212
286	214
286	216
286	219
286	224
286	230
286	233
286	238
286	240
286	247
286	259
286	264
286	268
286	269
286	270
286	274
286	281
286	285
286	289
286	291
287	7
287	29
287	56
287	66
287	71
287	87
287	92
287	94
287	99
287	105
287	107
287	109
287	121
287	122
287	125
287	126
287	132
287	138
287	151
287	160
287	161
287	165
287	166
287	168
287	173
287	182
287	183
287	192
287	194
287	208
287	216
287	225
287	236
287	238
287	242
287	248
287	251
287	258
287	263
287	268
287	273
287	282
287	284
287	285
287	292
287	298
287	299
288	2
288	9
288	26
288	38
288	40
288	47
288	51
288	60
288	65
288	81
288	83
288	106
288	120
288	121
288	122
288	133
288	136
288	141
288	143
288	148
288	152
288	156
288	161
288	165
288	166
288	168
288	172
288	188
288	189
288	205
288	211
288	222
288	235
288	237
288	245
288	249
288	254
288	259
288	260
288	262
288	263
288	264
288	269
288	270
288	291
288	293
288	296
289	5
289	8
289	22
289	25
289	34
289	36
289	52
289	54
289	56
289	61
289	66
289	81
289	85
289	96
289	97
289	100
289	111
289	120
289	131
289	133
289	134
289	137
289	141
289	158
289	161
289	173
289	185
289	199
289	205
289	206
289	213
289	220
289	225
289	234
289	238
289	241
289	243
289	246
289	252
289	260
289	265
289	267
289	270
289	271
289	286
289	295
289	299
290	4
290	6
290	14
290	28
290	33
290	39
290	57
290	60
290	63
290	64
290	67
290	73
290	74
290	77
290	98
290	113
290	135
290	136
290	144
290	150
290	157
290	176
290	179
290	185
290	186
290	187
290	192
290	193
290	201
290	205
290	214
290	226
290	232
290	236
290	237
290	241
290	246
290	249
290	254
290	255
290	258
290	261
290	265
290	268
290	279
290	280
290	284
290	295
291	2
291	3
291	7
291	10
291	15
291	16
291	35
291	40
291	47
291	48
291	50
291	60
291	66
291	79
291	83
291	88
291	90
291	97
291	106
291	124
291	129
291	140
291	141
291	142
291	148
291	151
291	156
291	160
291	161
291	168
291	181
291	192
291	203
291	204
291	216
291	226
291	231
291	245
291	255
291	261
291	264
291	267
291	277
291	286
291	288
291	296
291	298
291	299
292	4
292	9
292	20
292	29
292	33
292	36
292	43
292	45
292	58
292	63
292	64
292	65
292	75
292	76
292	84
292	87
292	96
292	100
292	104
292	116
292	118
292	120
292	126
292	143
292	162
292	163
292	164
292	176
292	180
292	187
292	192
292	193
292	196
292	197
292	202
292	217
292	222
292	227
292	232
292	233
292	237
292	257
292	260
292	276
292	279
292	287
292	293
292	294
293	4
293	9
293	11
293	16
293	24
293	25
293	26
293	34
293	65
293	67
293	76
293	81
293	85
293	86
293	92
293	93
293	107
293	123
293	127
293	144
293	146
293	150
293	154
293	164
293	165
293	173
293	179
293	193
293	210
293	212
293	218
293	227
293	228
293	236
293	246
293	249
293	253
293	254
293	259
293	260
293	262
293	264
293	268
293	269
293	283
293	285
293	288
293	292
294	7
294	20
294	23
294	27
294	56
294	83
294	84
294	90
294	94
294	98
294	100
294	104
294	111
294	118
294	123
294	128
294	143
294	154
294	167
294	184
294	185
294	188
294	197
294	200
294	203
294	215
294	218
294	223
294	227
294	228
294	231
294	233
294	237
294	244
294	247
294	255
294	257
294	258
294	261
294	266
294	270
294	272
294	275
294	277
294	292
294	295
294	296
294	297
295	17
295	43
295	50
295	64
295	67
295	94
295	95
295	108
295	110
295	119
295	120
295	125
295	127
295	128
295	129
295	135
295	136
295	147
295	150
295	152
295	158
295	164
295	165
295	184
295	188
295	196
295	197
295	202
295	203
295	212
295	225
295	229
295	230
295	234
295	244
295	248
295	250
295	253
295	254
295	255
295	272
295	277
295	278
295	283
295	289
295	290
295	294
295	297
296	2
296	7
296	11
296	16
296	33
296	39
296	40
296	47
296	57
296	60
296	76
296	79
296	83
296	99
296	107
296	108
296	114
296	120
296	121
296	136
296	141
296	143
296	151
296	153
296	156
296	161
296	168
296	170
296	174
296	187
296	193
296	197
296	203
296	221
296	222
296	226
296	240
296	242
296	245
296	249
296	253
296	263
296	264
296	275
296	282
296	288
296	291
296	294
296	300
297	2
297	11
297	28
297	29
297	32
297	34
297	49
297	59
297	82
297	84
297	107
297	112
297	114
297	115
297	116
297	118
297	142
297	147
297	151
297	153
297	161
297	175
297	179
297	182
297	189
297	193
297	194
297	202
297	208
297	209
297	212
297	219
297	220
297	223
297	227
297	246
297	251
297	254
297	259
297	265
297	268
297	275
297	276
297	278
297	279
297	280
297	284
297	294
297	295
298	9
298	15
298	37
298	42
298	43
298	47
298	48
298	49
298	55
298	73
298	78
298	87
298	92
298	112
298	118
298	119
298	124
298	135
298	136
298	140
298	156
298	164
298	177
298	188
298	192
298	196
298	199
298	215
298	216
298	218
298	220
298	225
298	229
298	231
298	232
298	236
298	244
298	249
298	265
298	271
298	274
298	277
298	278
298	280
298	283
298	285
298	287
298	291
298	299
299	17
299	21
299	26
299	29
299	39
299	45
299	53
299	54
299	64
299	66
299	68
299	70
299	85
299	87
299	89
299	93
299	97
299	135
299	145
299	146
299	147
299	152
299	155
299	168
299	171
299	181
299	184
299	185
299	201
299	212
299	217
299	222
299	224
299	243
299	244
299	255
299	258
299	260
299	264
299	274
299	275
299	277
299	281
299	282
299	284
299	287
299	289
299	291
299	298
300	12
300	28
300	35
300	40
300	45
300	55
300	65
300	70
300	72
300	73
300	78
300	83
300	91
300	98
300	99
300	102
300	105
300	116
300	117
300	127
300	138
300	140
300	144
300	154
300	159
300	164
300	178
300	195
300	196
300	197
300	208
300	209
300	215
300	221
300	224
300	225
300	227
300	235
300	238
300	242
300	246
300	251
300	254
300	262
300	272
300	278
300	279
300	281
300	285
300	296
