1	40	1.93201
1	83	2.67751
1	85	3.47933
1	95	3.30336
1	105	3.67115
1	150	3.2435
1	176	4.57089
1	177	4.04672
1	180	4.50246
1	185	4.30345
1	187	4.67459
1	191	4.60429
1	193	4.91587
1	195	5.29106
1	196	5.31989
1	198	4.78544
1	199	4.78585
2	14	2.87091
2	18	3.66652
2	67	2.85641
2	79	3.70256
2	109	3.47286
2	111	3.94382
2	137	4.51737
2	142	3.99438
2	145	4.18242
2	146	4.36012
2	151	4.52263
2	160	4.08108
2	174	4.6059
2	179	4.68162
2	180	4.82451
2	186	4.66095
2	194	5.13815
3	9	3.07753
3	33	3.38304
3	41	2.15761
3	52	4.10401
3	68	3.974
3	88	4.07245
3	98	4.33795
3	107	3.4429
3	110	3.56169
3	141	4.90115
3	157	4.40864
3	170	4.99367
3	173	4.46795
3	181	5.31201
3	184	4.78306
3	192	4.54839
3	195	4.59974
4	11	3.6909
4	26	3.34701
4	29	3.57375
4	35	3.07833
4	38	3.33673
4	39	3.87343
4	48	3.22329
4	52	3.44479
4	78	4.00551
4	105	3.87752
4	114	3.84202
4	141	4.828
4	155	4.52788
4	161	5.1544
4	167	5.49263
4	178	5.36948
4	195	5.49743
5	11	3.28347
5	51	3.51371
5	70	2.71569
5	81	3.69271
5	85	4.2101
5	88	3.21598
5	94	3.24775
5	129	4.03453
5	140	4.53866
5	162	4.65902
5	167	3.79722
5	171	4.92584
5	177	4.60851
5	181	5.4901
5	188	4.41127
5	190	4.71158
5	192	5.08743
6	18	3.94505
6	29	3.65712
6	42	3.68001
6	83	2.4634
6	94	4.0494
6	132	2.67321
6	143	4.89937
6	145	4.64977
6	147	4.64343
6	170	4.00322
6	177	3.83261
6	185	4.08934
6	187	4.46048
6	190	5.51323
6	191	4.39018
6	198	4.57133
6	199	4.57174
7	16	1.90338
7	24	3.47481
7	52	3.94035
7	85	3.97107
7	123	4.21537
7	125	4.34327
7	126	3.70973
7	130	3.74027
7	131	3.73141
7	144	4.49686
7	156	4.18284
7	164	4.27674
7	171	5.17786
7	172	5.44166
7	175	4.26604
7	188	4.71987
7	196	4.54132
8	21	3.0044
8	33	3.29566
8	59	3.09844
8	78	3.10664
8	90	3.62921
8	108	3.5109
8	122	4.47022
8	133	5.17982
8	134	3.94118
8	140	4.80055
8	141	3.92914
8	158	4.15338
8	161	4.25553
8	162	5.16234
8	167	4.59376
8	172	5.51793
8	178	4.47061
9	3	3.07753
9	21	3.45955
9	23	3.63059
9	44	3.10433
9	50	3.52397
9	55	3.282
9	63	4.01268
9	74	3.98564
9	78	3.95738
9	85	3.83305
9	103	4.09995
9	117	3.99493
9	146	4.03024
9	169	5.11441
9	183	5.37919
9	192	5.70507
9	197	5.96138
10	57	3.15626
10	71	3.64041
10	78	4.13976
10	80	3.63898
10	87	3.77935
10	89	3.68346
10	102	3.71275
10	119	3.76034
10	133	3.68486
10	136	3.95117
10	137	4.0991
10	138	4.45077
10	139	4.02747
10	152	4.5298
10	163	5.38718
10	190	5.06451
10	193	5.45198
11	4	3.6909
11	5	3.28347
11	33	3.71258
11	69	4.16874
11	84	4.31767
11	90	3.63329
11	100	3.36383
11	115	3.76467
11	116	3.69369
11	122	4.88714
11	128	3.48764
11	138	3.92679
11	149	4.09989
11	165	4.39419
11	168	5.11388
11	183	4.70303
11	189	5.88873
12	60	3.39851
12	77	3.30958
12	78	3.54163
12	92	3.39815
12	105	3.60913
12	137	4.13329
12	143	3.96656
12	149	4.27269
12	151	4.19055
12	155	4.49705
12	156	4.71926
12	157	3.96659
12	158	4.18767
12	166	4.49578
12	175	4.80245
12	184	4.53293
12	196	5.07773
13	26	3.1139
13	28	2.85886
13	109	3.89788
13	111	3.23037
13	113	3.90164
13	115	4.53521
13	118	3.56106
13	120	4.59174
13	125	3.6458
13	127	4.23254
13	128	4.25818
13	133	4.40608
13	149	4.87043
13	175	4.20206
13	182	4.54463
13	193	5.55534
13	199	4.72632
14	2	2.87091
14	15	2.53094
14	25	2.80909
14	42	3.37352
14	67	3.7159
14	103	3.6005
14	111	4.80332
14	127	4.37518
14	128	3.86836
14	145	5.04191
14	160	4.94058
14	163	4.7929
14	173	4.13543
14	181	4.46471
14	183	4.83356
14	186	5.52044
14	188	4.42044
15	14	2.53094
15	19	2.9123
15	28	3.28783
15	43	3.17817
15	64	3.36841
15	71	3.97996
15	102	4.0523
15	119	4.09989
15	136	4.29073
15	144	4.22836
15	148	4.6695
15	149	4.55796
15	156	4.25655
15	160	4.83952
15	184	4.8182
15	190	5.40406
15	194	5.63767
16	7	1.90338
16	36	3.45912
16	82	3.83028
16	98	4.07989
16	113	3.87768
16	114	3.35024
16	130	3.91751
16	131	3.90865
16	139	4.46539
16	155	4.13787
16	156	4.36008
16	162	4.99167
16	164	4.45398
16	166	4.1366
16	176	4.96823
16	188	4.89711
16	198	5.39027
17	24	3.90378
17	39	4.58778
17	65	4.42796
17	71	3.88584
17	78	4.52438
17	85	3.45288
17	91	3.30104
17	96	3.47028
17	99	4.30309
17	124	3.4949
17	130	4.60906
17	138	4.83539
17	140	3.78144
17	162	3.9018
17	171	4.16862
17	181	4.73288
17	189	4.76234
18	2	3.66652
18	6	3.94505
18	31	3.6067
18	36	2.523
18	43	3.79979
18	59	3.05923
18	97	4.75206
18	117	3.52956
18	125	4.69639
18	128	4.90513
18	141	3.88992
18	158	4.11416
18	161	4.21632
18	167	4.55454
18	178	4.43139
18	179	4.72204
18	194	5.66096
19	15	2.9123
19	20	3.02385
19	30	3.4854
19	35	2.98225
19	62	3.61247
19	67	3.79498
19	71	3.83763
19	92	3.88985
19	105	3.64568
19	130	4.11802
19	137	4.29632
19	151	4.63026
19	164	4.62172
19	182	5.18003
19	189	5.33346
19	190	5.26172
19	194	5.49534
20	19	3.02385
20	25	3.27191
20	30	3.32664
20	62	3.86636
20	71	4.09152
20	79	3.65142
20	86	3.72252
20	97	3.54141
20	130	3.95926
20	133	4.13596
20	137	4.55021
20	139	4.47858
20	148	4.78106
20	151	4.4715
20	182	5.02127
20	187	5.07257
20	194	5.74923
20	200	5.69141
21	8	3.0044
21	9	3.45955
21	60	3.30068
21	63	3.23802
21	83	3.18258
21	127	4.50386
21	135	3.88188
21	145	3.98597
21	154	3.98229
21	163	4.78786
21	164	4.12883
21	180	4.90247
21	181	4.5934
21	191	4.76186
21	192	4.9304
21	196	5.25668
21	197	5.18671
21	200	5.30881
22	50	3.7411
22	51	3.86599
22	54	3.53101
22	102	3.84277
22	118	4.33764
22	128	4.63111
22	131	3.89881
22	135	4.81363
22	136	4.28621
22	151	3.82152
22	152	3.82979
22	155	4.12803
22	156	4.35023
22	162	5.16518
22	164	4.44413
22	166	4.12676
22	188	4.88726
22	196	4.70871
23	9	3.63059
23	63	3.40906
23	69	3.12322
23	73	3.47927
23	86	3.60476
23	93	3.37718
23	96	3.43696
23	107	3.99596
23	119	3.92252
23	132	4.45835
23	144	4.15827
23	157	4.9617
23	163	5.00423
23	180	5.07351
23	183	5.17862
23	187	4.95481
23	195	5.1528
23	200	5.47985
24	7	3.47481
24	17	3.90378
24	25	2.97415
24	38	2.86885
24	48	3.71001
24	94	4.03759
24	103	4.27586
24	105	4.15462
24	123	4.20708
24	124	4.62401
24	144	4.65517
24	147	4.32621
24	153	4.54437
24	161	4.92602
24	168	4.83172
24	172	4.75733
24	178	4.91885
24	182	5.19146
25	14	2.80909
25	20	3.27191
25	24	2.97415
25	53	3.74229
25	54	3.33653
25	68	3.82
25	104	3.87167
25	112	3.91892
25	129	4.56857
25	144	4.67555
25	153	4.56475
25	156	4.5347
25	168	4.8521
25	172	4.77771
25	176	5.07228
25	182	5.21184
25	188	5.11374
25	197	5.27092
26	4	3.34701
26	13	3.1139
26	27	3.27738
26	32	3.41621
26	64	3.78621
26	65	2.99106
26	90	4.04578
26	103	4.43345
26	115	4.17715
26	120	4.23368
26	124	4.7816
26	149	4.51237
26	157	4.66966
26	159	5.17194
26	165	4.80667
26	181	5.29766
26	183	5.11551
26	193	5.19728
27	26	3.27738
27	29	3.19328
27	55	3.18839
27	94	4.00235
27	104	3.81606
27	110	3.82487
27	112	3.8633
27	120	3.74989
27	142	4.37248
27	147	4.29097
27	149	4.47146
27	160	4.75302
27	168	4.79648
27	172	4.72209
27	178	4.57213
27	181	4.79335
27	182	5.15622
27	200	5.55723
28	13	2.85886
28	15	3.28783
28	34	3.4793
28	39	3.14433
28	41	2.95068
28	53	3.28504
28	69	3.36324
28	100	4.27281
28	109	4.6686
28	110	4.35476
28	123	4.24299
28	140	4.79752
28	142	4.23732
28	181	5.2216
28	184	5.57613
28	194	5.38108
28	197	5.59777
28	200	5.71987
29	4	3.57375
29	6	3.65712
29	27	3.19328
29	30	3.61267
29	37	2.86932
29	40	4.00678
29	52	3.27245
29	59	3.82498
29	106	4.00184
29	108	4.23744
29	126	4.13153
29	141	4.65567
29	161	4.98207
29	164	4.74899
29	167	5.32029
29	177	5.36652
29	179	5.48779
29	189	5.46073
30	19	3.4854
30	20	3.32664
30	29	3.61267
30	110	4.24425
30	126	4.00555
30	131	4.02723
30	136	4.27147
30	143	3.72596
30	145	4.60531
30	148	4.67299
30	152	3.95822
30	154	4.52336
30	155	4.25646
30	164	4.57256
30	166	4.25519
30	175	4.56186
30	189	5.45991
30	196	4.83714
31	18	3.6067
31	38	3.3926
31	56	3.64686
31	66	3.80123
31	80	3.2657
31	88	3.3947
31	110	3.95036
31	111	4.19673
31	134	3.87834
31	145	4.43533
31	146	4.61303
31	160	4.33399
31	163	4.18631
31	174	4.85881
31	184	4.85719
31	186	4.91386
31	192	5.55073
31	195	5.55329
32	26	3.41621
32	44	3.43066
32	48	3.50212
32	81	3.42252
32	85	3.93991
32	96	3.95731
32	100	3.98339
32	117	3.91677
32	120	3.88871
32	124	3.98193
32	149	4.61028
32	159	4.33601
32	170	4.61383
32	171	4.65565
32	181	5.21991
32	189	5.24937
32	194	5.09166
32	199	5.20761
33	3	3.38304
33	8	3.29566
33	11	3.71258
33	88	3.56128
33	92	3.33256
33	100	3.93587
33	101	3.86586
33	109	3.89235
33	143	4.52684
33	145	4.6019
33	148	4.34491
33	151	4.42863
33	160	4.50057
33	163	4.35289
33	174	5.02538
33	186	5.08043
33	194	5.04414
33	195	5.51911
34	28	3.4793
34	40	2.44611
34	44	3.16532
34	58	3.32797
34	65	3.92196
34	74	2.89648
34	81	3.72722
34	103	4.20712
34	118	3.64461
34	122	3.57644
34	170	4.73144
34	183	5.44018
34	186	5.19773
34	187	5.1887
34	191	5.1184
34	195	5.70578
34	198	5.29954
34	199	5.29995
35	4	3.07833
35	19	2.98225
35	49	3.43649
35	56	3.35033
35	57	3.56577
35	70	3.28912
35	91	3.5206
35	135	4.61514
35	137	4.50861
35	139	4.43698
35	148	4.73946
35	152	4.36605
35	155	4.69388
35	171	5.05848
35	173	4.69969
35	180	4.87482
35	190	5.47401
35	194	5.70763
36	16	3.45912
36	18	2.523
36	48	2.93829
36	61	3.56602
36	86	4.01378
36	87	3.53803
36	97	4.46937
36	123	4.28581
36	127	5.12926
36	130	4.25052
36	131	4.18046
36	132	4.86738
36	134	4.55505
36	141	4.543
36	158	4.76724
36	161	4.8694
36	178	5.08448
36	179	5.37513
37	29	2.86932
37	78	3.30108
37	111	3.84208
37	114	4.04165
37	116	4.28845
37	117	3.76322
37	119	4.17535
37	133	5.01779
37	134	4.13562
37	140	4.63852
37	141	4.12358
37	149	4.7407
37	158	4.34782
37	161	4.44997
37	167	4.7882
37	172	5.3559
37	178	4.66505
37	179	4.9557
37	199	5.33803
38	4	3.33673
38	24	2.86885
38	31	3.3926
38	52	4.07938
38	54	3.23123
38	94	3.95267
38	112	3.81362
38	141	4.87652
38	142	4.3228
38	145	4.67996
38	147	4.24129
38	153	4.45945
38	158	4.88047
38	165	4.66774
38	168	4.74681
38	172	4.67242
38	182	5.10654
38	189	5.53456
38	196	5.95067
39	4	3.87343
39	17	4.58778
39	28	3.14433
39	44	3.91807
39	45	4.0539
39	63	3.28641
39	72	3.33288
39	81	4.47996
39	109	5.27107
39	110	3.9921
39	117	4.80867
39	121	3.53192
39	125	3.96435
39	144	5.17258
39	148	5.28433
39	173	4.89837
39	180	4.95087
39	192	4.9788
39	200	5.35721
40	1	1.93201
40	29	4.00678
40	34	2.44611
40	43	3.90515
40	65	4.45747
40	72	3.49724
40	99	3.2601
40	101	4.00401
40	115	4.75507
40	118	3.59857
40	151	5.15081
40	161	5.39279
40	170	4.6854
40	185	4.77151
40	187	5.14266
40	191	5.07236
40	196	6.27013
40	198	5.2535
40	199	5.25391
41	3	2.15761
41	28	2.95068
41	49	3.47629
41	87	3.90209
41	95	3.9622
41	114	4.2945
41	123	3.68668
41	128	4.7191
41	155	4.98036
41	157	4.6454
41	162	5.25317
41	163	5.50992
41	169	4.19448
41	171	5.34496
41	173	4.70471
41	176	4.44734
41	180	4.75721
41	195	4.8365
41	197	5.04145
42	6	3.68001
42	14	3.37352
42	51	3.87497
42	76	3.44537
42	82	3.46156
42	92	3.41569
42	101	3.94899
42	106	3.69192
42	109	3.97548
42	111	4.44644
42	119	4.34919
42	138	4.4945
42	146	4.86273
42	174	5.10851
42	175	4.98761
42	180	5.08229
42	186	5.16356
42	199	5.51188
42	200	6.00032
43	15	3.17817
43	18	3.79979
43	40	3.90515
43	59	3.46109
43	85	3.93465
43	96	3.73913
43	97	4.36252
43	104	3.95552
43	112	4.00276
43	133	5.06713
43	142	4.51194
43	144	4.75939
43	145	4.50452
43	147	4.43043
43	153	4.64859
43	168	4.93595
43	172	4.86156
43	182	5.29568
43	183	5.48079
44	9	3.10433
44	32	3.43066
44	34	3.16532
44	39	3.91807
44	51	3.92656
44	61	3.59609
44	75	3.76821
44	91	4.47111
44	125	4.10253
44	134	3.86712
44	139	4.31906
44	141	4.49675
44	144	4.25612
44	162	5.07187
44	171	5.33869
44	175	4.65879
44	181	5.90295
44	189	5.93241
44	195	5.54207
45	39	4.0539
45	75	3.01509
45	78	3.99049
45	79	3.43954
45	85	3.86983
45	97	4.29403
45	124	3.91185
45	125	4.23836
45	129	3.69427
45	139	4.45489
45	150	4.61308
45	159	4.26593
45	162	4.31876
45	163	5.23791
45	171	4.58558
45	181	5.14984
45	189	5.17929
45	191	5.21191
45	199	5.31888
46	53	2.84165
46	59	3.09274
46	71	3.0521
46	73	3.41309
46	115	3.89181
46	135	3.84955
46	149	4.42169
46	153	4.25537
46	157	4.75832
46	162	4.6813
46	176	4.56026
46	179	4.44654
46	183	5.11244
46	184	5.13274
46	192	4.89807
46	195	4.94942
46	197	5.15438
46	198	5.07991
46	200	5.27648
47	59	3.44803
47	68	2.60389
47	107	4.26422
47	108	3.83623
47	121	4.58547
47	130	3.93264
47	143	3.62251
47	155	4.15301
47	156	4.37521
47	161	4.88483
47	164	4.46911
47	166	4.15174
47	170	4.78053
47	174	4.85583
47	175	4.45841
47	184	5.03722
47	188	4.91224
47	195	5.73333
47	196	4.73369
48	4	3.22329
48	24	3.71001
48	32	3.50212
48	36	2.93829
48	87	3.30024
48	107	4.54891
48	108	3.88697
48	117	3.94485
48	119	4.49632
48	135	4.96973
48	138	4.64162
48	152	4.72064
48	158	4.52945
48	161	4.6316
48	162	5.32128
48	167	4.96983
48	178	4.84668
48	179	5.13733
48	186	5.50997
49	35	3.43649
49	41	3.47629
49	57	3.80772
49	68	3.63645
49	77	3.69421
49	84	3.65058
49	86	3.76945
49	95	3.62121
49	102	4.3642
49	105	4.09992
49	133	4.33631
49	137	4.75055
49	142	3.99018
49	148	4.9814
49	161	4.76041
49	190	5.71596
49	194	5.94958
49	197	5.08738
49	200	5.73834
50	9	3.52397
50	22	3.7411
50	60	4.13119
50	74	2.60616
50	104	4.19545
50	109	4.77426
50	118	3.35429
50	122	3.28612
50	150	3.46728
50	160	5.28693
50	169	4.85142
50	170	4.44112
50	181	5.32727
50	185	4.52723
50	187	4.89838
50	190	5.5833
50	191	4.82808
50	198	5.00922
50	199	5.00963
51	5	3.51371
51	22	3.86599
51	42	3.87497
51	44	3.92656
51	59	3.8013
51	79	4.00551
51	81	3.91841
51	85	4.4358
51	90	3.85673
51	94	4.24436
51	96	4.45321
51	108	4.1895
51	112	4.65826
51	121	4.93874
51	140	4.76436
51	159	4.8319
51	171	5.15155
51	189	5.74526
51	190	5.70818
51	194	5.61163
52	3	4.10401
52	4	3.44479
52	7	3.94035
52	29	3.27245
52	38	4.07938
52	54	3.90917
52	59	3.69602
52	67	4.31431
52	89	4.09636
52	94	4.39783
52	104	4.47381
52	134	4.53876
52	141	4.52671
52	158	4.75095
52	161	4.85311
52	167	5.19133
52	178	5.06818
52	179	5.35883
52	182	5.69936
52	197	5.71854
53	25	3.74229
53	28	3.28504
53	46	2.84165
53	62	3.52449
53	95	4.04466
53	105	4.41245
53	106	4.18619
53	114	4.37695
53	118	4.50808
53	125	4.10505
53	127	5.30837
53	154	4.17139
53	157	4.97976
53	158	4.991
53	169	4.52884
53	173	5.03907
53	190	5.65394
53	192	5.11951
53	195	5.17086
53	200	5.49791
54	22	3.53101
54	25	3.33653
54	38	3.23123
54	52	3.90917
54	76	3.84112
54	95	3.98222
54	97	4.36775
54	118	4.22734
54	119	4.22992
54	142	4.7701
54	144	5.01755
54	147	4.68859
54	149	4.79527
54	156	4.49387
54	166	4.58811
54	168	5.1941
54	172	5.11971
54	182	5.55384
54	186	5.24357
54	189	5.36434
55	9	3.282
55	27	3.18839
55	74	4.06059
55	76	3.74861
55	104	4.12116
55	112	4.1684
55	123	4.1523
55	135	4.67146
55	142	4.67758
55	144	4.92503
55	146	4.1052
55	147	4.59607
55	153	4.81423
55	165	4.46565
55	167	4.42697
55	171	5.1148
55	172	5.0272
55	177	5.23826
55	182	5.46132
55	185	5.21345
56	31	3.64686
56	35	3.35033
56	57	3.72157
56	67	4.25033
56	70	3.80179
56	81	4.19753
56	88	4.30208
56	97	3.6556
56	102	4.27805
56	113	4.36536
56	123	4.60865
56	133	4.25016
56	134	4.50114
56	136	4.51648
56	139	4.59277
56	148	4.89525
56	180	5.38749
56	186	5.66804
56	190	5.62981
56	194	5.86342
57	10	3.15626
57	35	3.56577
57	49	3.80772
57	56	3.72157
57	60	3.77494
57	65	3.82164
57	71	4.42115
57	115	4.11924
57	119	4.54108
57	131	3.93267
57	136	4.73191
57	137	4.87984
57	164	4.50644
57	169	4.49517
57	170	4.65267
57	176	4.88529
57	188	4.92674
57	190	5.84524
57	194	6.07886
57	195	5.60546
58	34	3.32797
58	80	3.51653
58	83	3.65945
58	89	3.94601
58	90	4.30972
58	112	4.27638
58	113	3.80753
58	115	4.4411
58	120	4.49763
58	127	4.13842
58	128	4.16407
58	131	4.03192
58	133	5.02546
58	138	4.60322
58	159	4.94454
58	160	5.02993
58	171	5.09977
58	183	5.37946
58	193	5.46123
58	200	5.83414
59	8	3.09844
59	18	3.05923
59	29	3.82498
59	43	3.46109
59	46	3.09274
59	47	3.44803
59	51	3.8013
59	52	3.69602
59	87	4.07426
59	103	4.29857
59	117	4.71887
59	127	5.07324
59	158	5.30347
59	160	5.12245
59	161	5.40563
59	172	5.45608
59	178	5.62071
59	179	5.91136
59	183	5.53163
59	199	5.43821
60	12	3.39851
60	21	3.30068
60	50	4.13119
60	57	3.77494
60	61	3.96478
60	63	3.85382
60	69	3.56799
60	76	3.82647
60	84	3.92073
60	93	3.82195
60	94	4.40977
60	102	4.23286
60	107	4.44072
60	154	4.59809
60	174	5.37451
60	177	5.77052
60	184	5.78088
60	192	5.54621
60	193	5.87681
60	200	5.92462
61	36	3.56602
61	44	3.59609
61	60	3.96478
61	91	3.9535
61	113	3.98458
61	122	4.40645
61	124	4.14736
61	129	3.92977
61	132	4.80944
61	134	4.12036
61	139	4.57229
61	140	4.43389
61	147	4.54709
61	159	4.50144
61	162	4.55426
61	171	4.82108
61	181	5.38534
61	189	5.4148
61	197	5.27377
61	198	5.49717
62	19	3.61247
62	20	3.86636
62	53	3.52449
62	70	3.20035
62	77	3.65996
62	97	4.13002
62	98	3.96614
62	102	4.75247
62	105	4.48819
62	119	4.80006
62	130	3.97193
62	136	4.9909
62	139	5.06719
62	141	4.52934
62	143	4.58239
62	180	4.78605
62	190	6.10423
62	194	6.33785
62	196	5.60349
62	197	5.05312
62	198	5.27652
63	9	4.01268
63	21	3.23802
63	23	3.40906
63	39	3.28641
63	60	3.85382
63	82	4.20242
63	88	4.18654
63	96	4.05329
63	98	4.45204
63	110	4.49684
63	121	4.03666
63	138	4.68415
63	139	4.83754
63	166	4.89704
63	172	5.7194
63	173	5.40311
63	176	5.14573
63	182	5.51984
63	184	5.71821
63	191	5.59456
63	195	5.53489
64	15	3.36841
64	26	3.78621
64	74	3.21154
64	84	3.9783
64	87	3.88882
64	99	3.62121
64	100	4.35339
64	106	4.09046
64	114	4.28123
64	116	4.52803
64	129	4.71274
64	150	4.07267
64	170	5.0465
64	176	5.21646
64	177	4.87589
64	185	5.13262
64	187	5.50376
64	191	5.43346
64	192	5.93407
64	198	5.61461
64	199	5.61502
65	17	4.42796
65	26	2.99106
65	34	3.92196
65	40	4.45747
65	57	3.82164
65	70	3.70911
65	78	4.6113
65	90	4.28099
65	100	4.01153
65	109	5.11125
65	115	4.41237
65	116	4.34139
65	120	4.4689
65	127	4.10969
65	129	5.07481
65	140	5.24018
65	157	5.03626
65	165	5.04188
65	183	5.35073
65	193	5.43249
65	200	6.42813
66	31	3.80123
66	69	4.22321
66	70	3.72011
66	73	3.23148
66	79	4.41991
66	86	3.67975
66	100	4.02254
66	104	4.5642
66	106	4.48429
66	107	4.86136
66	115	4.42337
66	120	4.4799
66	128	4.14635
66	138	4.5855
66	157	5.06802
66	165	5.05289
66	167	5.03769
66	183	5.36173
66	187	5.84106
66	193	5.4435
66	197	5.80893
67	2	2.85641
67	14	3.7159
67	19	3.79498
67	52	4.31431
67	56	4.25033
67	79	4.24621
67	80	3.85779
67	88	3.98679
67	101	4.29137
67	106	4.03431
67	109	4.31786
67	124	5.00626
67	132	5.1709
67	146	5.20512
67	149	5.20042
67	159	5.39659
67	160	4.92608
67	164	5.05775
67	174	5.45089
67	186	5.50595
67	191	5.69078
68	3	3.974
68	25	3.82
68	47	2.60389
68	49	3.63645
68	77	3.45855
68	126	4.3951
68	143	4.11552
68	144	4.82412
68	148	4.93587
68	149	5.15372
68	151	4.33951
68	152	4.34777
68	155	4.64601
68	163	5.67008
68	166	4.64475
68	170	5.15727
68	174	5.23257
68	175	4.95142
68	188	5.40525
68	189	5.72279
68	196	5.2267
69	11	4.16874
69	23	3.12322
69	28	3.36324
69	60	3.56799
69	66	4.22321
69	84	3.57223
69	107	4.09222
69	116	4.56667
69	132	4.9894
69	136	4.39956
69	148	4.80107
69	155	5.00573
69	157	5.05796
69	166	4.81176
69	169	4.60704
69	173	5.11727
69	180	5.16977
69	187	5.48586
69	192	5.19771
69	195	5.24906
69	198	5.67714
70	5	2.71569
70	35	3.28912
70	56	3.80179
70	62	3.20035
70	65	3.70911
70	66	3.72011
70	86	4.15158
70	100	4.49436
70	120	4.95173
70	127	4.59253
70	140	4.6497
70	142	4.08949
70	149	5.23042
70	163	5.26824
70	165	5.52472
70	168	4.5461
70	183	5.83356
70	184	5.01212
70	192	5.70566
70	193	5.91533
70	200	5.83765
71	10	3.64041
71	15	3.97996
71	17	3.88584
71	19	3.83763
71	20	4.09152
71	46	3.0521
71	57	4.42115
71	91	3.61376
71	94	3.91435
71	95	3.76888
71	119	5.02522
71	129	4.53269
71	133	4.94974
71	139	5.29235
71	162	5.05985
71	167	4.46381
71	170	4.80379
71	190	6.32939
71	191	5.2906
71	192	5.75402
71	194	6.56301
72	39	3.33288
72	40	3.49724
72	84	3.90452
72	93	3.80574
72	107	4.42452
72	135	4.48149
72	138	3.96208
72	140	4.27995
72	148	4.16428
72	150	4.27365
72	153	4.21581
72	163	4.89849
72	168	4.17635
72	176	5.1922
72	184	5.76467
72	185	4.83219
72	187	4.84907
72	190	4.96006
72	192	5.53
72	197	5.78631
72	200	5.90841
73	23	3.47927
73	46	3.41309
73	66	3.23148
73	86	3.66294
73	89	3.91148
73	107	4.64848
73	110	4.51464
73	113	3.773
73	116	4.3356
73	127	4.1039
73	137	5.02183
73	138	4.5687
73	149	4.74179
73	158	5.07622
73	161	5.26908
73	165	5.03609
73	169	5.00729
73	183	5.34493
73	188	5.43886
73	193	5.4267
73	200	6.247
74	9	3.98564
74	34	2.89648
74	50	2.60616
74	55	4.06059
74	64	3.21154
74	76	3.99785
74	83	3.59594
74	89	4.27966
74	98	3.5594
74	102	4.40423
74	106	4.57721
74	154	5.09955
74	165	5.16928
74	170	5.13576
74	177	4.96515
74	183	6.15778
74	185	5.22187
74	191	5.52272
74	192	6.42082
74	198	5.70386
74	199	5.70427
75	44	3.76821
75	45	3.01509
75	79	3.84716
75	81	3.76006
75	85	4.27745
75	97	4.07761
75	124	4.31947
75	127	4.73749
75	137	4.36573
75	140	4.60601
75	150	4.39665
75	159	4.67355
75	160	4.78669
75	162	4.72638
75	172	5.12033
75	177	4.97999
75	181	5.55746
75	189	5.58691
75	193	5.08629
75	194	4.98651
75	200	5.5909
76	42	3.44537
76	54	3.84112
76	55	3.74861
76	60	3.82647
76	74	3.99785
76	94	4.56256
76	100	4.07376
76	102	3.63785
76	112	4.42351
76	135	4.60871
76	142	4.93269
76	144	5.18014
76	153	5.06934
76	160	4.98221
76	165	4.4029
76	168	5.3567
76	172	5.2823
76	173	4.69326
76	182	5.71643
76	187	5.16759
76	193	5.28181
77	12	3.30958
77	49	3.69421
77	62	3.65996
77	68	3.45855
77	99	4.25913
77	100	4.58459
77	111	4.31286
77	114	4.22002
77	120	4.48991
77	126	4.75675
77	130	4.78729
77	151	4.70116
77	152	4.70942
77	154	4.844
77	159	5.40765
77	166	5.00639
77	168	5.0057
77	175	5.31306
77	186	5.65978
77	188	5.7669
77	191	5.70184
77	196	5.58834
78	4	4.00551
78	8	3.10664
78	9	3.95738
78	10	4.13976
78	12	3.54163
78	17	4.52438
78	37	3.30108
78	45	3.99049
78	65	4.6113
78	87	4.08246
78	93	4.42291
78	108	4.6692
78	116	4.98652
78	117	4.72707
78	134	5.09948
78	152	5.09775
78	158	5.31167
78	167	5.75205
78	178	5.6289
78	179	5.91955
78	187	5.90571
78	196	6.42396
79	2	3.70256
79	20	3.65142
79	45	3.43954
79	51	4.00551
79	66	4.41991
79	67	4.24621
79	75	3.84716
79	85	4.7019
79	89	4.02826
79	91	4.55007
79	96	4.71931
79	111	4.317
79	124	4.74392
79	129	4.52634
79	154	4.84815
79	159	5.098
79	167	4.8792
79	177	5.69048
79	181	5.98191
79	182	5.63126
79	189	6.01136
79	196	6.2008
80	10	3.63898
80	31	3.2657
80	58	3.51653
80	67	3.85779
80	82	3.96033
80	101	4.44776
80	103	4.39568
80	109	4.47425
80	111	4.94521
80	112	4.466
80	123	4.3269
80	124	4.74383
80	146	5.3615
80	159	5.13417
80	160	5.08246
80	163	4.93479
80	174	5.60728
80	179	4.96284
80	185	5.38805
80	186	5.66233
80	189	5.50707
80	190	5.51592
81	5	3.69271
81	32	3.42252
81	34	3.72722
81	39	4.47996
81	51	3.91841
81	56	4.19753
81	75	3.76006
81	82	4.24584
81	90	3.8741
81	96	4.63221
81	114	4.44856
81	140	4.94336
81	148	4.92977
81	159	5.0109
81	162	5.06372
81	167	4.81119
81	171	5.33054
81	179	5.17246
81	181	5.89481
81	185	5.59767
81	189	5.92426
81	196	6.1328
82	16	3.83028
82	42	3.46156
82	63	4.20242
82	80	3.96033
82	81	4.24584
82	92	3.86061
82	95	4.2367
82	101	4.39391
82	109	4.4204
82	112	4.79606
82	126	4.50792
82	134	4.54945
82	143	5.23213
82	145	5.12995
82	146	5.30765
82	151	5.13392
82	155	5.25486
82	160	5.02861
82	163	4.88094
82	171	5.61946
82	174	5.55343
82	186	5.60848
83	1	2.67751
83	6	2.4634
83	21	3.18258
83	58	3.65945
83	74	3.59594
83	116	4.62866
83	122	4.2759
83	132	4.10089
83	140	4.97874
83	141	4.99195
83	148	4.86307
83	151	4.94678
83	157	4.77482
83	161	5.18876
83	163	5.59727
83	165	4.78317
83	177	5.26029
83	185	5.51701
83	187	5.88816
83	191	5.81786
83	198	5.999
83	199	5.99942
84	11	4.31767
84	49	3.65058
84	60	3.92073
84	64	3.9783
84	69	3.57223
84	72	3.90452
84	95	4.1365
84	96	4.11694
84	103	3.94533
84	107	4.44496
84	119	4.6025
84	127	5.40021
84	133	5.44494
84	143	5.13193
84	154	4.60233
84	169	4.95978
84	176	5.21264
84	177	5.64271
84	179	5.1927
84	180	5.52251
84	195	5.6018
84	200	5.92886
85	1	3.47933
85	5	4.2101
85	7	3.97107
85	9	3.83305
85	17	3.45288
85	32	3.93991
85	43	3.93465
85	45	3.86983
85	51	4.4358
85	75	4.27745
85	79	4.7019
85	102	4.25165
85	117	4.62094
85	129	4.95663
85	132	5.28493
85	139	5.04778
85	140	5.46075
85	165	5.0167
85	171	5.84793
85	189	6.44165
85	192	6.26823
85	199	5.91178
86	20	3.72252
86	23	3.60476
86	36	4.01378
86	49	3.76945
86	66	3.67975
86	70	4.15158
86	73	3.66294
86	89	4.35974
86	91	4.10024
86	109	5.05561
86	113	4.22127
86	116	4.78386
86	128	4.57781
86	138	5.01696
86	154	4.91924
86	156	4.98531
86	165	5.48435
86	175	5.35978
86	183	5.7932
86	189	5.85579
86	192	6.2405
86	193	5.87496
87	10	3.77935
87	36	3.53803
87	41	3.90209
87	48	3.30024
87	59	4.07426
87	64	3.88882
87	78	4.08246
87	89	3.891
87	117	4.5446
87	121	4.88686
87	129	4.81082
87	134	4.917
87	135	4.98643
87	155	5.06517
87	158	5.12919
87	161	5.23135
87	167	5.56958
87	178	5.44643
87	179	5.73708
87	181	5.40026
87	184	5.33861
87	193	5.65952
88	3	4.07245
88	5	3.21598
88	31	3.3947
88	33	3.56128
88	56	4.30208
88	63	4.18654
88	67	3.98679
88	100	4.62528
88	101	4.57676
88	106	4.31969
88	109	4.60325
88	110	4.60558
88	111	5.07421
88	124	5.058
88	146	5.4905
88	150	5.14369
88	155	5.23897
88	163	5.06378
88	174	5.73628
88	180	5.41991
88	186	5.79133
88	194	5.73354
89	10	3.68346
89	52	4.09636
89	58	3.94601
89	73	3.91148
89	74	4.27966
89	79	4.02826
89	86	4.35974
89	87	3.891
89	99	4.03011
89	100	4.70253
89	113	4.4698
89	120	5.1599
89	138	5.26549
89	149	5.43859
89	150	4.87399
89	156	4.68106
89	165	5.73289
89	170	4.98602
89	182	5.3981
89	183	6.04173
89	188	5.26009
89	193	6.1235
89	196	5.96765
90	8	3.62921
90	11	3.63329
90	26	4.04578
90	51	3.85673
90	58	4.30972
90	65	4.28099
90	81	3.8741
90	110	4.24973
90	113	4.83352
90	116	5.39611
90	127	5.16441
90	128	5.19006
90	141	4.80734
90	145	4.61079
90	146	4.23812
90	149	5.80231
90	153	4.72999
90	165	6.0966
90	172	5.51151
90	173	4.88893
90	181	5.21821
90	183	6.40545
90	198	5.55453
91	17	3.30104
91	35	3.5206
91	44	4.47111
91	61	3.9535
91	71	3.61376
91	79	4.55007
91	86	4.10024
91	93	3.9675
91	116	4.53111
91	120	4.26179
91	124	5.02238
91	126	4.22323
91	129	4.80479
91	133	5.26045
91	159	5.37646
91	162	5.42928
91	171	5.6961
91	172	5.59856
91	174	5.06221
91	181	6.26036
91	189	6.28982
91	190	5.56129
91	194	5.46474
92	12	3.39815
92	19	3.88985
92	33	3.33256
92	42	3.41569
92	82	3.86061
92	104	4.48537
92	106	4.09097
92	109	4.37453
92	111	4.84549
92	115	4.76541
92	121	5.10378
92	145	5.08408
92	146	5.26178
92	160	4.98274
92	161	5.40314
92	163	4.83507
92	169	5.14135
92	173	5.2879
92	174	5.50756
92	176	5.53147
92	186	5.56261
92	190	5.87322
92	196	6.28047
93	23	3.37718
93	60	3.82195
93	72	3.80574
93	78	4.42291
93	91	3.9675
93	104	4.34405
93	107	4.34618
93	110	4.46497
93	123	4.3532
93	125	4.43722
93	127	5.38633
93	130	4.5076
93	153	4.98765
93	154	4.50355
93	164	5.0113
93	171	5.50537
93	176	5.11386
93	184	5.68633
93	186	5.60227
93	187	5.62091
93	192	5.45167
93	198	5.81218
93	200	5.83007
94	5	3.24775
94	6	4.0494
94	24	4.03759
94	27	4.00235
94	38	3.95267
94	51	4.24436
94	52	4.39783
94	60	4.40977
94	71	3.91435
94	76	4.56256
94	95	4.70366
94	101	4.00301
94	104	4.93512
94	121	5.09243
94	144	5.73899
94	147	5.41003
94	153	5.62819
94	157	4.97784
94	168	5.91554
94	175	5.35701
94	182	6.27528
94	187	5.75088
94	197	5.71875
95	1	3.30336
95	41	3.9622
95	49	3.62121
95	53	4.04466
95	54	3.98222
95	71	3.76888
95	82	4.2367
95	84	4.1365
95	94	4.70366
95	104	4.51737
95	112	4.56461
95	141	5.04951
95	142	5.07379
95	144	5.32124
95	147	4.99228
95	153	5.21044
95	168	5.4978
95	172	5.42341
95	177	5.61334
95	182	5.85753
95	193	5.71964
95	196	6.12366
95	197	5.57329
96	17	3.47028
96	23	3.43696
96	32	3.95731
96	43	3.73913
96	51	4.45321
96	63	4.05329
96	79	4.71931
96	81	4.63221
96	84	4.11694
96	98	4.46676
96	107	4.60617
96	125	4.63573
96	129	4.97403
96	140	5.47815
96	143	5.083
96	145	4.8334
96	159	5.54569
96	162	5.59852
96	165	4.82118
96	171	5.86534
96	177	5.59378
96	189	6.45906
96	198	5.77714
97	18	4.75206
97	20	3.54141
97	36	4.46937
97	43	4.36252
97	45	4.29403
97	54	4.36775
97	56	3.6556
97	62	4.13002
97	75	4.07761
97	99	4.78996
97	102	4.42752
97	105	4.16324
97	119	4.47511
97	133	4.39963
97	137	4.81387
97	139	4.74225
97	148	5.04473
97	175	5.81537
97	180	5.91005
97	184	6.00255
97	190	5.77928
97	193	6.32346
97	194	6.0129
98	3	4.33795
98	16	4.07989
98	62	3.96614
98	63	4.45204
98	74	3.5594
98	96	4.46676
98	99	3.96907
98	105	4.85411
98	118	4.30754
98	122	4.23937
98	125	5.03447
98	126	4.75754
98	132	4.06435
98	135	5.42573
98	150	4.42053
98	164	5.375
98	177	5.22375
98	181	5.83957
98	183	6.20842
98	185	5.48048
98	187	5.85163
98	191	5.78132
98	198	5.96247
98	199	5.96288
99	17	4.30309
99	40	3.2601
99	64	3.62121
99	77	4.25913
99	89	4.03011
99	97	4.78996
99	98	3.96907
99	122	4.39042
99	132	4.21541
99	150	4.57159
99	152	4.87645
99	157	4.91138
99	165	4.91973
99	167	4.88105
99	170	5.54542
99	174	5.29633
99	177	5.37481
99	179	5.24233
99	185	5.63154
99	187	6.00268
99	188	5.49511
99	189	5.78655
99	198	6.11353
99	199	6.11394
100	11	3.36383
100	28	4.27281
100	32	3.98339
100	33	3.93587
100	64	4.35339
100	65	4.01153
100	66	4.02254
100	70	4.49436
100	76	4.07376
100	77	4.58459
100	88	4.62528
100	89	4.70253
100	116	5.12665
100	127	4.89495
100	128	4.9206
100	131	4.8265
100	133	5.82003
100	138	5.35975
100	149	5.53284
100	178	5.64361
100	183	6.13599
100	191	6.0333
100	193	6.21775
100	200	6.62871
101	33	3.86586
101	40	4.00401
101	42	3.94899
101	67	4.29137
101	80	4.44776
101	82	4.39391
101	88	4.57676
101	94	4.00301
101	106	4.62427
101	132	4.85938
101	139	4.62224
101	141	4.79993
101	145	5.61738
101	147	4.59703
101	158	4.80389
101	160	5.51605
101	163	5.36837
101	164	4.74623
101	174	6.04086
101	176	5.12508
101	186	6.09591
101	191	5.37926
101	196	5.87408
101	200	5.97467
102	10	3.71275
102	15	4.0523
102	22	3.84277
102	49	4.3642
102	56	4.27805
102	60	4.23286
102	62	4.75247
102	74	4.40423
102	76	3.63785
102	85	4.25165
102	97	4.42752
102	105	4.78569
102	119	5.09756
102	127	5.3394
102	133	5.02208
102	135	5.0151
102	136	5.2884
102	156	4.80563
102	159	5.30321
102	189	5.67611
102	190	6.40173
102	194	6.63534
102	196	6.09222
102	200	6.1928
103	9	4.09995
103	14	3.6005
103	24	4.27586
103	26	4.43345
103	34	4.20712
103	59	4.29857
103	80	4.39568
103	84	3.94533
103	107	4.46533
103	108	4.68676
103	110	4.58411
103	112	5.15553
103	121	4.12393
103	124	5.43335
103	133	5.90461
103	135	4.52229
103	157	5.43106
103	169	4.98015
103	173	5.49038
103	180	5.54288
103	184	5.80548
103	189	6.19659
103	193	6.20867
103	197	5.82712
104	25	3.87167
104	27	3.81606
104	43	3.95552
104	50	4.19545
104	52	4.47381
104	55	4.12116
104	66	4.5642
104	92	4.48537
104	93	4.34405
104	94	4.93512
104	95	4.51737
104	110	4.71332
104	127	5.59228
104	142	5.30524
104	144	5.55269
104	146	4.70172
104	147	5.22373
104	155	5.34672
104	157	5.05382
104	168	5.72925
104	172	5.65486
104	180	5.52766
104	182	6.08898
104	185	5.80997
105	1	3.67115
105	4	3.87752
105	12	3.60913
105	19	3.64568
105	24	4.15462
105	49	4.09992
105	53	4.41245
105	62	4.48819
105	97	4.16324
105	98	4.85411
105	102	4.78569
105	107	4.99352
105	119	4.83328
105	133	4.75779
105	136	5.02411
105	139	5.10041
105	148	5.40289
105	149	5.50627
105	155	5.49308
105	159	5.70245
105	182	5.92191
105	190	6.13744
105	194	6.37106
105	200	6.59204
106	29	4.00184
106	42	3.69192
106	53	4.18619
106	64	4.09046
106	66	4.48429
106	67	4.03431
106	74	4.57721
106	88	4.31969
106	92	4.09097
106	101	4.62427
106	111	5.12173
106	114	4.58095
106	145	5.36032
106	146	5.53802
106	153	5.11369
106	160	5.25898
106	163	5.1113
106	167	4.94358
106	169	5.12606
106	174	5.7838
106	177	5.75487
106	186	5.83885
106	192	6.2338
106	197	5.71482
107	3	3.4429
107	23	3.99596
107	47	4.26422
107	48	4.54891
107	60	4.44072
107	66	4.86136
107	69	4.09222
107	72	4.42452
107	73	4.64848
107	84	4.44496
107	93	4.34618
107	96	4.60617
107	103	4.46533
107	105	4.99352
107	112	5.18509
107	118	5.08914
107	121	4.62357
107	162	5.91669
107	176	5.73264
107	177	6.13194
107	183	6.34782
107	184	6.30511
107	188	5.9347
107	192	6.07044
107	195	6.12179
108	8	3.5109
108	29	4.23744
108	47	3.83623
108	48	3.88697
108	51	4.1895
108	78	4.6692
108	103	4.68676
108	117	5.13133
108	121	5.03757
108	122	4.79657
108	126	4.46895
108	132	5.19956
108	134	5.50374
108	140	5.1269
108	141	5.49169
108	146	4.57089
108	158	5.71593
108	159	5.42525
108	161	5.81809
108	165	4.93133
108	166	5.02192
108	167	6.15631
108	170	5.23263
108	178	6.03317
108	179	6.32382
109	2	3.47286
109	13	3.89788
109	28	4.6686
109	33	3.89235
109	39	5.27107
109	42	3.97548
109	50	4.77426
109	65	5.11125
109	67	4.31786
109	80	4.47425
109	82	4.4204
109	86	5.05561
109	88	4.60325
109	92	4.37453
109	125	5.45553
109	134	5.22013
109	136	5.31936
109	142	5.27634
109	146	5.82157
109	160	5.54254
109	163	5.39486
109	171	6.29013
109	174	6.06735
109	176	6.1749
109	186	6.1224
110	3	3.56169
110	27	3.82487
110	28	4.35476
110	30	4.24425
110	31	3.95036
110	39	3.9921
110	63	4.49684
110	73	4.51464
110	88	4.60558
110	90	4.24973
110	93	4.46497
110	103	4.58411
110	104	4.71332
110	111	4.62462
110	143	5.48732
110	153	5.35692
110	156	5.22184
110	169	5.59856
110	176	5.85142
110	178	5.62392
110	180	6.16129
110	184	6.4239
110	189	6.09232
110	197	6.44553
110	200	6.56764
111	2	3.94382
111	13	3.23037
111	14	4.80332
111	31	4.19673
111	37	3.84208
111	42	4.44644
111	77	4.31286
111	79	4.317
111	80	4.94521
111	88	5.07421
111	92	4.84549
111	106	5.12173
111	110	4.62462
111	118	4.70328
111	133	5.5483
111	137	5.13181
111	144	4.94161
111	145	6.11483
111	147	4.97934
111	163	5.86582
111	168	5.06543
111	172	5.88641
111	174	6.53831
111	186	6.59336
111	198	5.92942
112	25	3.91892
112	27	3.8633
112	38	3.81362
112	43	4.00276
112	51	4.65826
112	55	4.1684
112	58	4.27638
112	76	4.42351
112	80	4.466
112	82	4.79606
112	95	4.56461
112	103	5.15553
112	107	5.18509
112	119	5.13249
112	122	5.26533
112	123	5.08675
112	142	5.35248
112	147	5.27097
112	153	5.48914
112	160	5.97941
112	168	5.77649
112	172	5.7021
112	180	5.86559
112	182	6.13623
112	195	6.65419
113	13	3.90164
113	16	3.87768
113	56	4.36536
113	58	3.80753
113	61	3.98458
113	73	3.773
113	86	4.22127
113	89	4.4698
113	90	4.83352
113	115	4.96489
113	116	4.89392
113	120	5.02142
113	138	5.12702
113	152	4.97443
113	159	5.51163
113	165	5.59441
113	171	5.66685
113	174	5.3943
113	179	5.3403
113	183	5.90325
113	184	5.5757
113	192	6.26924
113	193	5.98502
113	194	5.79683
113	197	5.75026
114	4	3.84202
114	16	3.35024
114	37	4.04165
114	41	4.2945
114	53	4.37695
114	64	4.28123
114	77	4.22002
114	81	4.44856
114	106	4.58095
114	123	4.85968
114	126	5.15658
114	130	5.18712
114	140	5.3686
114	143	4.877
114	151	5.10099
114	156	5.62969
114	164	5.72359
114	166	5.40622
114	167	5.13435
114	168	5.265
114	175	5.71289
114	188	6.16673
114	193	6.05193
114	194	5.95215
114	196	5.98817
115	11	3.76467
115	13	4.53521
115	26	4.17715
115	40	4.75507
115	46	3.89181
115	57	4.11924
115	58	4.4411
115	65	4.41237
115	66	4.42337
115	92	4.76541
115	113	4.96489
115	116	5.52749
115	120	5.65499
115	126	4.87982
115	127	5.29579
115	131	4.92351
115	136	5.02059
115	137	5.50055
115	139	5.37329
115	149	5.93368
115	162	5.89957
115	169	5.48601
115	173	5.63257
115	182	6.05559
115	183	6.53682
115	193	6.61859
116	11	3.69369
116	37	4.28845
116	64	4.52803
116	65	4.34139
116	69	4.56667
116	73	4.3356
116	78	4.98652
116	83	4.62866
116	86	4.78386
116	90	5.39611
116	91	4.53111
116	100	5.12665
116	113	4.89392
116	115	5.52749
116	123	5.10649
116	127	5.22481
116	128	5.25046
116	133	5.99467
116	136	5.09822
116	138	5.68961
116	148	5.49973
116	149	5.86271
116	156	5.41617
116	159	5.91375
116	165	6.157
116	179	5.74243
117	9	3.99493
117	18	3.52956
117	32	3.91677
117	37	3.76322
117	39	4.80867
117	48	3.94485
117	59	4.71887
117	78	4.72707
117	85	4.62094
117	87	4.5446
117	108	5.13133
117	120	4.75476
117	126	4.71619
117	133	5.75342
117	134	5.56161
117	137	5.33692
117	150	5.36785
117	151	5.34219
117	158	5.77381
117	161	5.87596
117	167	6.21419
117	173	5.46894
117	178	6.09104
117	179	6.38169
117	180	5.64407
117	200	6.5621
118	13	3.56106
118	22	4.33764
118	34	3.64461
118	40	3.59857
118	50	3.35429
118	53	4.50808
118	54	4.22734
118	98	4.30754
118	107	5.08914
118	111	4.70328
118	122	4.7289
118	132	4.55389
118	134	4.8833
118	147	5.31003
118	150	4.91006
118	154	5.23442
118	175	5.67497
118	177	5.71328
118	185	5.97001
118	187	6.34116
118	190	6.17983
118	191	6.27086
118	195	6.55825
118	197	6.03671
118	198	6.452
118	199	6.45241
119	10	3.76034
119	15	4.09989
119	23	3.92252
119	37	4.17535
119	42	4.34919
119	48	4.49632
119	54	4.22992
119	57	4.54108
119	62	4.80006
119	71	5.02522
119	84	4.6025
119	97	4.47511
119	102	5.09756
119	105	4.83328
119	112	5.13249
119	134	4.88588
119	136	5.33599
119	137	5.48391
119	148	5.71476
119	171	5.95588
119	172	6.21968
119	186	6.05278
119	187	6.07142
119	190	6.44932
119	193	6.18563
119	194	6.68294
120	13	4.59174
120	26	4.23368
120	27	3.74989
120	32	3.88871
120	58	4.49763
120	65	4.4689
120	66	4.4799
120	70	4.95173
120	77	4.48991
120	89	5.1599
120	91	4.26179
120	113	5.02142
120	115	5.65499
120	117	4.75476
120	127	5.35232
120	128	5.37796
120	133	5.72535
120	135	5.35633
120	137	5.30886
120	138	5.81712
120	143	5.41234
120	163	5.96462
120	173	5.44088
120	186	5.89656
120	190	6.02619
120	193	6.67512
121	39	3.53192
121	47	4.58547
121	51	4.93874
121	63	4.03666
121	87	4.88686
121	92	5.10378
121	94	5.09243
121	103	4.12393
121	107	4.62357
121	108	5.03757
121	123	4.63058
121	125	4.7146
121	131	5.26188
121	135	4.68053
121	144	5.64873
121	147	5.68646
121	153	5.812
121	157	5.5893
121	166	5.77117
121	169	5.13839
121	173	5.64862
121	178	6.079
121	184	5.96372
121	188	6.25595
121	192	5.72905
121	195	5.7804
121	197	5.98536
122	8	4.47022
122	11	4.88714
122	34	3.57644
122	50	3.28612
122	61	4.40645
122	83	4.2759
122	98	4.23937
122	99	4.39042
122	108	4.79657
122	112	5.26533
122	118	4.7289
122	124	5.54316
122	129	5.46978
122	132	4.48571
122	150	4.84189
122	166	5.53016
122	168	5.53155
122	170	5.81572
122	175	5.81039
122	177	5.64511
122	178	5.83799
122	183	6.42807
122	185	5.90183
122	191	6.20268
122	197	6.17213
122	198	6.38383
122	199	6.38424
123	7	4.21537
123	24	4.20708
123	28	4.24299
123	36	4.28581
123	41	3.68668
123	55	4.1523
123	56	4.60865
123	80	4.3269
123	93	4.3532
123	112	5.08675
123	114	4.85968
123	116	5.10649
123	121	4.63058
123	135	5.02894
123	157	5.93771
123	162	5.81835
123	169	5.48679
123	174	5.63759
123	175	5.63181
123	176	5.73965
123	180	6.04952
123	182	5.97438
123	183	6.24949
123	192	6.07746
123	195	6.12881
123	197	6.33377
123	200	6.45587
124	17	3.4949
124	24	4.62401
124	26	4.7816
124	32	3.98193
124	45	3.91185
124	61	4.14736
124	67	5.00626
124	75	4.31947
124	79	4.74392
124	80	4.74383
124	88	5.058
124	91	5.02238
124	103	5.43335
124	122	5.54316
124	128	5.70121
124	129	4.99865
124	131	5.25923
124	135	5.88373
124	140	5.50277
124	143	5.93975
124	148	5.75782
124	159	5.57031
124	162	5.62314
124	171	5.88995
124	181	6.45422
124	185	6.42573
124	189	6.48367
125	7	4.34327
125	13	3.6458
125	18	4.69639
125	39	3.96435
125	44	4.10253
125	45	4.23836
125	53	4.10505
125	93	4.43722
125	96	4.63573
125	98	5.03447
125	109	5.45553
125	121	4.7146
125	135	5.11296
125	138	5.26659
125	139	5.41997
125	151	5.5525
125	153	5.52032
125	154	5.21336
125	157	6.02173
125	169	5.57081
125	173	6.08104
125	176	5.82367
125	188	5.96426
125	192	6.16148
125	197	6.41778
125	199	6.28397
125	200	6.53988
126	7	3.70973
126	29	4.13153
126	30	4.00555
126	68	4.3951
126	77	4.75675
126	82	4.50792
126	91	4.22323
126	98	4.75754
126	108	4.46895
126	114	5.15658
126	115	4.87982
126	117	4.71619
126	130	5.72385
126	131	5.715
126	132	5.38018
126	135	5.31776
126	141	5.32073
126	145	5.12418
126	151	5.63771
126	152	5.64598
126	155	5.94422
126	163	5.92606
126	173	5.40231
126	175	6.24962
126	188	6.70345
126	193	5.99086
126	196	6.5249
127	13	4.23254
127	14	4.37518
127	21	4.50386
127	36	5.12926
127	53	5.30837
127	58	4.13842
127	59	5.07324
127	65	4.10969
127	70	4.59253
127	73	4.1039
127	75	4.73749
127	84	5.40021
127	90	5.16441
127	93	5.38633
127	100	4.89495
127	102	5.3394
127	104	5.59228
127	115	5.29579
127	116	5.22481
127	120	5.35232
127	128	5.01876
127	138	5.45791
127	167	6.06577
127	171	6.7536
127	174	6.48104
127	183	6.23415
127	193	6.31592
128	11	3.48764
128	13	4.25818
128	14	3.86836
128	18	4.90513
128	22	4.63111
128	41	4.7191
128	58	4.16407
128	66	4.14635
128	86	4.57781
128	90	5.19006
128	100	4.9206
128	116	5.25046
128	120	5.37796
128	124	5.70121
128	127	5.01876
128	134	5.17678
128	136	5.27601
128	138	5.48356
128	149	5.65666
128	150	5.7869
128	153	5.72905
128	168	5.6896
128	180	6.06312
128	181	6.21727
128	183	6.2598
128	191	6.38574
128	193	6.34156
129	5	4.03453
129	25	4.56857
129	45	3.69427
129	61	3.92977
129	64	4.71274
129	65	5.07481
129	71	4.53269
129	79	4.52634
129	85	4.95663
129	87	4.81082
129	91	4.80479
129	96	4.97403
129	122	5.46978
129	124	4.99865
129	140	5.28519
129	150	5.79381
129	151	5.76815
129	153	5.73597
129	155	5.88909
129	159	5.35273
129	162	5.40555
129	171	5.67237
129	173	5.8949
129	175	5.97536
129	179	5.92714
129	181	6.23663
129	189	6.26609
130	7	3.74027
130	16	3.91751
130	17	4.60906
130	19	4.11802
130	20	3.95926
130	36	4.25052
130	47	3.93264
130	62	3.97193
130	77	4.78729
130	93	4.5076
130	114	5.18712
130	126	5.72385
130	142	4.86107
130	143	5.44427
130	148	5.30561
130	152	5.67652
130	155	5.97476
130	156	6.19696
130	167	5.18703
130	172	6.13866
130	174	5.60231
130	175	6.28016
130	178	5.62413
130	187	5.9904
130	188	6.734
130	191	6.01382
130	196	6.55544
131	7	3.73141
131	16	3.90865
131	22	3.89881
131	30	4.02723
131	36	4.18046
131	57	3.93267
131	58	4.03192
131	100	4.8265
131	115	4.92351
131	121	5.26188
131	124	5.25923
131	126	5.715
131	137	5.31399
131	141	5.36442
131	143	5.43541
131	145	5.16787
131	148	5.23554
131	152	5.66767
131	155	5.96591
131	164	6.28201
131	166	5.96464
131	169	5.29945
131	170	5.45694
131	175	6.27131
131	185	5.90345
131	188	6.72514
131	196	6.54659
132	6	2.67321
132	23	4.45835
132	36	4.86738
132	61	4.80944
132	67	5.1709
132	69	4.9894
132	83	4.10089
132	85	5.28493
132	98	4.06435
132	99	4.21541
132	101	4.85938
132	108	5.19956
132	118	4.55389
132	122	4.48571
132	126	5.38018
132	150	4.66688
132	163	6.65667
132	166	5.93315
132	169	5.98637
132	170	5.64071
132	177	5.4701
132	182	6.55595
132	185	5.72682
132	187	6.09797
132	191	6.02767
132	198	6.20881
132	199	6.20922
133	8	5.17982
133	10	3.68486
133	13	4.40608
133	20	4.13596
133	37	5.01779
133	43	5.06713
133	49	4.33631
133	56	4.25016
133	58	5.02546
133	71	4.94974
133	84	5.44494
133	91	5.26045
133	97	4.39963
133	100	5.82003
133	102	5.02208
133	103	5.90461
133	105	4.75779
133	111	5.5483
133	116	5.99467
133	117	5.75342
133	120	5.72535
133	136	5.2605
133	137	5.40843
133	139	5.3368
133	148	5.63928
133	190	6.37383
133	194	6.60745
134	8	3.94118
134	31	3.87834
134	36	4.55505
134	37	4.13562
134	44	3.86712
134	52	4.53876
134	56	4.50114
134	61	4.12036
134	78	5.09948
134	82	4.54945
134	87	4.917
134	108	5.50374
134	109	5.22013
134	117	5.56161
134	118	4.8833
134	119	4.88588
134	128	5.17678
134	141	5.92197
134	158	6.14621
134	164	5.30856
134	167	6.5866
134	172	6.06643
134	178	6.46345
134	179	6.7541
134	182	5.86687
134	186	5.89953
134	187	5.91817
135	21	3.88188
135	22	4.81363
135	35	4.61514
135	46	3.84955
135	48	4.96973
135	55	4.67146
135	72	4.48149
135	76	4.60871
135	87	4.98643
135	98	5.42573
135	102	5.0151
135	103	4.52229
135	120	5.35633
135	121	4.68053
135	123	5.02894
135	124	5.88373
135	125	5.11296
135	126	5.31776
135	145	5.79237
135	154	5.17929
135	159	6.27407
135	176	5.7896
135	184	6.36208
135	188	6.35552
135	192	6.12741
135	195	6.17876
135	197	6.38371
135	200	6.50582
136	10	3.95117
136	15	4.29073
136	22	4.28621
136	30	4.27147
136	56	4.51648
136	57	4.73191
136	62	4.9909
136	69	4.39956
136	102	5.2884
136	105	5.02411
136	109	5.31936
136	115	5.02059
136	116	5.09822
136	119	5.33599
136	128	5.27601
136	133	5.2605
136	137	5.67475
136	139	5.60312
136	147	5.2586
136	148	5.9056
136	174	5.62932
136	176	5.78664
136	178	5.65114
136	179	5.57532
136	185	6.00053
136	190	6.64015
136	194	6.87377
136	195	6.50682
137	2	4.51737
137	10	4.0991
137	12	4.13329
137	19	4.29632
137	20	4.55021
137	35	4.50861
137	49	4.75055
137	57	4.87984
137	73	5.02183
137	75	4.36573
137	97	4.81387
137	111	5.13181
137	115	5.50055
137	117	5.33692
137	119	5.48391
137	120	5.30886
137	131	5.31399
137	133	5.40843
137	136	5.67475
137	138	5.61038
137	139	5.75104
137	141	5.94146
137	148	6.05352
137	157	5.72434
137	169	5.87649
137	188	6.30806
137	190	6.78808
137	194	7.0217
138	10	4.45077
138	11	3.92679
138	17	4.83539
138	42	4.4945
138	48	4.64162
138	58	4.60322
138	63	4.68415
138	66	4.5855
138	72	3.96208
138	73	4.5687
138	86	5.01696
138	89	5.26549
138	100	5.35975
138	113	5.12702
138	116	5.68961
138	120	5.81712
138	125	5.26659
138	127	5.45791
138	128	5.48356
138	137	5.61038
138	144	5.42018
138	153	5.58346
138	165	6.3901
138	187	6.21672
138	190	6.32771
138	193	6.78071
138	197	6.18459
138	198	6.408
139	10	4.02747
139	16	4.46539
139	20	4.47858
139	35	4.43698
139	44	4.31906
139	45	4.45489
139	56	4.59277
139	61	4.57229
139	62	5.06719
139	63	4.83754
139	71	5.29235
139	85	5.04778
139	97	4.74225
139	101	4.62224
139	105	5.10041
139	115	5.37329
139	125	5.41997
139	133	5.3368
139	136	5.60312
139	137	5.75104
139	148	5.98189
139	155	5.88997
139	157	5.59707
139	170	5.90672
139	183	6.59392
139	190	6.71645
139	194	6.95007
139	200	6.98894
140	5	4.53866
140	8	4.80055
140	17	3.78144
140	28	4.79752
140	37	4.63852
140	51	4.76436
140	61	4.43389
140	65	5.24018
140	70	4.6497
140	72	4.27995
140	75	4.60601
140	81	4.94336
140	83	4.97874
140	85	5.46075
140	96	5.47815
140	108	5.1269
140	114	5.3686
140	124	5.50277
140	129	5.28519
140	154	5.70018
140	159	5.85685
140	160	6.34922
140	161	6.1755
140	162	5.90967
140	164	5.92498
140	173	6.06027
140	181	6.74075
140	189	6.77021
141	3	4.90115
141	4	4.828
141	8	3.92914
141	18	3.88992
141	29	4.65567
141	36	4.543
141	37	4.12358
141	38	4.87652
141	44	4.49675
141	52	4.52671
141	62	4.52934
141	83	4.99195
141	90	4.80734
141	95	5.04951
141	101	4.79993
141	108	5.49169
141	126	5.32073
141	131	5.36442
141	134	5.92197
141	137	5.94146
141	158	6.13417
141	161	6.23632
141	167	6.57455
141	175	6.15393
141	176	6.31704
141	178	6.4514
141	179	6.74205
141	185	6.53092
142	2	3.99438
142	27	4.37248
142	28	4.23732
142	38	4.3228
142	43	4.51194
142	49	3.99018
142	54	4.7701
142	55	4.67758
142	70	4.08949
142	76	4.93269
142	95	5.07379
142	104	5.30524
142	109	5.27634
142	112	5.35248
142	130	4.86107
142	144	6.10911
142	147	5.78015
142	153	5.99831
142	160	5.78901
142	161	5.61529
142	172	6.21128
142	177	5.98231
142	181	5.82934
142	182	6.64541
142	183	6.19819
142	184	5.76769
142	191	5.9978
142	195	6.46379
143	6	4.89937
143	12	3.96656
143	30	3.72596
143	33	4.52684
143	47	3.62251
143	62	4.58239
143	68	4.11552
143	82	5.23213
143	84	5.13193
143	96	5.083
143	110	5.48732
143	114	4.877
143	120	5.41234
143	124	5.93975
143	130	5.44427
143	131	5.43541
143	144	5.80431
143	151	5.35813
143	152	5.3664
143	156	5.88684
143	164	5.98074
143	166	5.66337
143	175	5.97004
143	179	6.15876
143	184	6.39415
143	188	6.42387
143	190	6.71184
143	196	6.24532
143	199	6.73124
144	7	4.49686
144	15	4.22836
144	23	4.15827
144	24	4.65517
144	25	4.67555
144	39	5.17258
144	43	4.75939
144	44	4.25612
144	54	5.01755
144	55	4.92503
144	68	4.82412
144	76	5.18014
144	94	5.73899
144	95	5.32124
144	104	5.55269
144	111	4.94161
144	121	5.64873
144	138	5.42018
144	142	6.10911
144	143	5.80431
144	149	5.84023
144	152	5.49921
144	153	6.24577
144	161	5.94808
144	165	5.54249
144	168	6.53312
144	172	6.45873
144	182	6.89286
144	187	6.30717
145	2	4.18242
145	6	4.64977
145	14	5.04191
145	21	3.98597
145	30	4.60531
145	31	4.43533
145	33	4.6019
145	38	4.67996
145	43	4.50452
145	82	5.12995
145	90	4.61079
145	92	5.08408
145	96	4.8334
145	101	5.61738
145	106	5.36032
145	111	6.11483
145	126	5.12418
145	131	5.16787
145	135	5.79237
145	146	6.53112
145	155	5.87111
145	160	6.25209
145	163	6.10441
145	166	5.67715
145	169	5.73036
145	174	6.7769
145	186	6.83195
145	191	6.37467
145	199	6.48164
146	2	4.36012
146	9	4.03024
146	31	4.61303
146	42	4.86273
146	55	4.1052
146	67	5.20512
146	80	5.3615
146	82	5.30765
146	88	5.4905
146	90	4.23812
146	92	5.26178
146	104	4.70172
146	106	5.53802
146	108	4.57089
146	109	5.82157
146	145	6.53112
146	149	5.51164
146	150	5.40316
146	152	5.17061
146	154	5.14416
146	160	6.42979
146	163	6.28211
146	172	6.12684
146	173	5.50425
146	179	5.53649
146	180	5.67938
146	184	5.77188
146	186	7.00966
146	200	6.59741
147	6	4.64343
147	24	4.32621
147	27	4.29097
147	38	4.24129
147	43	4.43043
147	54	4.68859
147	55	4.59607
147	61	4.54709
147	94	5.41003
147	95	4.99228
147	101	4.59703
147	104	5.22373
147	111	4.97934
147	112	5.27097
147	118	5.31003
147	121	5.68646
147	136	5.2586
147	142	5.78015
147	153	5.9168
147	156	5.57656
147	165	5.58022
147	168	6.20416
147	169	5.72402
147	172	6.12977
147	182	6.56389
147	187	6.34491
147	192	6.83175
147	198	6.53618
147	199	6.4753
148	15	4.6695
148	20	4.78106
148	30	4.67299
148	33	4.34491
148	35	4.73946
148	39	5.28433
148	49	4.9814
148	56	4.89525
148	68	4.93587
148	69	4.80107
148	72	4.16428
148	81	4.92977
148	83	4.86307
148	97	5.04473
148	105	5.40289
148	116	5.49973
148	119	5.71476
148	124	5.75782
148	130	5.30561
148	131	5.23554
148	133	5.63928
148	136	5.9056
148	137	6.05352
148	139	5.98189
148	165	5.65424
148	177	6.42685
148	184	6.21223
148	190	7.01893
148	194	7.25255
149	11	4.09989
149	12	4.27269
149	13	4.87043
149	15	4.55796
149	26	4.51237
149	27	4.47146
149	32	4.61028
149	37	4.7407
149	46	4.42169
149	54	4.79527
149	67	5.20042
149	68	5.15372
149	70	5.23042
149	73	4.74179
149	89	5.43859
149	90	5.80231
149	100	5.53284
149	105	5.50627
149	115	5.93368
149	116	5.86271
149	128	5.65666
149	144	5.84023
149	146	5.51164
149	165	6.5632
149	166	5.96267
149	178	6.2705
149	183	6.87204
149	193	6.95381
149	199	6.76716
150	1	3.2435
150	45	4.61308
150	50	3.46728
150	64	4.07267
150	72	4.27365
150	75	4.39665
150	88	5.14369
150	89	4.87399
150	98	4.42053
150	99	4.57159
150	117	5.36785
150	118	4.91006
150	122	4.84189
150	128	5.7869
150	129	5.79381
150	132	4.66688
150	146	5.40316
150	153	5.89503
150	170	5.99689
150	173	6.05397
150	177	5.82627
150	184	6.3216
150	185	6.083
150	187	6.45415
150	191	6.38385
150	192	7.01514
150	198	6.56499
150	199	6.5654
150	200	7.14713
151	2	4.52263
151	12	4.19055
151	19	4.63026
151	20	4.4715
151	22	3.82152
151	33	4.42863
151	40	5.15081
151	68	4.33951
151	77	4.70116
151	82	5.13392
151	83	4.94678
151	114	5.10099
151	117	5.34219
151	125	5.5525
151	126	5.63771
151	129	5.76815
151	143	5.35813
151	152	5.59038
151	155	5.88862
151	156	6.11083
151	159	6.23187
151	164	6.20473
151	166	5.88735
151	175	6.19402
151	176	6.27187
151	185	6.48576
151	188	6.64786
151	189	6.60477
151	190	6.61363
151	196	6.46931
152	10	4.5298
152	22	3.82979
152	30	3.95822
152	35	4.36605
152	48	4.72064
152	68	4.34777
152	77	4.70942
152	78	5.09775
152	99	4.87645
152	113	4.97443
152	126	5.64598
152	130	5.67652
152	131	5.66767
152	143	5.3664
152	144	5.49921
152	146	5.17061
152	151	5.59038
152	154	5.46133
152	155	5.89689
152	157	5.52271
152	158	5.74379
152	164	6.21299
152	166	5.89562
152	175	6.20229
152	183	6.51956
152	186	6.2771
152	188	6.65612
152	196	6.47757
152	198	6.48702
152	200	6.91458
153	24	4.54437
153	25	4.56475
153	38	4.45945
153	43	4.64859
153	46	4.25537
153	55	4.81423
153	72	4.21581
153	76	5.06934
153	90	4.72999
153	93	4.98765
153	94	5.62819
153	95	5.21044
153	106	5.11369
153	110	5.35692
153	112	5.48914
153	121	5.812
153	125	5.52032
153	128	5.72905
153	129	5.73597
153	138	5.58346
153	142	5.99831
153	144	6.24577
153	147	5.9168
153	150	5.89503
153	168	6.42232
153	172	6.34793
153	175	6.07658
153	182	6.78206
153	183	6.69426
153	186	6.45181
154	21	3.98229
154	30	4.52336
154	53	4.17139
154	60	4.59809
154	74	5.09955
154	77	4.844
154	79	4.84815
154	84	4.60233
154	86	4.91924
154	93	4.50355
154	118	5.23442
154	125	5.21336
154	135	5.17929
154	140	5.70018
154	146	5.14416
154	152	5.46133
154	157	6.08806
154	158	5.71734
154	163	6.31872
154	168	5.59658
154	170	5.80591
154	171	6.15376
154	173	6.14738
154	176	5.89
154	180	6.19988
154	184	6.46248
154	192	6.22781
154	195	6.27916
154	196	6.78754
154	200	6.60622
155	4	4.52788
155	12	4.49705
155	16	4.13787
155	22	4.12803
155	30	4.25646
155	35	4.69388
155	41	4.98036
155	47	4.15301
155	68	4.64601
155	69	5.00573
155	82	5.25486
155	87	5.06517
155	88	5.23897
155	104	5.34672
155	105	5.49308
155	126	5.94422
155	129	5.88909
155	130	5.97476
155	131	5.96591
155	139	5.88997
155	145	5.87111
155	151	5.88862
155	152	5.89689
155	156	6.41733
155	158	6.07162
155	159	6.35281
155	164	6.51123
155	181	6.47854
155	188	6.95436
155	196	6.77581
156	7	4.18284
156	12	4.71926
156	15	4.25655
156	16	4.36008
156	22	4.35023
156	25	4.5347
156	47	4.37521
156	54	4.49387
156	86	4.98531
156	89	4.68106
156	102	4.80563
156	110	5.22184
156	114	5.62969
156	116	5.41617
156	130	6.19696
156	143	5.88684
156	147	5.57656
156	151	6.11083
156	155	6.41733
156	157	5.56233
156	161	5.97627
156	164	6.73344
156	166	6.41606
156	172	6.48363
156	173	5.86104
156	174	5.94727
156	175	6.72273
156	181	6.19032
156	188	7.17657
156	196	6.99801
156	197	6.30324
157	3	4.40864
157	12	3.96659
157	23	4.9617
157	26	4.66966
157	41	4.6454
157	46	4.75832
157	53	4.97976
157	65	5.03626
157	66	5.06802
157	69	5.05796
157	83	4.77482
157	94	4.97784
157	99	4.91138
157	103	5.43106
157	104	5.05382
157	121	5.5893
157	123	5.93771
157	125	6.02173
157	137	5.72434
157	139	5.59707
157	152	5.52271
157	154	6.08806
157	156	5.56233
157	164	5.72107
157	173	6.95574
157	180	7.00824
157	192	7.03618
157	194	6.34511
157	196	6.84892
157	198	6.52195
157	200	7.41459
158	8	4.15338
158	12	4.18767
158	18	4.11416
158	36	4.76724
158	37	4.34782
158	38	4.88047
158	48	4.52945
158	52	4.75095
158	53	4.991
158	59	5.30347
158	73	5.07622
158	78	5.31167
158	87	5.12919
158	101	4.80389
158	108	5.71593
158	117	5.77381
158	134	6.14621
158	141	6.13417
158	152	5.74379
158	154	5.71734
158	155	6.07162
158	160	6.36638
158	161	6.46056
158	164	5.94215
158	174	6.16367
158	178	6.67564
158	179	6.96629
158	185	6.53488
158	191	6.57518
158	194	6.5662
158	199	6.68215
159	26	5.17194
159	32	4.33601
159	45	4.26593
159	51	4.8319
159	58	4.94454
159	61	4.50144
159	67	5.39659
159	75	4.67355
159	77	5.40765
159	79	5.098
159	80	5.13417
159	81	5.0109
159	91	5.37646
159	96	5.54569
159	102	5.30321
159	105	5.70245
159	108	5.42525
159	113	5.51163
159	116	5.91375
159	124	5.57031
159	129	5.35273
159	135	6.27407
159	140	5.85685
159	151	6.23187
159	155	6.35281
159	162	5.97721
159	169	6.21206
159	171	6.24403
159	181	6.8083
159	189	6.83775
159	195	7.32235
160	2	4.08108
160	14	4.94058
160	15	4.83952
160	27	4.75302
160	31	4.33399
160	33	4.50057
160	50	5.28693
160	58	5.02993
160	59	5.12245
160	67	4.92608
160	75	4.78669
160	76	4.98221
160	80	5.08246
160	82	5.02861
160	92	4.98274
160	101	5.51605
160	106	5.25898
160	109	5.54254
160	112	5.97941
160	140	6.34922
160	142	5.78901
160	145	6.25209
160	146	6.42979
160	158	6.36638
160	163	6.00307
160	164	6.30873
160	174	6.67557
160	184	6.71164
160	186	6.73062
160	197	6.88621
160	198	7.10961
161	4	5.1544
161	8	4.25553
161	18	4.21632
161	24	4.92602
161	29	4.98207
161	36	4.8694
161	37	4.44997
161	40	5.39279
161	47	4.88483
161	48	4.6316
161	49	4.76041
161	52	4.85311
161	59	5.40563
161	73	5.26908
161	83	5.18876
161	87	5.23135
161	92	5.40314
161	108	5.81809
161	117	5.87596
161	140	6.1755
161	141	6.23632
161	142	5.61529
161	144	5.94808
161	156	5.97627
161	158	6.46056
161	164	6.13501
161	178	6.7778
161	179	7.06845
161	184	6.53792
161	192	7.23147
161	193	6.85883
162	5	4.65902
162	8	5.16234
162	16	4.99167
162	17	3.9018
162	22	5.16518
162	41	5.25317
162	44	5.07187
162	45	4.31876
162	46	4.6813
162	48	5.32128
162	61	4.55426
162	71	5.05985
162	75	4.72638
162	81	5.06372
162	91	5.42928
162	96	5.59852
162	107	5.91669
162	115	5.89957
162	123	5.81835
162	124	5.62314
162	129	5.40555
162	140	5.90967
162	159	5.97721
162	170	6.433
162	171	6.29686
162	175	6.50251
162	178	6.53012
162	181	6.86112
162	184	6.68969
162	186	6.87774
162	189	6.89058
163	10	5.38718
163	14	4.7929
163	21	4.78786
163	23	5.00423
163	31	4.18631
163	33	4.35289
163	41	5.50992
163	45	5.23791
163	68	5.67008
163	70	5.26824
163	72	4.89849
163	80	4.93479
163	82	4.88094
163	83	5.59727
163	88	5.06378
163	92	4.83507
163	101	5.36837
163	106	5.1113
163	109	5.39486
163	111	5.86582
163	120	5.96462
163	126	5.92606
163	132	6.65667
163	145	6.10441
163	146	6.28211
163	154	6.31872
163	160	6.00307
163	174	6.52789
163	178	6.78686
163	186	6.58294
163	199	7.28352
164	7	4.27674
164	16	4.45398
164	19	4.62172
164	21	4.12883
164	22	4.44413
164	29	4.74899
164	30	4.57256
164	47	4.46911
164	57	4.50644
164	67	5.05775
164	93	5.0113
164	98	5.375
164	101	4.74623
164	114	5.72359
164	131	6.28201
164	134	5.30856
164	140	5.92498
164	143	5.98074
164	151	6.20473
164	152	6.21299
164	155	6.51123
164	156	6.73344
164	157	5.72107
164	158	5.94215
164	160	6.30873
164	161	6.13501
164	166	6.50996
164	175	6.81663
164	176	6.26334
164	177	6.50202
164	196	7.09191
165	11	4.39419
165	26	4.80667
165	38	4.66774
165	55	4.46565
165	65	5.04188
165	66	5.05289
165	70	5.52472
165	73	5.03609
165	74	5.16928
165	76	4.4029
165	83	4.78317
165	85	5.0167
165	86	5.48435
165	89	5.73289
165	90	6.0966
165	96	4.82118
165	99	4.91973
165	108	4.93133
165	113	5.59441
165	116	6.157
165	138	6.3901
165	144	5.54249
165	147	5.58022
165	148	5.65424
165	149	6.5632
165	171	6.22349
165	183	7.16634
165	192	6.82587
165	193	7.24811
165	195	6.82843
165	199	6.46942
166	12	4.49578
166	16	4.1366
166	22	4.12676
166	30	4.25519
166	47	4.15174
166	54	4.58811
166	63	4.89704
166	68	4.64475
166	69	4.81176
166	77	5.00639
166	108	5.02192
166	114	5.40622
166	121	5.77117
166	122	5.53016
166	131	5.96464
166	132	5.93315
166	143	5.66337
166	145	5.67715
166	149	5.96267
166	151	5.88735
166	152	5.89562
166	156	6.41606
166	164	6.50996
166	169	5.80873
166	179	5.98752
166	182	6.37831
166	187	6.42961
166	188	6.95309
166	191	6.45303
166	196	6.77454
166	200	7.04844
167	4	5.49263
167	5	3.79722
167	8	4.59376
167	18	4.55454
167	29	5.32029
167	37	4.7882
167	48	4.96983
167	52	5.19133
167	55	4.42697
167	66	5.03769
167	71	4.46381
167	78	5.75205
167	79	4.8792
167	81	4.81119
167	87	5.56958
167	99	4.88105
167	106	4.94358
167	108	6.15631
167	114	5.13435
167	117	6.21419
167	127	6.06577
167	130	5.18703
167	134	6.5866
167	141	6.57455
167	178	7.11602
167	179	7.40667
167	182	6.24904
167	187	6.30035
167	192	6.78719
167	193	6.41456
167	200	6.91918
168	11	5.11388
168	24	4.83172
168	25	4.8521
168	27	4.79648
168	38	4.74681
168	43	4.93595
168	54	5.1941
168	70	4.5461
168	72	4.17635
168	76	5.3567
168	77	5.0057
168	94	5.91554
168	95	5.4978
168	104	5.72925
168	111	5.06543
168	112	5.77649
168	114	5.265
168	122	5.53155
168	128	5.6896
168	144	6.53312
168	147	6.20416
168	153	6.42232
168	154	5.59658
168	172	6.63529
168	174	6.0429
168	176	6.20023
168	177	6.43892
168	182	7.06941
168	185	6.41411
168	188	6.24168
168	198	6.62227
168	199	6.56139
169	9	5.11441
169	41	4.19448
169	50	4.85142
169	53	4.52884
169	57	4.49517
169	69	4.60704
169	73	5.00729
169	84	4.95978
169	92	5.14135
169	103	4.98015
169	106	5.12606
169	110	5.59856
169	115	5.48601
169	121	5.13839
169	123	5.48679
169	125	5.57081
169	131	5.29945
169	132	5.98637
169	137	5.87649
169	145	5.73036
169	147	5.72402
169	159	6.21206
169	166	5.80873
169	173	6.50483
169	180	6.55733
169	183	6.70664
169	184	6.81993
169	185	6.46595
169	190	6.59382
169	195	6.63661
169	197	6.84157
169	200	6.96367
170	3	4.99367
170	6	4.00322
170	32	4.61383
170	34	4.73144
170	40	4.6854
170	47	4.78053
170	50	4.44112
170	57	4.65267
170	64	5.0465
170	68	5.15727
170	71	4.80379
170	74	5.13576
170	89	4.98602
170	99	5.54542
170	108	5.23263
170	122	5.81572
170	131	5.45694
170	132	5.64071
170	139	5.90672
170	150	5.99689
170	154	5.80591
170	162	6.433
170	174	6.25223
170	177	6.80011
170	178	6.27406
170	179	6.19823
170	185	7.05683
170	186	6.62168
170	187	7.42798
170	191	7.35768
170	197	6.6082
170	198	7.53882
170	199	7.53923
171	5	4.92584
171	7	5.17786
171	17	4.16862
171	32	4.65565
171	35	5.05848
171	41	5.34496
171	44	5.33869
171	45	4.58558
171	51	5.15155
171	55	5.1148
171	58	5.09977
171	61	4.82108
171	81	5.33054
171	82	5.61946
171	85	5.84793
171	91	5.6961
171	93	5.50537
171	96	5.86534
171	109	6.29013
171	113	5.66685
171	119	5.95588
171	124	5.88995
171	127	6.7536
171	129	5.67237
171	154	6.15376
171	159	6.24403
171	162	6.29686
171	165	6.22349
171	173	6.51385
171	181	7.12794
171	188	6.79886
171	189	7.15739
171	196	7.50642
172	7	5.44166
172	8	5.51793
172	24	4.75733
172	25	4.77771
172	27	4.72209
172	37	5.3559
172	38	4.67242
172	43	4.86156
172	54	5.11971
172	55	5.0272
172	59	5.45608
172	63	5.7194
172	75	5.12033
172	76	5.2823
172	90	5.51151
172	91	5.59856
172	95	5.42341
172	104	5.65486
172	111	5.88641
172	112	5.7021
172	119	6.21968
172	130	6.13866
172	134	6.06643
172	142	6.21128
172	144	6.45873
172	146	6.12684
172	147	6.12977
172	153	6.34793
172	156	6.48363
172	168	6.63529
172	174	6.86388
172	182	6.99502
172	191	7.27539
173	3	4.46795
173	14	4.13543
173	35	4.69969
173	39	4.89837
173	41	4.70471
173	53	5.03907
173	63	5.40311
173	69	5.11727
173	76	4.69326
173	90	4.88893
173	92	5.2879
173	103	5.49038
173	115	5.63257
173	117	5.46894
173	120	5.44088
173	121	5.64862
173	125	6.08104
173	126	5.40231
173	129	5.8949
173	140	6.06027
173	146	5.50425
173	150	6.05397
173	154	6.14738
173	156	5.86104
173	157	6.95574
173	169	6.50483
173	171	6.51385
173	176	6.75769
173	177	6.63731
173	180	7.06756
173	185	6.6125
173	195	7.14685
173	197	7.3518
174	2	4.6059
174	31	4.85881
174	33	5.02538
174	42	5.10851
174	47	4.85583
174	60	5.37451
174	67	5.45089
174	68	5.23257
174	80	5.60728
174	82	5.55343
174	88	5.73628
174	91	5.06221
174	92	5.50756
174	99	5.29633
174	101	6.04086
174	106	5.7838
174	109	6.06735
174	111	6.53831
174	113	5.3943
174	123	5.63759
174	127	6.48104
174	130	5.60231
174	136	5.62932
174	145	6.7769
174	156	5.94727
174	158	6.16367
174	160	6.67557
174	163	6.52789
174	168	6.0429
174	170	6.25223
174	172	6.86388
174	178	6.34935
174	183	6.93943
174	186	7.25544
175	7	4.26604
175	12	4.80245
175	13	4.20206
175	30	4.56186
175	42	4.98761
175	44	4.65879
175	47	4.45841
175	68	4.95142
175	77	5.31306
175	86	5.35978
175	94	5.35701
175	97	5.81537
175	114	5.71289
175	118	5.67497
175	122	5.81039
175	123	5.63181
175	126	6.24962
175	129	5.97536
175	130	6.28016
175	131	6.27131
175	141	6.15393
175	143	5.97004
175	151	6.19402
175	152	6.20229
175	153	6.07658
175	156	6.72273
175	162	6.50251
175	164	6.81663
175	176	6.47907
175	181	6.5648
175	188	7.25976
175	195	7.19925
175	196	7.08121
175	197	6.67771
176	1	4.57089
176	16	4.96823
176	25	5.07228
176	41	4.44734
176	46	4.56026
176	57	4.88529
176	63	5.14573
176	64	5.21646
176	72	5.1922
176	84	5.21264
176	92	5.53147
176	93	5.11386
176	101	5.12508
176	107	5.73264
176	109	6.1749
176	110	5.85142
176	123	5.73965
176	125	5.82367
176	135	5.7896
176	136	5.78664
176	141	6.31704
176	151	6.27187
176	154	5.89
176	164	6.26334
176	168	6.20023
176	173	6.75769
176	175	6.47907
176	180	6.81019
176	181	6.72791
176	184	7.07279
176	185	6.85606
176	188	6.68363
176	195	6.88947
176	197	7.09443
177	1	4.04672
177	5	4.60851
177	6	3.83261
177	29	5.36652
177	55	5.23826
177	60	5.77052
177	64	4.87589
177	74	4.96515
177	75	4.97999
177	79	5.69048
177	83	5.26029
177	84	5.64271
177	95	5.61334
177	96	5.59378
177	98	5.22375
177	99	5.37481
177	106	5.75487
177	107	6.13194
177	118	5.71328
177	122	5.64511
177	132	5.4701
177	142	5.98231
177	148	6.42685
177	150	5.82627
177	164	6.50202
177	168	6.43892
177	170	6.80011
177	173	6.63731
177	178	6.74537
177	185	6.88622
177	187	7.25737
177	191	7.18707
177	198	7.36821
177	199	7.36862
178	4	5.36948
178	8	4.47061
178	18	4.43139
178	24	4.91885
178	27	4.57213
178	36	5.08448
178	37	4.66505
178	48	4.84668
178	52	5.06818
178	59	5.62071
178	78	5.6289
178	87	5.44643
178	100	5.64361
178	108	6.03317
178	110	5.62392
178	117	6.09104
178	121	6.079
178	122	5.83799
178	130	5.62413
178	134	6.46345
178	136	5.65114
178	141	6.4514
178	149	6.2705
178	158	6.67564
178	161	6.7778
178	162	6.53012
178	163	6.78686
178	167	7.11602
178	170	6.27406
178	174	6.34935
178	177	6.74537
178	179	7.28352
178	188	6.54813
178	193	6.85166
178	195	7.22685
179	2	4.68162
179	18	4.72204
179	29	5.48779
179	36	5.37513
179	37	4.9557
179	46	4.44654
179	48	5.13733
179	52	5.35883
179	59	5.91136
179	78	5.91955
179	80	4.96284
179	81	5.17246
179	84	5.1927
179	87	5.73708
179	99	5.24233
179	108	6.32382
179	113	5.3403
179	116	5.74243
179	117	6.38169
179	129	5.92714
179	134	6.7541
179	136	5.57532
179	141	6.74205
179	143	6.15876
179	146	5.53649
179	158	6.96629
179	161	7.06845
179	166	5.98752
179	167	7.40667
179	170	6.19823
179	178	7.28352
179	189	6.76375
179	193	6.77584
179	194	6.67606
179	195	7.15103
180	1	4.50246
180	2	4.82451
180	21	4.90247
180	23	5.07351
180	35	4.87482
180	39	4.95087
180	41	4.75721
180	42	5.08229
180	56	5.38749
180	62	4.78605
180	69	5.16977
180	84	5.52251
180	88	5.41991
180	97	5.91005
180	103	5.54288
180	104	5.52766
180	110	6.16129
180	112	5.86559
180	117	5.64407
180	123	6.04952
180	128	6.06312
180	146	5.67938
180	154	6.19988
180	157	7.00824
180	169	6.55733
180	173	7.06756
180	176	6.81019
180	185	6.78763
180	188	6.6152
180	190	6.91551
180	191	6.82794
180	192	7.14799
180	194	6.81895
180	195	7.19934
180	197	7.4043
181	3	5.31201
181	5	5.4901
181	14	4.46471
181	17	4.73288
181	21	4.5934
181	26	5.29766
181	27	4.79335
181	28	5.2216
181	32	5.21991
181	44	5.90295
181	45	5.14984
181	50	5.32727
181	61	5.38534
181	75	5.55746
181	79	5.98191
181	81	5.89481
181	87	5.40026
181	90	5.21821
181	91	6.26036
181	98	5.83957
181	124	6.45422
181	128	6.21727
181	129	6.23663
181	140	6.74075
181	142	5.82934
181	155	6.47854
181	156	6.19032
181	159	6.8083
181	162	6.86112
181	171	7.12794
181	175	6.5648
181	176	6.72791
181	182	6.90737
181	189	7.72166
181	198	7.14995
182	13	4.54463
182	19	5.18003
182	20	5.02127
182	24	5.19146
182	25	5.21184
182	27	5.15622
182	38	5.10654
182	43	5.29568
182	52	5.69936
182	54	5.55384
182	55	5.46132
182	63	5.51984
182	76	5.71643
182	79	5.63126
182	89	5.3981
182	94	6.27528
182	95	5.85753
182	104	6.08898
182	105	5.92191
182	112	6.13623
182	115	6.05559
182	123	5.97438
182	132	6.55595
182	134	5.86687
182	142	6.64541
182	144	6.89286
182	147	6.56389
182	153	6.78206
182	166	6.37831
182	167	6.24904
182	168	7.06941
182	172	6.99502
182	181	6.90737
182	188	6.8631
182	189	7.15454
182	191	7.07583
183	9	5.37919
183	11	4.70303
183	14	4.83356
183	23	5.17862
183	26	5.11551
183	34	5.44018
183	43	5.48079
183	46	5.11244
183	58	5.37946
183	59	5.53163
183	65	5.35073
183	66	5.36173
183	70	5.83356
183	73	5.34493
183	74	6.15778
183	86	5.7932
183	89	6.04173
183	90	6.40545
183	98	6.20842
183	100	6.13599
183	107	6.34782
183	113	5.90325
183	115	6.53682
183	122	6.42807
183	123	6.24949
183	127	6.23415
183	128	6.2598
183	139	6.59392
183	142	6.19819
183	149	6.87204
183	152	6.51956
183	153	6.69426
183	165	7.16634
183	169	6.70664
183	174	6.93943
183	193	7.55695
184	3	4.78306
184	12	4.53293
184	15	4.8182
184	28	5.57613
184	31	4.85719
184	46	5.13274
184	47	5.03722
184	60	5.78088
184	63	5.71821
184	70	5.01212
184	72	5.76467
184	87	5.33861
184	93	5.68633
184	97	6.00255
184	103	5.80548
184	107	6.30511
184	110	6.4239
184	113	5.5757
184	121	5.96372
184	135	6.36208
184	142	5.76769
184	143	6.39415
184	146	5.77188
184	148	6.21223
184	150	6.3216
184	154	6.46248
184	160	6.71164
184	161	6.53792
184	162	6.68969
184	169	6.81993
184	176	7.07279
184	192	7.4106
184	193	7.01123
184	194	6.91145
184	197	7.6669
184	199	7.02741
184	200	7.789
185	1	4.30345
185	6	4.08934
185	40	4.77151
185	50	4.52723
185	55	5.21345
185	64	5.13262
185	72	4.83219
185	74	5.22187
185	80	5.38805
185	81	5.59767
185	83	5.51701
185	98	5.48048
185	99	5.63154
185	104	5.80997
185	118	5.97001
185	122	5.90183
185	124	6.42573
185	131	5.90345
185	132	5.72682
185	136	6.00053
185	141	6.53092
185	150	6.083
185	151	6.48576
185	158	6.53488
185	168	6.41411
185	169	6.46595
185	170	7.05683
185	173	6.6125
185	176	6.85606
185	177	6.88622
185	180	6.78763
185	187	7.51409
185	191	7.44379
185	192	7.57368
185	194	7.10127
185	198	7.62494
185	199	7.62535
186	2	4.66095
186	14	5.52044
186	31	4.91386
186	33	5.08043
186	34	5.19773
186	42	5.16356
186	48	5.50997
186	54	5.24357
186	56	5.66804
186	67	5.50595
186	77	5.65978
186	80	5.66233
186	82	5.60848
186	88	5.79133
186	92	5.56261
186	93	5.60227
186	101	6.09591
186	106	5.83885
186	109	6.1224
186	111	6.59336
186	119	6.05278
186	120	5.89656
186	134	5.89953
186	145	6.83195
186	146	7.00966
186	152	6.2771
186	153	6.45181
186	160	6.73062
186	162	6.87774
186	163	6.58294
186	170	6.62168
186	174	7.25544
186	187	7.08507
186	188	6.89576
186	194	7.09951
186	198	7.27634
186	199	7.21546
187	1	4.67459
187	6	4.46048
187	20	5.07257
187	23	4.95481
187	34	5.1887
187	40	5.14266
187	50	4.89838
187	64	5.50376
187	66	5.84106
187	69	5.48586
187	72	4.84907
187	76	5.16759
187	78	5.90571
187	83	5.88816
187	93	5.62091
187	94	5.75088
187	98	5.85163
187	99	6.00268
187	118	6.34116
187	119	6.07142
187	130	5.9904
187	132	6.09797
187	134	5.91817
187	138	6.21672
187	144	6.30717
187	147	6.34491
187	150	6.45415
187	166	6.42961
187	167	6.30035
187	170	7.42798
187	177	7.25737
187	185	7.51409
187	186	7.08507
187	191	7.81494
187	193	7.21793
187	198	7.99609
187	199	7.9965
188	5	4.41127
188	7	4.71987
188	14	4.42044
188	16	4.89711
188	22	4.88726
188	25	5.11374
188	47	4.91224
188	57	4.92674
188	68	5.40525
188	73	5.43886
188	77	5.7669
188	89	5.26009
188	99	5.49511
188	107	5.9347
188	114	6.16673
188	121	6.25595
188	125	5.96426
188	126	6.70345
188	130	6.734
188	131	6.72514
188	135	6.35552
188	137	6.30806
188	143	6.42387
188	151	6.64786
188	152	6.65612
188	155	6.95436
188	156	7.17657
188	166	6.95309
188	168	6.24168
188	171	6.79886
188	175	7.25976
188	176	6.68363
188	178	6.54813
188	180	6.6152
188	182	6.8631
188	186	6.89576
188	196	7.53505
189	11	5.88873
189	17	4.76234
189	19	5.33346
189	29	5.46073
189	30	5.45991
189	32	5.24937
189	38	5.53456
189	44	5.93241
189	45	5.17929
189	51	5.74526
189	54	5.36434
189	61	5.4148
189	68	5.72279
189	75	5.58691
189	79	6.01136
189	80	5.50707
189	81	5.92426
189	85	6.44165
189	86	5.85579
189	91	6.28982
189	96	6.45906
189	99	5.78655
189	102	5.67611
189	103	6.19659
189	110	6.09232
189	124	6.48367
189	129	6.26609
189	140	6.77021
189	151	6.60477
189	159	6.83775
189	162	6.89058
189	171	7.15739
189	179	6.76375
189	181	7.72166
189	182	7.15454
189	192	7.69269
189	195	7.69525
189	199	7.33624
190	5	4.71158
190	6	5.51323
190	10	5.06451
190	15	5.40406
190	19	5.26172
190	35	5.47401
190	49	5.71596
190	50	5.5833
190	51	5.70818
190	53	5.65394
190	56	5.62981
190	57	5.84524
190	62	6.10423
190	71	6.32939
190	72	4.96006
190	80	5.51592
190	91	5.56129
190	92	5.87322
190	97	5.77928
190	102	6.40173
190	105	6.13744
190	118	6.17983
190	119	6.44932
190	120	6.02619
190	133	6.37383
190	136	6.64015
190	137	6.78808
190	138	6.32771
190	139	6.71645
190	143	6.71184
190	148	7.01893
190	151	6.61363
190	169	6.59382
190	180	6.91551
190	191	7.23812
190	192	7.70155
190	194	7.9871
190	196	7.73294
191	1	4.60429
191	6	4.39018
191	21	4.76186
191	34	5.1184
191	40	5.07236
191	45	5.21191
191	50	4.82808
191	63	5.59456
191	64	5.43346
191	67	5.69078
191	71	5.2906
191	74	5.52272
191	77	5.70184
191	83	5.81786
191	98	5.78132
191	100	6.0333
191	101	5.37926
191	118	6.27086
191	122	6.20268
191	128	6.38574
191	130	6.01382
191	132	6.02767
191	142	5.9978
191	145	6.37467
191	150	6.38385
191	158	6.57518
191	166	6.45303
191	170	7.35768
191	172	7.27539
191	177	7.18707
191	180	6.82794
191	182	7.07583
191	185	7.44379
191	187	7.81494
191	190	7.23812
191	193	7.24135
191	198	7.92578
191	199	7.92619
192	3	4.54839
192	5	5.08743
192	9	5.70507
192	21	4.9304
192	31	5.55073
192	39	4.9788
192	46	4.89807
192	53	5.11951
192	60	5.54621
192	64	5.93407
192	69	5.19771
192	70	5.70566
192	71	5.75402
192	72	5.53
192	74	6.42082
192	85	6.26823
192	86	6.2405
192	93	5.45167
192	106	6.2338
192	107	6.07044
192	113	6.26924
192	121	5.72905
192	123	6.07746
192	125	6.16148
192	135	6.12741
192	147	6.83175
192	150	7.01514
192	154	6.22781
192	157	7.03618
192	161	7.23147
192	165	6.82587
192	167	6.78719
192	180	7.14799
192	184	7.4106
192	185	7.57368
192	189	7.69269
192	190	7.70155
192	195	7.22728
193	1	4.91587
193	10	5.45198
193	13	5.55534
193	26	5.19728
193	58	5.46123
193	60	5.87681
193	65	5.43249
193	66	5.4435
193	70	5.91533
193	73	5.4267
193	75	5.08629
193	76	5.28181
193	86	5.87496
193	87	5.65952
193	89	6.1235
193	95	5.71964
193	97	6.32346
193	100	6.21775
193	103	6.20867
193	113	5.98502
193	114	6.05193
193	115	6.61859
193	119	6.18563
193	120	6.67512
193	126	5.99086
193	127	6.31592
193	128	6.34156
193	138	6.78071
193	149	6.95381
193	161	6.85883
193	165	7.24811
193	167	6.41456
193	178	6.85166
193	179	6.77584
193	183	7.55695
193	184	7.01123
193	187	7.21793
193	191	7.24135
194	2	5.13815
194	15	5.63767
194	18	5.66096
194	19	5.49534
194	20	5.74923
194	28	5.38108
194	32	5.09166
194	33	5.04414
194	35	5.70763
194	49	5.94958
194	51	5.61163
194	56	5.86342
194	57	6.07886
194	62	6.33785
194	71	6.56301
194	75	4.98651
194	88	5.73354
194	91	5.46474
194	97	6.0129
194	102	6.63534
194	105	6.37106
194	113	5.79683
194	114	5.95215
194	119	6.68294
194	133	6.60745
194	136	6.87377
194	137	7.0217
194	139	6.95007
194	148	7.25255
194	157	6.34511
194	158	6.5662
194	179	6.67606
194	180	6.81895
194	184	6.91145
194	185	7.10127
194	186	7.09951
194	190	7.9871
194	197	7.08602
194	198	7.30942
195	1	5.29106
195	3	4.59974
195	4	5.49743
195	23	5.1528
195	31	5.55329
195	33	5.51911
195	34	5.70578
195	41	4.8365
195	44	5.54207
195	46	4.94942
195	47	5.73333
195	53	5.17086
195	57	5.60546
195	63	5.53489
195	69	5.24906
195	84	5.6018
195	107	6.12179
195	112	6.65419
195	118	6.55825
195	121	5.7804
195	123	6.12881
195	135	6.17876
195	136	6.50682
195	142	6.46379
195	154	6.27916
195	159	7.32235
195	165	6.82843
195	169	6.63661
195	173	7.14685
195	175	7.19925
195	176	6.88947
195	178	7.22685
195	179	7.15103
195	180	7.19934
195	189	7.69525
195	192	7.22728
195	197	7.48359
195	199	7.72351
195	200	7.60569
196	1	5.31989
196	7	4.54132
196	12	5.07773
196	21	5.25668
196	22	4.70871
196	30	4.83714
196	38	5.95067
196	40	6.27013
196	47	4.73369
196	62	5.60349
196	68	5.2267
196	77	5.58834
196	78	6.42396
196	79	6.2008
196	81	6.1328
196	89	5.96765
196	92	6.28047
196	95	6.12366
196	101	5.87408
196	102	6.09222
196	114	5.98817
196	126	6.5249
196	130	6.55544
196	131	6.54659
196	143	6.24532
196	151	6.46931
196	152	6.47757
196	154	6.78754
196	155	6.77581
196	156	6.99801
196	157	6.84892
196	164	7.09191
196	166	6.77454
196	171	7.50642
196	175	7.08121
196	188	7.53505
196	190	7.73294
196	197	7.58983
196	198	7.81323
197	9	5.96138
197	21	5.18671
197	25	5.27092
197	28	5.59777
197	41	5.04145
197	46	5.15438
197	49	5.08738
197	52	5.71854
197	61	5.27377
197	62	5.05312
197	66	5.80893
197	72	5.78631
197	94	5.71875
197	95	5.57329
197	103	5.82712
197	106	5.71482
197	110	6.44553
197	113	5.75026
197	118	6.03671
197	121	5.98536
197	122	6.17213
197	123	6.33377
197	125	6.41778
197	135	6.38371
197	138	6.18459
197	156	6.30324
197	160	6.88621
197	169	6.84157
197	170	6.6082
197	173	7.3518
197	175	6.67771
197	176	7.09443
197	180	7.4043
197	184	7.6669
197	194	7.08602
197	195	7.48359
197	196	7.58983
197	198	7.26286
197	200	7.81064
198	1	4.78544
198	6	4.57133
198	16	5.39027
198	34	5.29954
198	40	5.2535
198	46	5.07991
198	50	5.00922
198	61	5.49717
198	62	5.27652
198	64	5.61461
198	69	5.67714
198	74	5.70386
198	83	5.999
198	90	5.55453
198	93	5.81218
198	96	5.77714
198	98	5.96247
198	99	6.11353
198	111	5.92942
198	118	6.452
198	122	6.38383
198	132	6.20881
198	138	6.408
198	147	6.53618
198	150	6.56499
198	152	6.48702
198	157	6.52195
198	160	7.10961
198	168	6.62227
198	170	7.53882
198	177	7.36821
198	181	7.14995
198	185	7.62494
198	186	7.27634
198	187	7.99609
198	191	7.92578
198	194	7.30942
198	196	7.81323
198	197	7.26286
198	199	8.10734
199	1	4.78585
199	6	4.57174
199	13	4.72632
199	32	5.20761
199	34	5.29995
199	37	5.33803
199	40	5.25391
199	42	5.51188
199	45	5.31888
199	50	5.00963
199	59	5.43821
199	64	5.61502
199	74	5.70427
199	83	5.99942
199	85	5.91178
199	98	5.96288
199	99	6.11394
199	118	6.45241
199	122	6.38424
199	125	6.28397
199	132	6.20922
199	143	6.73124
199	145	6.48164
199	147	6.4753
199	149	6.76716
199	150	6.5654
199	158	6.68215
199	163	7.28352
199	165	6.46942
199	168	6.56139
199	170	7.53923
199	177	7.36862
199	184	7.02741
199	185	7.62535
199	186	7.21546
199	187	7.9965
199	189	7.33624
199	191	7.92619
199	195	7.72351
199	198	8.10734
200	20	5.69141
200	21	5.30881
200	23	5.47985
200	27	5.55723
200	28	5.71987
200	39	5.35721
200	42	6.00032
200	46	5.27648
200	49	5.73834
200	53	5.49791
200	58	5.83414
200	60	5.92462
200	65	6.42813
200	70	5.83765
200	72	5.90841
200	73	6.247
200	75	5.5909
200	84	5.92886
200	93	5.83007
200	100	6.62871
200	101	5.97467
200	102	6.1928
200	105	6.59204
200	110	6.56764
200	117	6.5621
200	123	6.45587
200	125	6.53988
200	135	6.50582
200	139	6.98894
200	146	6.59741
200	150	7.14713
200	152	6.91458
200	154	6.60622
200	157	7.41459
200	166	7.04844
200	167	6.91918
200	169	6.96367
200	184	7.789
200	195	7.60569
200	197	7.81064
