1	26	4.0178
1	30	2.71584
1	39	2.84088
1	47	3.76038
1	80	3.22834
1	131	3.71352
1	140	3.39221
1	149	4.08615
1	151	4.8548
1	152	3.87586
1	163	4.48889
1	172	5.17313
1	181	4.66411
1	183	4.76907
1	187	4.71357
1	193	4.92652
1	197	4.8801
2	17	3.36292
2	50	2.86521
2	84	2.99002
2	94	3.16793
2	127	3.70006
2	128	3.99074
2	142	4.2642
2	144	3.78741
2	152	4.13398
2	155	4.47576
2	159	4.54642
2	173	4.33555
2	183	4.63509
2	184	4.83062
2	185	5.01386
2	186	4.85945
2	199	5.14357
3	44	2.56271
3	57	3.76596
3	66	2.82958
3	77	2.91651
3	108	3.33505
3	112	4.11545
3	149	4.18414
3	163	4.00727
3	164	4.33697
3	168	4.78362
3	175	4.48937
3	180	4.51624
3	183	4.86705
3	185	4.6877
3	187	4.81156
3	194	4.76631
3	196	5.15477
4	35	3.67974
4	92	2.67617
4	100	3.55713
4	102	3.61044
4	114	3.83205
4	115	4.03498
4	126	3.66843
4	136	3.84603
4	137	3.66105
4	143	4.0103
4	148	4.20385
4	164	4.73031
4	177	4.71542
4	190	4.90676
4	192	5.11474
4	194	4.89658
4	200	5.02053
5	17	3.83232
5	34	3.00385
5	47	3.55754
5	51	3.51984
5	56	3.52477
5	79	3.69412
5	82	3.62642
5	88	3.89997
5	118	4.02715
5	154	4.20463
5	155	4.90203
5	160	4.88944
5	162	4.09999
5	167	4.97946
5	181	4.55371
5	191	5.30377
5	193	4.47799
6	18	4.1911
6	25	3.08618
6	34	2.78108
6	48	3.47008
6	58	3.72676
6	71	4.62464
6	86	4.19424
6	87	3.75933
6	96	3.73611
6	109	3.66037
6	110	4.1816
6	128	4.23738
6	136	4.09672
6	148	4.45455
6	169	5.40759
6	194	5.17308
6	198	5.31537
7	13	3.28693
7	22	3.40977
7	23	4.20424
7	41	3.59441
7	51	3.70199
7	79	3.55109
7	80	3.97102
7	85	3.85821
7	88	3.82383
7	107	4.7788
7	110	3.9024
7	119	4.05366
7	121	4.89021
7	125	4.44972
7	135	4.72026
7	145	4.33538
7	194	5.57799
8	28	3.39542
8	31	2.95433
8	39	3.49233
8	52	3.66225
8	68	3.80124
8	79	3.29288
8	105	2.95049
8	116	4.42832
8	125	4.1915
8	127	3.37453
8	150	4.57755
8	156	4.7472
8	157	4.98297
8	162	4.87804
8	165	5.30545
8	170	4.65504
8	199	5.39741
9	19	2.74049
9	33	3.77314
9	36	3.01863
9	48	3.33208
9	67	3.26478
9	76	3.39608
9	94	4.65529
9	115	4.14767
9	121	4.3473
9	131	4.25182
9	134	4.14433
9	139	4.19312
9	163	4.85564
9	169	4.94871
9	175	4.73309
9	182	5.03603
9	197	5.24685
10	12	2.69888
10	13	2.82283
10	28	3.12979
10	31	4.92871
10	35	2.91942
10	37	3.60388
10	45	3.19523
10	69	4.18466
10	91	3.92048
10	116	4.22243
10	128	4.17819
10	132	5.17054
10	153	4.57712
10	167	4.6975
10	168	5.13119
10	193	5.37208
10	197	5.32566
11	22	4.30017
11	24	3.24141
11	41	3.25358
11	55	3.81391
11	60	3.42387
11	64	3.0723
11	65	3.83551
11	70	3.54196
11	92	3.90128
11	109	3.72445
11	137	4.62427
11	146	4.44921
11	156	4.58807
11	163	4.47825
11	177	5.03019
11	197	5.44893
11	198	5.37946
12	10	2.69888
12	47	3.16538
12	48	3.30069
12	49	3.10825
12	50	2.43428
12	70	3.30848
12	87	3.58994
12	163	4.82425
12	164	4.62017
12	175	4.7017
12	183	5.10443
12	184	4.90786
12	185	5.0911
12	189	4.18754
12	192	5.0046
12	193	5.26188
12	194	4.78644
13	7	3.28693
13	10	2.82283
13	50	2.85371
13	60	3.31434
13	62	3.02658
13	66	3.1909
13	106	3.7136
13	129	4.58453
13	142	3.56292
13	149	4.54546
13	157	4.79083
13	179	4.77783
13	183	5.22838
13	188	5.09115
13	189	4.60697
13	192	5.42404
13	198	5.26993
14	16	3.09356
14	22	3.57322
14	53	3.27624
14	57	3.50999
14	79	3.6427
14	86	4.08608
14	110	4.07344
14	126	3.81096
14	137	3.89732
14	140	3.78881
14	159	3.34033
14	167	4.64853
14	187	5.11017
14	191	4.97284
14	192	4.78206
14	194	5.06492
14	196	5.45337
15	42	2.62444
15	52	3.39713
15	60	3.24136
15	63	3.2661
15	99	3.35297
15	114	3.96431
15	153	4.51788
15	155	3.96609
15	167	4.37752
15	177	4.84768
15	179	4.70484
15	181	5.05044
15	185	5.14206
15	188	4.10678
15	189	4.95387
15	196	4.13398
15	197	4.44679
16	14	3.09356
16	37	3.41843
16	48	3.87879
16	56	3.48833
16	57	4.63573
16	71	3.56338
16	74	3.66345
16	75	3.65779
16	106	3.94537
16	108	3.92814
16	121	3.91028
16	135	4.50168
16	140	4.0833
16	146	4.57146
16	155	4.86559
16	168	5.37672
16	193	5.55231
17	2	3.36292
17	5	3.83232
17	23	3.49545
17	28	3.93081
17	40	3.76481
17	61	3.91987
17	65	4.06082
17	66	3.91844
17	68	3.59835
17	70	4.15996
17	80	3.94843
17	91	4.66176
17	106	4.44113
17	118	4.48647
17	122	4.614
17	136	4.77881
17	171	5.10153
18	6	4.1911
18	21	2.808
18	25	3.64357
18	33	4.78941
18	46	3.14722
18	54	3.61819
18	55	3.47842
18	73	3.17326
18	94	5.67156
18	103	3.81404
18	126	4.59764
18	132	3.5539
18	165	4.43159
18	173	4.60237
18	188	5.15678
18	190	5.17764
18	193	5.45146
18	195	5.04053
19	9	2.74049
19	36	4.01006
19	37	3.18312
19	58	3.20623
19	77	4.60933
19	85	3.40433
19	93	3.8821
19	107	4.64959
19	108	3.69284
19	113	4.02885
19	134	4.23335
19	154	4.21884
19	164	4.69476
19	167	4.70771
19	182	5.12505
19	187	5.7587
19	189	5.02332
19	199	5.20173
20	26	3.52502
20	32	3.44229
20	50	3.69893
20	54	4.18509
20	61	2.95846
20	73	3.74016
20	78	3.57271
20	88	3.16859
20	104	4.60229
20	112	4.48945
20	120	4.10223
20	132	4.1208
20	143	4.00758
20	157	5.42336
20	160	5.25376
20	165	4.99849
20	187	5.23266
20	199	5.8378
21	18	2.808
21	30	3.08094
21	53	3.24474
21	98	3.98815
21	108	4.7199
21	113	3.93817
21	114	4.20143
21	117	4.84697
21	123	4.23325
21	133	3.9608
21	139	4.19146
21	144	4.09654
21	145	4.25514
21	151	4.17087
21	152	5.15442
21	168	5.05073
21	183	5.13416
21	193	5.29162
22	7	3.40977
22	11	4.30017
22	14	3.57322
22	27	3.40595
22	70	3.55526
22	78	4.7909
22	80	3.6435
22	89	3.64522
22	95	3.31421
22	123	4.71906
22	124	4.07553
22	137	5.50273
22	144	4.31359
22	145	4.47219
22	149	4.6683
22	156	4.60138
22	177	5.0435
22	187	5.29572
23	7	4.20424
23	17	3.49545
23	33	3.11338
23	47	3.22067
23	54	3.4839
23	63	3.27043
23	82	4.61972
23	93	4.40317
23	102	4.63969
23	125	3.9307
23	148	5.0277
23	155	4.56516
23	161	4.49683
23	164	4.62963
23	170	4.34688
23	172	4.59844
23	183	5.15972
23	185	5.14639
24	11	3.24141
24	28	2.67384
24	64	3.83365
24	70	3.74747
24	73	3.40293
24	87	4.00919
24	102	4.11099
24	109	4.00685
24	122	4.01905
24	125	4.15762
24	141	4.10686
24	142	4.76069
24	146	4.47462
24	162	4.98121
24	175	5.12095
24	177	5.21597
24	179	5.07313
24	181	5.41873
25	6	3.08618
25	18	3.64357
25	40	3.69204
25	41	3.50639
25	43	3.71511
25	51	3.70855
25	71	4.07711
25	74	3.79402
25	86	4.51114
25	101	3.55531
25	117	4.39952
25	125	4.36171
25	142	4.82773
25	164	5.06063
25	166	4.73549
25	169	4.86005
25	177	5.28301
25	199	5.56761
26	1	4.0178
26	20	3.52502
26	37	3.24257
26	47	4.7952
26	57	3.44158
26	73	4.84202
26	74	3.48759
26	87	4.21799
26	94	3.42503
26	106	3.76951
26	107	3.68687
26	128	5.0395
26	142	4.5213
26	153	4.64678
26	163	5.00411
26	168	5.20086
26	170	4.47146
26	195	5.03081
27	22	3.40595
27	29	3.66924
27	42	3.14396
27	44	3.37057
27	58	3.6563
27	67	3.83188
27	87	2.76198
27	112	4.30345
27	128	3.5835
27	151	4.43361
27	153	5.03741
27	156	4.92508
27	158	3.6073
27	173	4.69351
27	175	5.27219
27	181	5.56996
27	187	5.61942
27	191	5.48209
28	8	3.39542
28	10	3.12979
28	17	3.93081
28	24	2.67384
28	38	3.37661
28	40	3.6964
28	47	3.65603
28	90	4.29403
28	132	3.58329
28	139	4.65237
28	144	4.55745
28	152	4.70187
28	167	5.07795
28	172	5.0338
28	176	4.23662
28	182	5.49529
28	196	5.88279
28	198	4.99005
29	27	3.66924
29	31	3.27867
29	94	3.75524
29	99	3.81209
29	107	4.01709
29	117	4.42331
29	118	4.14507
29	132	3.52049
29	137	4.25242
29	138	4.34957
29	142	4.85152
29	146	3.28053
29	149	3.71676
29	168	5.53107
29	171	5.05981
29	176	4.17382
29	198	4.92724
29	199	5.5914
30	1	2.71584
30	21	3.08094
30	32	3.19448
30	59	3.5635
30	77	3.83548
30	111	3.88661
30	119	3.94188
30	121	4.77843
30	128	4.53051
30	129	3.83689
30	133	4.10709
30	141	3.4424
30	159	5.08618
30	168	5.48352
30	178	4.42877
30	189	5.36543
30	194	5.46621
30	198	5.6085
31	8	2.95433
31	10	4.92871
31	29	3.27867
31	53	3.26457
31	75	3.35162
31	86	4.07441
31	91	3.85984
31	92	3.71737
31	102	3.7413
31	120	3.87124
31	146	5.14225
31	150	5.32315
31	159	4.67322
31	162	4.61151
31	167	4.63686
31	168	5.07055
31	179	4.70344
31	195	6.17327
31	196	5.4417
32	20	3.44229
32	30	3.19448
32	33	3.6242
32	42	4.57791
32	43	3.79492
32	47	3.73149
32	60	4.58443
32	65	3.77544
32	89	3.76968
32	94	3.81127
32	97	3.68743
32	108	4.13852
32	121	4.88201
32	133	5.2953
32	160	5.06338
32	173	4.97889
32	175	5.2678
32	181	5.56558
32	199	5.64742
33	9	3.77314
33	18	4.78941
33	23	3.11338
33	32	3.6242
33	44	3.2695
33	63	3.68455
33	83	3.83212
33	94	5.71248
33	120	4.29109
33	124	4.29816
33	126	4.63857
33	129	3.84378
33	139	4.63114
33	141	4.15702
33	147	4.52024
33	170	4.76101
33	174	4.75281
33	184	5.93343
33	192	5.19024
34	5	3.00385
34	6	2.78108
34	40	3.95408
34	55	3.31185
34	91	3.83329
34	98	3.36793
34	128	4.91405
34	136	3.95034
34	150	4.28447
34	157	4.68989
34	158	4.93786
34	165	4.26502
34	166	4.27221
34	171	5.2908
34	174	5.74646
34	180	4.77662
34	183	5.12744
34	187	5.07195
34	197	5.23847
35	4	3.67974
35	10	2.91942
35	40	3.42629
35	50	4.94387
35	53	3.43555
35	84	3.94763
35	88	3.72835
35	103	3.845
35	104	3.98544
35	115	4.33682
35	133	4.1516
35	136	4.14787
35	146	4.43628
35	150	4.482
35	153	5.49018
35	155	4.73041
35	182	5.22518
35	186	5.15724
35	189	6.69713
36	9	3.01863
36	19	4.01006
36	40	3.60431
36	55	3.6874
36	68	3.88371
36	91	4.21692
36	94	3.64373
36	101	4.09558
36	120	5.08436
36	121	4.71447
36	127	4.17586
36	129	3.77292
36	131	4.44744
36	133	5.33703
36	137	4.14091
36	147	4.44939
36	164	4.9729
36	187	6.21479
36	188	5.36576
37	10	3.60388
37	16	3.41843
37	19	3.18312
37	26	3.24257
37	58	3.55984
37	64	3.17645
37	126	4.22375
37	134	4.58696
37	135	3.92973
37	137	4.21637
37	146	3.81742
37	148	4.75918
37	172	5.01717
37	175	5.17572
37	182	5.47866
37	184	5.38188
37	193	5.7359
37	195	4.84844
37	198	5.46414
38	28	3.37661
38	40	3.13523
38	45	3.38231
38	68	2.96877
38	93	3.63029
38	94	3.54245
38	135	4.44324
38	141	3.98488
38	151	4.94531
38	158	4.11901
38	162	4.85923
38	164	4.87162
38	169	4.65058
38	171	4.47196
38	173	5.20522
38	177	5.094
38	182	5.30192
38	198	5.44326
38	200	5.39912
39	1	2.84088
39	8	3.49233
39	52	3.93373
39	57	3.84929
39	60	3.62958
39	75	3.88963
39	106	4.1781
39	107	4.10911
39	113	4.496
39	119	4.06693
39	120	4.08778
39	130	4.10205
39	145	3.66569
39	158	4.90802
39	174	4.87096
39	183	5.69199
39	187	5.21822
39	193	5.84944
39	196	5.97971
40	17	3.76481
40	25	3.69204
40	28	3.6964
40	34	3.95408
40	35	3.42629
40	36	3.60431
40	38	3.13523
40	62	3.5197
40	67	4.31482
40	97	3.73839
40	100	4.2555
40	116	4.7293
40	147	4.66789
40	163	5.44132
40	171	4.44318
40	172	5.23487
40	188	5.58427
40	190	5.60513
40	196	6.00921
41	7	3.59441
41	11	3.25358
41	25	3.50639
41	46	2.8179
41	75	3.73349
41	77	3.5853
41	98	3.15484
41	117	4.01367
41	118	4.06642
41	136	4.35875
41	150	4.69288
41	156	4.49214
41	165	5.05039
41	168	5.45242
41	175	5.13312
41	184	5.33928
41	191	5.31852
41	194	5.43511
41	196	5.82357
42	15	2.62444
42	27	3.14396
42	32	4.57791
42	51	3.11248
42	88	4.30421
42	115	4.10107
42	121	4.3007
42	124	3.81354
42	137	3.72714
42	138	5.03565
42	143	5.1432
42	153	4.45171
42	154	4.08322
42	160	4.48207
42	183	5.08922
42	186	5.79562
42	191	4.8964
42	199	5.06611
42	200	5.08663
43	25	3.71511
43	32	3.79492
43	64	3.47896
43	71	3.84779
43	75	3.43459
43	83	4.00284
43	84	2.9468
43	85	3.92405
43	108	4.21256
43	115	4.10412
43	123	4.84365
43	148	4.92529
43	153	5.10706
43	159	5.2638
43	164	5.21448
43	167	4.84397
43	182	5.64477
43	196	4.60043
43	197	4.91325
44	3	2.56271
44	27	3.37057
44	33	3.2695
44	54	3.64002
44	59	3.90506
44	61	3.2798
44	72	4.22526
44	114	4.44715
44	123	4.41492
44	133	4.14247
44	142	4.55285
44	146	4.42714
44	166	4.46061
44	167	4.7987
44	171	4.76114
44	177	5.87311
44	188	5.17861
44	189	5.11431
44	191	6.39754
45	10	3.19523
45	38	3.38231
45	51	3.73568
45	53	3.51033
45	71	4.10423
45	73	3.48003
45	83	3.85906
45	93	3.82936
45	123	4.69986
45	135	4.64231
45	151	4.63748
45	152	4.70757
45	156	4.85095
45	157	3.81429
45	169	4.88718
45	184	4.81471
45	186	5.43304
45	187	5.54528
45	197	5.71181
46	18	3.14722
46	41	2.8179
46	72	3.44259
46	78	3.1852
46	103	3.99342
46	107	3.87597
46	108	4.18294
46	115	4.48524
46	138	4.20846
46	147	4.41979
46	152	4.61746
46	158	4.68942
46	161	4.81051
46	170	4.69633
46	177	5.09044
46	184	5.27682
46	185	5.46006
46	188	5.33616
46	192	5.08979
47	1	3.76038
47	5	3.55754
47	12	3.16538
47	23	3.22067
47	26	4.7952
47	28	3.65603
47	32	3.73149
47	69	3.7301
47	70	3.88518
47	111	3.74984
47	124	4.40545
47	128	4.78209
47	131	4.62558
47	136	4.50403
47	145	4.80211
47	173	5.8921
47	174	5.6145
47	175	5.2784
47	199	5.65802
48	6	3.47008
48	9	3.33208
48	12	3.30069
48	16	3.87879
48	54	4.14062
48	61	3.7804
48	63	3.21937
48	76	3.78972
48	86	4.73686
48	96	4.27872
48	115	4.82829
48	134	4.57957
48	137	4.68255
48	141	4.39961
48	179	5.23577
48	180	5.46562
48	183	5.81643
48	186	5.6487
48	189	5.61491
48	193	5.2118
49	12	3.10825
49	70	3.82805
49	71	3.72723
49	86	3.13814
49	108	4.09199
49	110	4.53178
49	112	4.25254
49	121	4.83548
49	137	4.26192
49	138	4.35906
49	142	4.86101
49	155	4.48561
49	167	4.89703
49	168	4.00497
49	176	4.92994
49	178	4.6912
49	180	5.3419
49	182	5.52421
49	185	5.61067
49	197	4.96631
50	2	2.86521
50	12	2.43428
50	13	2.85371
50	20	3.69893
50	35	4.94387
50	113	4.2622
50	118	4.08056
50	120	4.17545
50	122	3.95356
50	136	4.2811
50	155	4.86364
50	160	4.85105
50	165	4.59579
50	167	4.94107
50	168	5.37476
50	170	4.64537
50	171	4.90351
50	192	6.37886
50	194	6.1607
50	195	5.20472
51	5	3.51984
51	7	3.70199
51	25	3.70855
51	42	3.11248
51	45	3.73568
51	69	3.6924
51	86	4.56386
51	91	4.34929
51	101	4.72522
51	112	4.27197
51	115	4.65529
51	121	4.85492
51	126	4.66263
51	138	4.3785
51	140	5.03948
51	145	4.76441
51	157	4.95708
51	168	5.56
51	194	5.54269
51	200	5.64084
52	8	3.66225
52	15	3.39713
52	39	3.93373
52	67	3.99087
52	74	4.06521
52	95	3.82491
52	99	4.05949
52	103	3.98571
52	112	4.45736
52	113	3.81024
52	124	4.58623
52	127	4.53478
52	139	4.23348
52	155	5.26736
52	156	5.11208
52	160	5.25476
52	166	5.26998
52	169	5.11078
52	181	5.10018
52	187	5.80642
53	14	3.27624
53	21	3.24474
53	31	3.26457
53	35	3.43555
53	45	3.51033
53	58	4.12379
53	67	3.85971
53	93	3.95934
53	115	4.74261
53	116	4.54129
53	121	4.94224
53	131	5.10773
53	140	4.81413
53	151	4.76746
53	157	4.73173
53	161	5.06787
53	168	5.64732
53	173	5.03912
53	188	5.59353
53	198	5.77231
54	18	3.61819
54	20	4.18509
54	23	3.4839
54	44	3.64002
54	48	4.14062
54	85	4.12384
54	91	4.65022
54	93	4.17295
54	95	3.90736
54	110	4.85214
54	115	4.1758
54	135	4.98589
54	142	5.18137
54	144	3.81588
54	168	4.02359
54	181	5.83941
54	183	4.66356
54	190	5.82799
54	197	4.98492
54	199	5.17203
55	11	3.81391
55	18	3.47842
55	34	3.31185
55	36	3.6874
55	63	3.5533
55	69	3.85355
55	78	4.30465
55	96	4.26687
55	98	4.04507
55	103	4.50698
55	104	4.54597
55	116	4.81239
55	122	4.29995
55	154	5.27237
55	158	5.02061
55	169	5.05345
55	175	5.35255
55	178	4.87178
55	188	5.66735
55	190	5.68821
56	5	3.52477
56	16	3.48833
56	59	3.64491
56	60	4.24221
56	65	3.75326
56	66	4.39129
56	67	3.77731
56	82	4.17079
56	102	4.19077
56	114	4.45728
56	116	4.65616
56	123	4.74744
56	143	4.60576
56	144	4.61073
56	152	4.75515
56	169	4.89722
56	180	5.29754
56	182	5.54857
56	186	5.25819
56	189	5.44683
57	3	3.76596
57	14	3.50999
57	16	4.63573
57	26	3.44158
57	39	3.84929
57	65	4.65074
57	68	4.15819
57	71	3.8807
57	91	4.48333
57	104	4.51886
57	111	3.84618
57	123	4.65583
57	129	4.0474
57	140	4.40062
57	141	4.36065
57	161	5.11459
57	162	5.59074
57	177	5.46976
57	180	5.42666
57	186	5.60974
58	6	3.72676
58	19	3.20623
58	27	3.6563
58	37	3.55984
58	53	4.12379
58	74	3.80486
58	102	4.18888
58	106	4.08679
58	116	4.23731
58	124	4.32589
58	131	4.80375
58	139	4.65886
58	140	4.51015
58	160	4.99442
58	161	4.93868
58	165	4.73915
58	181	5.49661
58	184	5.42817
58	187	5.54607
58	191	5.40874
59	30	3.5635
59	44	3.90506
59	56	3.64491
59	68	3.99745
59	87	4.10224
59	91	4.32258
59	92	4.18011
59	95	4.55685
59	110	4.52451
59	112	4.24527
59	123	4.71582
59	127	3.42394
59	134	4.62524
59	148	4.79745
59	152	4.62559
59	162	5.07425
59	170	4.70446
59	175	5.214
59	185	5.6034
59	191	5.623
60	11	3.42387
60	13	3.31434
60	15	3.24136
60	32	4.58443
60	39	3.62958
60	56	4.24221
60	76	3.67943
60	85	3.88563
60	87	4.19165
60	96	4.34738
60	102	4.73472
60	111	5.27656
60	113	4.51015
60	115	4.718
60	116	4.71395
60	155	5.11159
60	160	5.09899
60	168	5.62271
60	177	5.39843
60	200	5.70355
61	17	3.91987
61	20	2.95846
61	44	3.2798
61	48	3.7804
61	70	3.78819
61	75	3.78177
61	90	3.45318
61	104	4.32552
61	106	4.64912
61	107	4.58012
61	110	3.70373
61	122	4.0795
61	150	4.74117
61	160	4.97699
61	181	5.47919
61	187	5.68923
61	190	5.27497
61	191	5.39132
61	193	5.74159
61	196	5.87185
62	13	3.02658
62	40	3.5197
62	81	3.45819
62	82	4.05253
62	96	3.68517
62	106	4.67247
62	116	4.42619
62	119	3.79332
62	121	4.62987
62	133	4.83483
62	148	4.46052
62	154	4.41238
62	155	4.82383
62	163	5.1382
62	167	4.90125
62	179	4.96784
62	182	5.31859
62	186	5.13993
62	192	5.03478
62	195	5.16491
63	15	3.2661
63	23	3.27043
63	33	3.68455
63	48	3.21937
63	55	3.5533
63	74	3.93419
63	107	4.13347
63	117	4.53969
63	128	4.69445
63	131	4.67534
63	133	4.55752
63	143	4.71806
63	155	5.13633
63	165	4.86847
63	166	5.13843
63	181	4.96862
63	188	5.59366
63	191	5.53807
63	193	4.8929
63	200	5.07796
64	11	3.0723
64	24	3.83365
64	37	3.17645
64	43	3.47896
64	88	3.75795
64	100	3.88858
64	119	3.72951
64	120	4.07182
64	125	4.18614
64	149	4.93937
64	157	4.91703
64	158	4.5706
64	160	5.16703
64	163	5.0744
64	171	4.79988
64	180	5.00376
64	194	5.25383
64	195	5.53416
64	196	5.64229
64	200	5.35198
65	11	3.83551
65	17	4.06082
65	32	3.77544
65	56	3.75326
65	57	4.65074
65	67	3.85404
65	76	3.69837
65	81	3.76489
65	86	4.64551
65	96	4.18737
65	100	4.46948
65	128	4.68864
65	147	4.59981
65	152	4.83188
65	165	4.86267
65	171	5.17039
65	172	5.1638
65	180	5.37427
65	184	5.52851
65	185	5.57248
65	200	5.75238
66	3	2.82958
66	13	3.1909
66	17	3.91844
66	56	4.39129
66	73	3.46195
66	93	4.64728
66	102	4.8838
66	103	4.10273
66	107	5.41477
66	110	4.53838
66	115	4.59456
66	135	4.62424
66	141	4.98143
66	162	5.04023
66	164	5.05262
66	170	4.76987
66	174	4.76168
66	175	5.17998
66	179	5.13216
66	180	5.23189
66	182	5.48291
67	9	3.26478
67	27	3.83188
67	40	4.31482
67	52	3.99087
67	53	3.85971
67	56	3.77731
67	65	3.85404
67	77	3.79859
67	80	4.49844
67	88	4.15251
67	111	3.81784
67	114	4.55806
67	128	5.27479
67	134	4.75764
67	148	4.92986
67	158	5.29859
67	171	5.65154
67	187	5.69364
67	189	5.54761
67	190	5.63277
67	199	5.72602
68	8	3.80124
68	17	3.59835
68	36	3.88371
68	38	2.96877
68	57	4.15819
68	59	3.99745
68	73	3.70248
68	104	4.74229
68	118	4.53146
68	122	3.78919
68	130	4.41095
68	141	4.58408
68	144	4.96328
68	156	5.25107
68	162	5.45842
68	163	5.72072
68	172	5.0684
68	173	5.00998
68	174	4.73237
68	188	5.86367
68	200	5.99831
69	10	4.18466
69	47	3.7301
69	51	3.6924
69	55	3.85355
69	76	3.64243
69	82	3.79898
69	84	4.2918
69	109	3.93042
69	113	4.47315
69	121	4.88063
69	131	4.6136
69	138	4.40421
69	149	4.83443
69	150	4.57909
69	162	5.12667
69	166	4.81392
69	172	5.10786
69	176	5.29149
69	180	5.31833
69	187	5.61365
69	198	6.04491
70	11	3.54196
70	12	3.30848
70	17	4.15996
70	22	3.55526
70	24	3.74747
70	47	3.88518
70	49	3.82805
70	61	3.78819
70	86	4.74465
70	128	4.78779
70	135	4.52927
70	141	4.40741
70	153	5.18672
70	156	5.0744
70	160	5.08085
70	161	4.00318
70	172	5.26295
70	182	5.72444
70	195	5.44797
70	196	6.11194
70	198	6.06368
71	6	4.62464
71	16	3.56338
71	25	4.07711
71	43	3.84779
71	45	4.10423
71	49	3.72723
71	57	3.8807
71	82	3.85323
71	93	3.95199
71	114	4.53232
71	126	5.03119
71	131	5.70163
71	134	4.73191
71	138	4.45847
71	145	4.84438
71	149	5.04049
71	156	4.97357
71	157	5.32563
71	162	5.18093
71	164	5.19332
71	188	5.58617
72	44	4.22526
72	46	3.44259
72	84	3.98561
72	89	3.65696
72	102	3.95027
72	107	3.76554
72	116	4.37076
72	117	4.63836
72	123	4.46204
72	131	4.30741
72	135	4.40449
72	143	4.35013
72	150	4.51999
72	152	4.9458
72	162	4.82048
72	163	5.08278
72	165	5.67508
72	181	5.258
72	184	5.16638
72	191	5.94321
72	194	5.26221
73	18	3.17326
73	20	3.74016
73	24	3.40293
73	26	4.84202
73	45	3.48003
73	66	3.46195
73	68	3.70248
73	87	4.0074
73	112	4.12797
73	122	4.71813
73	139	4.55672
73	153	4.86192
73	159	5.01866
73	161	4.83654
73	167	4.98229
73	173	5.93892
73	174	5.66132
73	184	5.30285
73	186	5.33169
73	191	5.30661
73	196	5.78714
74	16	3.66345
74	25	3.79402
74	26	3.48759
74	52	4.06521
74	58	3.80486
74	63	3.93419
74	82	4.37458
74	98	4.06396
74	99	4.07621
74	101	4.41606
74	120	4.9042
74	138	4.70201
74	140	4.44662
74	143	4.80955
74	149	5.14056
74	154	4.81748
74	157	5.38593
74	166	4.96825
74	187	6.03463
74	192	5.43987
74	197	5.93451
75	16	3.65779
75	31	3.35162
75	39	3.88963
75	41	3.73349
75	43	3.43459
75	61	3.78177
75	86	3.91608
75	91	4.52367
75	109	4.20436
75	110	4.72559
75	133	4.64444
75	140	4.44096
75	144	4.57521
75	148	4.99854
75	149	5.13489
75	158	5.03384
75	180	6.11985
75	183	5.42289
75	188	5.40424
75	189	5.61629
75	191	5.62499
76	9	3.39608
76	48	3.78972
76	60	3.67943
76	65	3.69837
76	69	3.64243
76	86	4.51389
76	94	5.33542
76	95	3.55646
76	101	4.32409
76	114	4.40239
76	120	4.31071
76	140	4.63835
76	145	4.71444
76	149	4.91055
76	150	4.7505
76	154	4.58747
76	169	5.62883
76	184	5.55637
76	185	5.58014
76	198	5.63502
76	200	5.59088
77	3	2.91651
77	19	4.60933
77	30	3.83548
77	41	3.5853
77	67	3.79859
77	88	4.74999
77	90	3.53867
77	92	4.23301
77	94	3.81037
77	99	4.85563
77	103	4.18965
77	128	4.63319
77	145	5.26154
77	148	5.562
77	152	4.77642
77	161	5.00675
77	163	5.38945
77	176	4.97557
77	179	5.21908
77	189	5.46811
77	193	5.82708
78	20	3.57271
78	22	4.7909
78	46	3.1852
78	55	4.30465
78	90	3.20103
78	100	4.54641
78	123	4.33133
78	134	5.01203
78	143	4.31916
78	144	4.29436
78	145	4.45296
78	152	4.43878
78	166	5.88978
78	173	4.64035
78	174	4.51096
78	176	4.63792
78	177	5.02428
78	192	4.94838
78	195	5.07851
78	196	5.6197
78	197	5.44301
79	5	3.69412
79	7	3.55109
79	8	3.29288
79	14	3.6427
79	81	3.53234
79	90	3.36158
79	105	3.91368
79	113	4.88724
79	115	4.50439
79	135	4.53407
79	151	4.52924
79	155	4.89798
79	159	5.01522
79	162	5.72346
79	164	4.96245
79	169	4.74141
79	175	5.90828
79	183	5.49254
79	187	5.43705
79	190	5.37617
79	195	5.23906
80	1	3.22834
80	7	3.97102
80	17	3.94843
80	22	3.6435
80	67	4.49844
80	81	3.95227
80	92	4.47584
80	100	4.44647
80	103	4.43249
80	105	4.3336
80	122	4.13927
80	134	4.92097
80	147	4.85886
80	151	5.10016
80	157	5.47491
80	159	5.43169
80	169	5.16133
80	171	4.6268
80	172	5.41849
80	177	5.60475
80	181	5.80751
80	191	5.71964
81	62	3.45819
81	65	3.76489
81	79	3.53234
81	80	3.95227
81	97	3.71799
81	98	3.90047
81	99	3.85756
81	102	4.24729
81	118	4.43214
81	120	4.37723
81	124	4.26436
81	129	5.89093
81	133	4.48661
81	149	4.97707
81	151	4.69668
81	156	4.91015
81	172	5.0987
81	181	5.55503
81	189	5.91338
81	191	5.46716
81	192	6.73045
81	196	5.9477
82	5	3.62642
82	23	4.61972
82	56	4.17079
82	62	4.05253
82	69	3.79898
82	71	3.85323
82	74	4.37458
82	88	4.23931
82	93	4.42678
82	101	4.3426
82	115	4.76186
82	129	4.01994
82	134	4.75852
82	143	5.0783
82	159	5.26924
82	161	5.08712
82	166	4.89478
82	167	5.23288
82	175	5.34728
82	185	5.73668
82	194	5.64926
82	197	5.86104
83	33	3.83212
83	43	4.00284
83	45	3.85906
83	88	4.28184
83	101	4.47105
83	113	3.72763
83	116	4.88626
83	117	4.68726
83	134	4.30962
83	137	4.4126
83	143	4.86563
83	147	3.97434
83	151	4.91516
83	155	5.2839
83	169	5.12733
83	170	5.06562
83	175	4.74867
83	182	4.83358
83	184	5.68189
83	192	5.49485
83	193	4.94184
83	194	5.77771
84	2	2.99002
84	35	3.94763
84	43	2.9468
84	69	4.2918
84	72	3.98561
84	93	4.47142
84	95	4.20583
84	101	4.83542
84	103	4.76286
84	108	4.71082
84	111	4.31154
84	112	4.87137
84	130	3.75538
84	138	4.9779
84	143	5.23
84	146	5.35414
84	180	5.63206
84	183	4.9351
84	195	5.98935
84	197	5.25647
84	198	6.28438
84	199	5.44357
85	7	3.85821
85	19	3.40433
85	43	3.92405
85	54	4.12384
85	60	3.88563
85	89	4.09367
85	96	4.26195
85	98	4.04015
85	100	4.57937
85	113	4.46299
85	140	4.42281
85	149	5.11674
85	150	4.95669
85	151	4.83636
85	154	5.40385
85	156	5.04983
85	163	5.00194
85	172	5.23838
85	189	5.59814
85	192	5.41606
85	193	5.67721
85	200	5.86227
86	6	4.19424
86	14	4.08608
86	25	4.51114
86	31	4.07441
86	48	4.73686
86	49	3.13814
86	51	4.56386
86	65	4.64551
86	70	4.74465
86	75	3.91608
86	76	4.51389
86	94	4.68134
86	119	4.91553
86	123	5.63969
86	128	5.50416
86	130	3.89365
86	142	5.77761
86	144	4.22569
86	152	5.6474
86	168	4.4334
86	180	5.77032
86	199	5.58184
87	6	3.75933
87	12	3.58994
87	24	4.00919
87	26	4.21799
87	27	2.76198
87	59	4.10224
87	60	4.19165
87	73	4.0074
87	100	4.63969
87	118	4.63625
87	120	4.82293
87	133	4.93232
87	139	5.16298
87	151	5.05499
87	153	5.46818
87	158	4.22869
87	159	5.62492
87	165	5.24327
87	172	5.37332
87	173	5.3149
87	188	5.96846
87	199	6.08258
88	5	3.89997
88	7	3.82383
88	20	3.16859
88	35	3.72835
88	42	4.30421
88	64	3.75795
88	67	4.15251
88	77	4.74999
88	82	4.23931
88	83	4.28184
88	116	5.03136
88	123	5.12264
88	126	4.66886
88	146	5.13486
88	155	5.429
88	157	5.58601
88	164	5.49347
88	169	5.27242
88	170	5.21072
88	171	5.46886
88	178	5.34329
88	186	5.3267
89	22	3.64522
89	32	3.76968
89	72	3.65696
89	85	4.09367
89	90	3.78323
89	91	3.56217
89	92	4.47756
89	111	4.46181
89	115	4.92604
89	123	5.01327
89	131	4.85864
89	133	4.68228
89	135	4.95571
89	143	4.33496
89	162	5.37171
89	165	5.05177
89	173	5.22254
89	177	5.60647
89	178	5.00397
89	183	5.91418
89	190	5.14578
89	195	5.66071
90	28	4.29403
90	61	3.45318
90	77	3.53867
90	78	3.20103
90	79	3.36158
90	89	3.78323
90	104	4.2306
90	105	3.91036
90	108	3.95721
90	121	4.7007
90	124	4.21354
90	132	6.33478
90	135	6.20712
90	138	4.22428
90	144	4.4516
90	163	5.20904
90	164	4.95913
90	166	4.63399
90	167	4.97209
90	176	6.9881
90	187	5.43373
90	195	7.12583
91	10	3.92048
91	17	4.66176
91	31	3.85984
91	34	3.83329
91	36	4.21692
91	51	4.34929
91	54	4.65022
91	57	4.48333
91	59	4.32258
91	75	4.52367
91	89	3.56217
91	99	4.00713
91	104	5.06742
91	117	5.13484
91	123	5.42512
91	145	4.41303
91	154	5.32003
91	165	5.46362
91	179	5.87548
91	186	5.3929
91	187	5.96555
91	190	5.55129
91	200	6.32344
92	4	2.67617
92	11	3.90128
92	31	3.71737
92	59	4.18011
92	77	4.23301
92	80	4.47584
92	89	4.47756
92	110	5.09133
92	113	4.98756
92	118	4.21232
92	122	4.67892
92	124	4.04453
92	126	4.82886
92	129	5.67111
92	130	4.59361
92	146	5.29487
92	153	4.48661
92	166	5.32833
92	178	5.25076
92	183	6.18356
92	189	5.69356
92	191	5.99074
92	194	6.29246
93	19	3.8821
93	23	4.40317
93	38	3.63029
93	45	3.82936
93	53	3.95934
93	54	4.17295
93	66	4.64728
93	71	3.95199
93	82	4.42678
93	84	4.47142
93	115	4.86061
93	141	4.54439
93	147	4.79516
93	150	5.00579
93	153	5.21125
93	158	5.06479
93	180	5.49795
93	181	5.74381
93	183	5.84876
93	186	5.51418
93	188	5.71153
93	190	5.67257
93	192	5.46516
94	2	3.16793
94	9	4.65529
94	18	5.67156
94	26	3.42503
94	29	3.75524
94	32	3.81127
94	33	5.71248
94	36	3.64373
94	38	3.54245
94	76	5.33542
94	77	3.81037
94	86	4.68134
94	106	4.24614
94	130	4.17097
94	140	5.89756
94	145	4.88189
94	157	5.81516
94	179	5.31037
94	186	5.59318
94	190	5.64455
94	193	5.91837
94	197	5.87195
94	199	5.73781
95	22	3.31421
95	52	3.82491
95	54	3.90736
95	59	4.55685
95	76	3.55646
95	84	4.20583
95	98	4.88567
95	101	4.17576
95	108	5.61741
95	112	4.21172
95	127	4.85029
95	131	4.52763
95	134	4.59168
95	139	4.64047
95	159	5.10241
95	160	4.97603
95	164	5.05309
95	170	6.1308
95	175	5.18045
95	176	4.88911
95	191	7.04934
95	194	5.48243
95	200	5.58059
96	6	3.73611
96	48	4.27872
96	55	4.26687
96	60	4.34738
96	62	3.68517
96	65	4.18737
96	85	4.26195
96	101	4.67505
96	105	4.5036
96	106	4.8959
96	119	4.4574
96	125	4.85345
96	127	4.75533
96	131	5.02692
96	138	4.60339
96	148	4.68395
96	150	5.2395
96	153	5.44496
96	156	5.33263
96	185	6.06914
96	186	5.36336
96	190	5.52176
96	198	6.12402
97	32	3.68743
97	40	3.73839
97	81	3.71799
97	100	4.17108
97	112	4.26561
97	119	4.63825
97	124	3.47064
97	134	4.64558
97	142	4.07561
97	146	4.74838
97	154	4.63107
97	157	5.19952
97	162	5.0946
97	164	5.5523
97	167	5.11994
97	171	5.08238
97	173	4.94543
97	176	4.94301
97	181	5.53212
97	185	5.62374
97	192	5.93673
97	193	5.79452
97	194	5.71857
98	21	3.98815
98	34	3.36793
98	41	3.15484
98	55	4.04507
98	74	4.06396
98	81	3.90047
98	85	4.04015
98	95	4.88567
98	103	4.38069
98	114	4.00142
98	138	4.59573
98	139	4.91796
98	143	4.84784
98	148	5.04139
98	165	5.68368
98	177	5.42738
98	178	4.92786
98	179	5.41012
98	181	5.75571
98	191	5.95181
98	193	6.01812
98	194	5.75992
98	196	6.14838
99	15	3.35297
99	29	3.81209
99	52	4.05949
99	74	4.07621
99	77	4.85563
99	81	3.85756
99	91	4.00713
99	102	4.36493
99	116	4.82556
99	125	4.58875
99	128	4.78131
99	135	4.85929
99	148	4.75294
99	154	4.81176
99	170	5.00492
99	172	5.25648
99	173	5.12612
99	176	5.1237
99	186	5.43235
99	190	5.59074
99	196	6.10547
99	198	5.85931
99	199	5.79465
100	4	3.55713
100	40	4.2555
100	64	3.88858
100	65	4.46948
100	78	4.54641
100	80	4.44647
100	85	4.57937
100	87	4.63969
100	97	4.17108
100	109	4.54073
100	114	4.9631
100	119	4.52911
100	121	4.14546
100	136	4.45106
100	142	5.39119
100	152	5.26098
100	156	5.40435
100	158	5.37021
100	163	5.11222
100	164	5.62409
100	178	5.22138
100	185	5.79265
100	189	5.95266
101	25	3.55531
101	36	4.09558
101	51	4.72522
101	74	4.41606
101	76	4.32409
101	82	4.3426
101	83	4.47105
101	84	4.83542
101	95	4.17576
101	96	4.67505
101	103	4.73279
101	107	4.61535
101	116	4.6134
101	120	4.93001
101	125	4.98375
101	131	5.17984
101	132	4.47266
101	140	4.88624
101	147	5.15916
101	165	5.35035
101	168	6.12933
101	184	5.80426
101	192	5.82916
102	4	3.61044
102	23	4.63969
102	24	4.11099
102	31	3.7413
102	56	4.19077
102	58	4.18888
102	60	4.73472
102	66	4.8838
102	72	3.95027
102	81	4.24729
102	99	4.36493
102	117	5.01629
102	118	4.73805
102	120	5.19292
102	125	4.97848
102	143	5.09827
102	144	5.16986
102	147	5.15388
102	153	5.56998
102	157	5.76994
102	160	5.60034
102	176	5.51343
102	180	5.85667
103	18	3.81404
103	35	3.845
103	46	3.99342
103	52	3.98571
103	55	4.50698
103	66	4.10273
103	77	4.18965
103	80	4.43249
103	84	4.76286
103	98	4.38069
103	101	4.73279
103	106	4.62542
103	113	4.63237
103	114	4.94912
103	139	5.05561
103	157	5.70266
103	160	5.53305
103	162	5.46858
103	178	5.2074
103	179	5.87056
103	182	5.73832
103	184	5.94363
103	186	5.97247
103	199	6.11709
104	20	4.60229
104	35	3.98544
104	55	4.54597
104	57	4.51886
104	61	4.32552
104	68	4.74229
104	90	4.2306
104	91	5.06742
104	114	5.17048
104	117	5.17037
104	119	4.12196
104	126	5.00686
104	129	4.58092
104	142	3.55931
104	148	5.54229
104	153	3.39642
104	158	5.57759
104	159	5.88079
104	160	5.75441
104	161	5.69868
104	164	5.036
104	192	5.42043
104	194	5.20227
104	197	6.47259
105	8	2.95049
105	79	3.91368
105	80	4.3336
105	90	3.91036
105	96	4.5036
105	109	4.42786
105	117	4.18755
105	125	4.8123
105	127	3.29334
105	149	5.3584
105	152	4.49499
105	156	4.66602
105	165	5.22427
105	169	5.29018
105	173	5.34968
105	174	5.22029
105	176	5.34726
105	177	4.96796
105	179	5.59077
105	185	6.02799
105	191	5.4924
105	193	6.19877
105	194	5.94057
105	198	6.08287
106	13	3.7136
106	16	3.94537
106	17	4.44113
106	26	3.76951
106	39	4.1781
106	58	4.08679
106	61	4.64912
106	62	4.67247
106	94	4.24614
106	96	4.8959
106	103	4.62542
106	111	5.82508
106	114	4.91432
106	118	4.63596
106	121	5.31688
106	123	5.20449
106	145	5.37079
106	148	5.67125
106	160	5.49825
106	166	5.25017
106	172	5.54412
106	175	5.70267
106	176	5.41134
106	194	6.00465
107	7	4.7788
107	19	4.64959
107	26	3.68687
107	29	4.01709
107	39	4.10911
107	46	3.87597
107	61	4.58012
107	63	4.13347
107	66	5.41477
107	72	3.76554
107	101	4.61535
107	109	4.4093
107	117	4.83156
107	126	4.66806
107	134	5.03127
107	135	5.06429
107	145	5.3018
107	156	5.27293
107	171	5.46807
107	179	5.57221
107	185	6.00943
107	189	5.82123
107	190	6.44006
107	198	6.06431
108	3	3.33505
108	16	3.92814
108	19	3.69284
108	21	4.7199
108	32	4.13852
108	43	4.21256
108	46	4.18294
108	49	4.09199
108	84	4.71082
108	90	3.95721
108	95	5.61741
108	114	4.73317
108	117	5.37871
108	127	4.48451
108	135	5.1297
108	140	4.71132
108	148	5.26889
108	158	5.30419
108	168	6.00473
108	177	6.15913
108	179	5.63762
108	183	6.08817
108	187	6.03268
108	199	6.06506
109	6	3.66037
109	11	3.72445
109	24	4.00685
109	69	3.93042
109	75	4.20436
109	100	4.54073
109	105	4.42786
109	107	4.4093
109	110	4.9145
109	123	5.10581
109	124	4.73104
109	133	4.83336
109	149	5.11257
109	150	4.85723
109	151	5.04342
109	157	5.56917
109	158	5.22275
109	160	5.34022
109	166	5.1515
109	169	5.25559
109	175	5.60399
109	182	5.90693
109	195	5.70735
109	198	6.32305
110	6	4.1816
110	7	3.9024
110	14	4.07344
110	49	4.53178
110	54	4.85214
110	59	4.52451
110	61	3.70373
110	66	4.53838
110	75	4.72559
110	92	5.09133
110	109	4.9145
110	111	4.8797
110	118	5.05852
110	120	4.8475
110	122	5.02332
110	136	5.35086
110	138	4.64531
110	142	5.76497
110	155	5.9334
110	158	5.74398
110	162	5.98548
110	166	5.67273
110	178	5.42186
110	179	6.07741
110	190	5.56367
111	30	3.88661
111	47	3.74984
111	57	3.84618
111	60	5.27656
111	67	3.81784
111	84	4.31154
111	89	4.46181
111	106	5.82508
111	110	4.8797
111	122	4.18425
111	129	3.95882
111	135	4.73041
111	139	4.74618
111	153	5.05138
111	160	5.08173
111	177	5.38117
111	178	6.30912
111	180	5.33807
111	184	5.49231
111	185	5.67555
111	187	6.86519
111	188	5.55165
111	189	5.48736
111	192	5.30528
111	197	5.79991
112	3	4.11545
112	20	4.48945
112	27	4.30345
112	49	4.25254
112	51	4.27197
112	52	4.45736
112	59	4.24527
112	73	4.12797
112	84	4.87137
112	95	4.21172
112	97	4.26561
112	120	4.96596
112	128	5.21227
112	134	5.68601
112	138	4.98378
112	139	5.52726
112	146	5.36003
112	151	5.28542
112	159	5.232
112	172	5.68744
112	174	5.42769
112	175	6.12506
112	178	5.31592
112	179	6.34221
112	199	6.22561
113	19	4.02885
113	21	3.93817
113	39	4.496
113	50	4.2622
113	52	3.81024
113	60	4.51015
113	69	4.47315
113	79	4.88724
113	83	3.72763
113	85	4.46299
113	92	4.98756
113	103	4.63237
113	126	5.06948
113	130	4.83423
113	132	4.68407
113	147	4.70361
113	155	5.82962
113	169	5.67305
113	172	5.8629
113	177	6.11647
113	179	5.69509
113	182	5.56285
113	191	6.23136
113	192	6.04058
113	198	6.46573
114	4	3.83205
114	15	3.96431
114	21	4.20143
114	44	4.44715
114	56	4.45728
114	67	4.55806
114	71	4.53232
114	76	4.40239
114	98	4.00142
114	100	4.9631
114	103	4.94912
114	104	5.17048
114	106	4.91432
114	108	4.73317
114	122	4.92446
114	141	5.01227
114	156	5.33871
114	166	5.57387
114	168	6.34566
114	170	5.24656
114	177	5.64066
114	179	5.97855
114	182	6.32931
114	183	6.4291
114	191	6.1651
114	198	6.47065
115	4	4.03498
115	9	4.14767
115	35	4.33682
115	42	4.10107
115	43	4.10412
115	46	4.48524
115	48	4.82829
115	51	4.65529
115	53	4.74261
115	54	4.1758
115	60	4.718
115	66	4.59456
115	79	4.50439
115	82	4.76186
115	89	4.92604
115	93	4.86061
115	116	5.63983
115	132	4.89192
115	133	5.45866
115	155	5.93308
115	180	6.78937
115	188	6.07377
115	191	6.43921
115	196	6.10097
115	198	6.67358
115	199	6.60089
116	8	4.42832
116	10	4.22243
116	40	4.7293
116	53	4.54129
116	55	4.81239
116	56	4.65616
116	58	4.23731
116	60	4.71395
116	62	4.42619
116	72	4.37076
116	83	4.88626
116	88	5.03136
116	99	4.82556
116	101	4.6134
116	115	5.63983
116	126	4.55081
116	130	5.03803
116	131	5.22125
116	151	5.66468
116	157	4.84525
116	169	5.91814
116	178	5.69518
116	181	6.52303
116	184	5.84567
116	185	6.61465
116	194	6.52724
117	21	4.84697
117	25	4.39952
117	29	4.42331
117	41	4.01367
117	63	4.53969
117	72	4.63836
117	83	4.68726
117	91	5.13484
117	102	5.01629
117	104	5.17037
117	105	4.18755
117	107	4.83156
117	108	5.37871
117	119	4.80391
117	124	5.1533
117	127	4.61158
117	129	4.69892
117	131	5.37343
117	138	5.16405
117	152	5.81323
117	159	5.94821
117	160	5.82183
117	173	5.73734
117	177	6.2862
117	178	5.49618
117	199	6.40587
118	5	4.02715
118	17	4.48647
118	29	4.14507
118	41	4.06642
118	50	4.08056
118	68	4.53146
118	81	4.43214
118	87	4.63625
118	92	4.21232
118	102	4.73805
118	106	4.63596
118	110	5.05852
118	119	5.35241
118	142	4.78976
118	153	4.62687
118	157	5.71319
118	162	5.60827
118	166	5.29552
118	167	5.63361
118	168	6.06731
118	182	6.05095
118	184	5.95417
118	188	6.01351
118	189	5.83382
118	194	6.43273
118	200	6.14815
119	7	4.05366
119	30	3.94188
119	39	4.06693
119	62	3.79332
119	64	3.72951
119	86	4.91553
119	96	4.4574
119	97	4.63825
119	100	4.52911
119	104	4.12196
119	117	4.80391
119	118	5.35241
119	124	5.18462
119	130	4.40516
119	136	4.81801
119	142	5.78959
119	145	5.11609
119	156	5.24528
119	164	7.26628
119	174	5.17408
119	184	5.79854
119	190	5.87874
119	191	5.80229
119	194	7.43255
119	196	6.28282
119	200	5.99252
120	20	4.10223
120	31	3.87124
120	33	4.29109
120	36	5.08436
120	39	4.08778
120	50	4.17545
120	64	4.07182
120	74	4.9042
120	76	4.31071
120	81	4.37723
120	87	4.82293
120	101	4.93001
120	102	5.19292
120	110	4.8475
120	112	4.96596
120	141	5.29055
120	142	5.57443
120	152	5.44422
120	170	5.52459
120	174	5.51639
120	179	5.88687
120	186	6.26034
120	188	6.20019
120	189	6.1359
120	195	6.08394
120	196	6.62514
121	7	4.89021
121	9	4.3473
121	16	3.91028
121	30	4.77843
121	32	4.88201
121	36	4.71447
121	42	4.3007
121	49	4.83548
121	51	4.85492
121	53	4.94224
121	62	4.62987
121	69	4.88063
121	90	4.7007
121	100	4.14546
121	106	5.31688
121	125	5.60265
121	143	5.81883
121	146	5.94297
121	154	4.96994
121	166	5.48883
121	179	5.26727
121	181	5.31902
121	184	6.63509
121	185	5.24846
121	194	6.73091
121	200	5.42836
122	17	4.614
122	24	4.01905
122	50	3.95356
122	55	4.29995
122	61	4.0795
122	68	3.78919
122	73	4.71813
122	80	4.13927
122	92	4.67892
122	110	5.02332
122	111	4.18425
122	114	4.92446
122	123	5.21463
122	128	4.91562
122	145	5.23652
122	149	5.43263
122	151	5.76573
122	155	5.52098
122	172	6.08406
122	174	5.74803
122	177	5.80783
122	185	6.10221
122	186	5.94781
122	190	5.99917
122	197	6.22657
122	198	6.15709
123	21	4.23325
123	22	4.71906
123	43	4.84365
123	44	4.41492
123	45	4.69986
123	56	4.74744
123	57	4.65583
123	59	4.71582
123	72	4.46204
123	78	4.33133
123	86	5.63969
123	88	5.12264
123	89	5.01327
123	91	5.42512
123	106	5.20449
123	109	5.10581
123	122	5.21463
123	124	5.44359
123	134	4.94018
123	139	4.78144
123	144	5.68164
123	154	5.29905
123	157	6.28172
123	182	5.46415
123	185	5.57757
123	186	6.55153
124	22	4.07553
124	33	4.29816
124	42	3.81354
124	47	4.40545
124	52	4.58623
124	58	4.32589
124	81	4.26436
124	90	4.21354
124	92	4.04453
124	97	3.47064
124	109	4.73104
124	117	5.1533
124	119	5.18462
124	123	5.44359
124	129	5.64358
124	142	4.62198
124	162	5.80202
124	163	6.06432
124	164	6.09867
124	171	5.78981
124	174	5.52347
124	179	5.89395
124	180	5.99368
124	181	6.23955
124	192	6.4831
124	197	6.45553
125	7	4.44972
125	8	4.1915
125	23	3.9307
125	24	4.15762
125	25	4.36171
125	64	4.18614
125	96	4.85345
125	99	4.58875
125	101	4.98375
125	102	4.97848
125	105	4.8123
125	121	5.60265
125	127	5.06403
125	128	5.35472
125	132	5.06708
125	135	4.93942
125	146	4.82711
125	148	5.57189
125	150	5.00801
125	151	5.42787
125	159	5.9104
125	176	5.72041
125	187	6.33567
125	189	6.18964
125	191	6.19834
125	195	5.85813
126	4	3.66843
126	14	3.81096
126	18	4.59764
126	33	4.63857
126	37	4.22375
126	51	4.66263
126	71	5.03119
126	88	4.66886
126	92	4.82886
126	104	5.00686
126	107	4.66806
126	113	5.06948
126	116	4.55081
126	141	4.84866
126	148	5.4462
126	157	4.74124
126	162	5.723
126	166	5.41025
126	169	5.81413
126	170	5.45265
126	175	5.86275
126	180	5.91466
126	184	5.74166
126	185	6.25215
126	191	6.07266
126	192	5.88188
127	2	3.70006
127	8	3.37453
127	36	4.17586
127	52	4.53478
127	59	3.42394
127	95	4.85029
127	96	4.75533
127	105	3.29334
127	108	4.48451
127	117	4.61158
127	125	5.06403
127	135	5.33458
127	143	5.28022
127	156	5.09005
127	162	5.75057
127	165	5.6483
127	170	4.9979
127	171	5.73835
127	174	5.47202
127	176	5.59898
127	180	5.94223
127	182	6.19325
127	183	6.29305
127	187	6.23755
127	193	6.4505
127	200	6.29045
128	2	3.99074
128	6	4.23738
128	10	4.17819
128	26	5.0395
128	27	3.5835
128	30	4.53051
128	34	4.91405
128	47	4.78209
128	63	4.69445
128	65	4.68864
128	67	5.27479
128	70	4.78779
128	77	4.63319
128	86	5.50416
128	99	4.78131
128	112	5.21227
128	122	4.91562
128	125	5.35472
128	155	5.98918
128	162	6.04126
128	165	5.72132
128	170	5.7709
128	171	5.40315
128	174	5.8588
128	177	6.27602
128	186	6.416
129	13	4.58453
129	30	3.83689
129	33	3.84378
129	36	3.77292
129	57	4.0474
129	81	5.89093
129	82	4.01994
129	92	5.67111
129	104	4.58092
129	111	3.95882
129	117	4.69892
129	124	5.64358
129	139	4.94741
129	153	6.08566
129	154	4.88411
129	161	5.22723
129	165	5.0277
129	166	5.03488
129	178	4.95731
129	182	5.79032
129	186	5.72238
129	189	7.29261
129	190	5.77374
129	191	5.69729
129	195	5.63663
129	198	5.93166
130	39	4.10205
130	68	4.41095
130	84	3.75538
130	86	3.89365
130	92	4.59361
130	94	4.17097
130	113	4.83423
130	116	5.03803
130	119	4.40516
130	137	4.66815
130	144	4.55277
130	149	5.34732
130	163	5.75005
130	164	5.50014
130	168	4.76048
130	171	5.47554
130	176	5.33617
130	180	6.09741
130	181	5.92528
130	183	5.40045
130	186	5.8625
130	189	5.82871
130	190	5.91386
130	192	5.64663
130	196	5.409
130	199	5.90893
131	1	3.71352
131	9	4.25182
131	36	4.44744
131	47	4.62558
131	53	5.10773
131	58	4.80375
131	63	4.67534
131	69	4.6136
131	71	5.70163
131	72	4.30741
131	89	4.85864
131	95	4.52763
131	96	5.02692
131	101	5.17984
131	116	5.22125
131	117	5.37343
131	133	5.39126
131	141	5.14781
131	150	5.72166
131	152	5.67142
131	157	5.41169
131	159	6.08386
131	160	5.95748
131	166	5.7094
131	170	5.7518
131	184	6.41211
131	198	6.60618
132	10	5.17054
132	18	3.5539
132	20	4.1208
132	28	3.58329
132	29	3.52049
132	90	6.33478
132	101	4.47266
132	113	4.68407
132	115	4.89192
132	125	5.06708
132	134	4.88858
132	139	4.93736
132	140	4.50321
132	147	4.82646
132	156	5.13024
132	159	5.3993
132	161	4.9703
132	180	5.52925
132	184	5.6835
132	188	5.74284
132	193	6.03752
132	194	5.77932
132	195	6.41509
132	196	6.16778
132	197	5.9911
132	198	7.03079
132	200	5.87748
133	21	3.9608
133	30	4.10709
133	32	5.2953
133	35	4.1516
133	36	5.33703
133	44	4.14247
133	62	4.83483
133	63	4.55752
133	75	4.64444
133	81	4.48661
133	87	4.93232
133	89	4.68228
133	109	4.83336
133	115	5.45866
133	131	5.39126
133	138	5.75305
133	139	5.50411
133	141	5.54322
133	146	5.55812
133	147	5.39321
133	153	5.8093
133	163	6.16663
133	164	5.91672
133	167	5.92968
133	174	5.62578
133	176	5.75275
133	178	6.5296
134	9	4.14433
134	19	4.23335
134	37	4.58696
134	48	4.57957
134	59	4.62524
134	67	4.75764
134	71	4.73191
134	78	5.01203
134	80	4.92097
134	82	4.75852
134	83	4.30962
134	95	4.59168
134	97	4.64558
134	107	5.03127
134	112	5.68601
134	123	4.94018
134	132	4.88858
134	136	4.91667
134	142	5.8657
134	146	5.73999
134	148	5.80941
134	149	5.94577
134	166	6.49863
134	167	6.11155
134	168	6.54525
134	180	6.27787
134	182	6.14484
135	7	4.72026
135	16	4.50168
135	37	3.92973
135	38	4.44324
135	45	4.64231
135	54	4.98589
135	66	4.62424
135	70	4.52927
135	72	4.40449
135	79	4.53407
135	89	4.95571
135	90	6.20712
135	99	4.85929
135	107	5.06429
135	108	5.1297
135	111	4.73041
135	125	4.93942
135	127	5.33458
135	150	5.43732
135	151	5.69841
135	160	5.92031
135	161	4.84264
135	170	5.84887
135	185	6.64838
135	188	6.52448
135	194	6.56096
135	195	6.28744
136	4	3.84603
136	6	4.09672
136	17	4.77881
136	34	3.95034
136	35	4.14787
136	41	4.35875
136	47	4.50403
136	50	4.2811
136	100	4.45106
136	110	5.35086
136	119	4.81801
136	134	4.91667
136	143	5.43025
136	145	5.56406
136	147	4.58139
136	149	5.76016
136	157	6.00553
136	161	5.7802
136	166	5.79443
136	167	5.92595
136	181	5.62462
136	182	5.44064
136	185	5.55405
136	190	6.32671
136	196	6.73079
136	197	6.55411
136	200	5.73396
137	4	3.66105
137	11	4.62427
137	14	3.89732
137	22	5.50273
137	29	4.25242
137	36	4.14091
137	37	4.21637
137	42	3.72714
137	48	4.68255
137	49	4.26192
137	83	4.4126
137	130	4.66815
137	143	5.24527
137	148	5.43882
137	152	5.36489
137	154	6.08272
137	157	5.82055
137	169	5.50696
137	177	5.95039
137	178	5.3253
137	184	6.06153
137	189	6.05657
137	190	6.14173
137	193	6.35608
137	195	6.00462
137	197	6.36913
137	200	6.54114
138	29	4.34957
138	42	5.03565
138	46	4.20846
138	49	4.35906
138	51	4.3785
138	69	4.40421
138	71	4.45847
138	74	4.70201
138	84	4.9779
138	90	4.22428
138	96	4.60339
138	98	4.59573
138	110	4.64531
138	112	4.98378
138	117	5.16405
138	133	5.75305
138	145	5.07828
138	150	5.51227
138	157	5.9177
138	161	5.69236
138	163	6.07506
138	186	6.05815
138	190	6.21655
138	192	5.97164
138	194	6.2545
138	199	6.33213
138	200	6.35265
139	9	4.19312
139	21	4.19146
139	28	4.65237
139	33	4.63114
139	52	4.23348
139	58	4.65886
139	73	4.55672
139	87	5.16298
139	95	4.64047
139	98	4.91796
139	103	5.05561
139	111	4.74618
139	112	5.52726
139	123	4.78144
139	129	4.94741
139	132	4.93736
139	133	5.50411
139	144	5.63985
139	159	5.00812
139	163	5.41908
139	171	6.12278
139	172	6.11619
139	173	5.98583
139	176	5.98341
139	182	5.98609
139	187	6.62198
139	193	6.09436
140	1	3.39221
140	14	3.78881
140	16	4.0833
140	51	5.03948
140	53	4.81413
140	57	4.40062
140	58	4.51015
140	74	4.44662
140	75	4.44096
140	76	4.63835
140	85	4.42281
140	94	5.89756
140	101	4.88624
140	108	4.71132
140	132	4.50321
140	160	5.63618
140	168	6.15989
140	169	6.19098
140	172	5.68204
140	174	5.4223
140	184	6.11851
140	185	6.22999
140	186	6.07559
140	187	6.18783
140	193	6.40078
140	195	5.98985
140	200	6.24073
141	24	4.10686
141	30	3.4424
141	33	4.15702
141	38	3.98488
141	48	4.39961
141	57	4.36065
141	66	4.98143
141	68	4.58408
141	70	4.40741
141	93	4.54439
141	114	5.01227
141	120	5.29055
141	126	4.84866
141	131	5.14781
141	133	5.54322
141	159	5.72259
141	172	5.64207
141	173	5.51171
141	176	5.50929
141	178	5.86491
141	180	5.85254
141	185	6.19002
141	187	6.42098
141	190	6.00672
141	193	6.3608
141	194	6.10261
141	197	6.31438
142	2	4.2642
142	13	3.56292
142	24	4.76069
142	25	4.82773
142	26	4.5213
142	29	4.85152
142	44	4.55285
142	49	4.86101
142	54	5.18137
142	86	5.77761
142	97	4.07561
142	100	5.39119
142	104	3.55931
142	110	5.76497
142	118	4.78976
142	119	5.78959
142	120	5.57443
142	124	4.62198
142	134	5.8657
142	148	6.03791
142	151	5.89389
142	153	5.06406
142	155	6.26263
142	164	6.70363
142	173	6.16555
142	179	6.40664
142	182	6.7574
142	189	6.271
143	4	4.0103
143	20	4.00758
143	42	5.1432
143	56	4.60576
143	63	4.71806
143	72	4.35013
143	74	4.80955
143	78	4.31916
143	82	5.0783
143	83	4.86563
143	84	5.23
143	89	4.33496
143	98	4.84784
143	102	5.09827
143	121	5.81883
143	127	5.28022
143	136	5.43025
143	137	5.24527
143	145	5.18582
143	153	5.96984
143	158	5.82337
143	164	6.07726
143	168	6.52391
143	174	5.78632
143	178	6.18228
143	182	6.50756
143	184	6.41078
143	194	6.5066
144	2	3.78741
144	21	4.09654
144	22	4.31359
144	28	4.55745
144	54	3.81588
144	56	4.61073
144	68	4.96328
144	75	4.57521
144	78	4.29436
144	86	4.22569
144	90	4.4516
144	102	5.16986
144	123	5.68164
144	130	4.55277
144	139	5.63985
144	146	5.69386
144	153	5.94504
144	161	5.91967
144	163	6.30237
144	167	5.98459
144	177	6.27484
144	182	6.48276
144	186	6.41482
144	188	5.71385
144	195	6.32908
144	196	5.74105
144	197	6.05386
144	200	6.57996
145	7	4.33538
145	21	4.25514
145	22	4.47219
145	39	3.66569
145	47	4.80211
145	51	4.76441
145	71	4.84438
145	76	4.71444
145	77	5.26154
145	78	4.45296
145	91	4.41303
145	94	4.88189
145	106	5.37079
145	107	5.3018
145	119	5.11609
145	122	5.23652
145	136	5.56406
145	138	5.07828
145	143	5.18582
145	147	5.68755
145	150	5.89818
145	154	5.73515
145	155	6.1466
145	186	5.83825
145	191	6.54833
145	196	7.02887
145	197	6.85218
145	199	6.71805
146	11	4.44921
146	16	4.57146
146	24	4.47462
146	29	3.28053
146	31	5.14225
146	35	4.43628
146	37	3.81742
146	44	4.42714
146	84	5.35414
146	88	5.13486
146	92	5.29487
146	97	4.74838
146	112	5.36003
146	121	5.94297
146	125	4.82711
146	133	5.55812
146	134	5.73999
146	144	5.69386
146	149	5.58034
146	154	5.72549
146	156	5.98165
146	160	5.808
146	161	4.73034
146	162	6.18901
146	177	6.42378
146	178	5.79868
146	193	6.88894
146	198	6.79083
147	33	4.52024
147	36	4.44939
147	40	4.66789
147	46	4.41979
147	65	4.59981
147	80	4.85886
147	83	3.97434
147	93	4.79516
147	101	5.15916
147	102	5.15388
147	113	4.70361
147	132	4.82646
147	133	5.39321
147	136	4.58139
147	145	5.68755
147	149	5.88366
147	155	5.97202
147	159	4.83159
147	160	5.95943
147	164	6.03649
147	166	6.16335
147	174	5.74555
147	180	6.21576
147	181	5.99354
147	185	5.92298
147	192	6.18297
147	196	6.85429
147	199	6.54346
147	200	6.10288
148	4	4.20385
148	6	4.45455
148	23	5.0277
148	37	4.75918
148	43	4.92529
148	59	4.79745
148	62	4.46052
148	67	4.92986
148	75	4.99854
148	77	5.562
148	96	4.68395
148	98	5.04139
148	99	4.75294
148	104	5.54229
148	106	5.67125
148	108	5.26889
148	125	5.57189
148	126	5.4462
148	134	5.80941
148	137	5.43882
148	142	6.03791
148	160	6.19375
148	169	6.04977
148	173	6.10926
148	175	6.39817
148	180	6.45009
148	186	6.13871
148	187	6.71136
148	189	6.59938
148	190	6.2971
149	1	4.08615
149	3	4.18414
149	13	4.54546
149	22	4.6683
149	29	3.71676
149	64	4.93937
149	69	4.83443
149	71	5.04049
149	74	5.14056
149	75	5.13489
149	76	4.91055
149	81	4.97707
149	85	5.11674
149	105	5.3584
149	109	5.11257
149	122	5.43263
149	130	5.34732
149	134	5.94577
149	136	5.76016
149	146	5.58034
149	147	5.88366
149	158	6.15329
149	160	6.24423
149	161	5.16657
149	176	6.47364
149	179	6.48671
149	183	6.93726
149	190	6.82089
149	193	7.09471
149	198	7.22706
150	8	4.57755
150	31	5.32315
150	34	4.28447
150	35	4.482
150	41	4.69288
150	61	4.74117
150	69	4.57909
150	72	4.51999
150	76	4.7505
150	85	4.95669
150	93	5.00579
150	96	5.2395
150	109	4.85723
150	125	5.00801
150	131	5.72166
150	135	5.43732
150	138	5.51227
150	145	5.89818
150	154	5.77121
150	160	5.9889
150	161	4.91123
150	170	5.96437
150	172	6.21593
150	173	6.08557
150	175	6.37448
150	176	6.2183
150	192	6.3936
150	196	7.06492
150	198	6.97173
150	200	6.77462
151	1	4.8548
151	21	4.17087
151	27	4.43361
151	38	4.94531
151	45	4.63748
151	53	4.76746
151	79	4.52924
151	80	5.10016
151	81	4.69668
151	83	4.91516
151	85	4.83636
151	87	5.05499
151	109	5.04342
151	112	5.28542
151	116	5.66468
151	122	5.76573
151	125	5.42787
151	135	5.69841
151	142	5.89389
151	154	5.65088
151	158	5.90032
151	159	6.17611
151	161	5.994
151	165	5.79446
151	171	6.25326
151	173	6.98652
151	175	6.25415
151	186	6.48914
151	195	6.4034
151	198	6.69843
152	1	3.87586
152	2	4.13398
152	21	5.15442
152	28	4.70187
152	45	4.70757
152	46	4.61746
152	56	4.75515
152	59	4.62559
152	65	4.83188
152	72	4.9458
152	77	4.77642
152	78	4.43878
152	86	5.6474
152	100	5.26098
152	105	4.49499
152	117	5.81323
152	120	5.44422
152	131	5.67142
152	137	5.36489
152	155	6.13241
152	165	6.84995
152	170	6.19954
152	172	6.16569
152	173	6.03533
152	177	6.59364
152	184	6.5304
152	185	6.71364
152	189	6.52545
152	190	6.6106
152	199	6.70386
153	10	4.57712
153	15	4.51788
153	26	4.64678
153	27	5.03741
153	35	5.49018
153	42	4.45171
153	43	5.10706
153	70	5.18672
153	73	4.86192
153	87	5.46818
153	92	4.48661
153	93	5.21125
153	96	5.44496
153	102	5.56998
153	104	3.39642
153	111	5.05138
153	118	4.62687
153	129	6.08566
153	133	5.8093
153	142	5.06406
153	143	5.96984
153	144	5.94504
153	164	6.54074
153	165	6.12025
153	166	6.12744
153	168	6.89923
153	169	6.23154
153	191	6.78985
153	192	6.92518
153	194	6.70702
154	5	4.20463
154	19	4.21884
154	42	4.08322
154	55	5.27237
154	62	4.41238
154	74	4.81748
154	76	4.58747
154	85	5.40385
154	91	5.32003
154	97	4.63107
154	99	4.81176
154	121	4.96994
154	123	5.29905
154	129	4.88411
154	137	6.08272
154	145	5.73515
154	146	5.72549
154	150	5.77121
154	151	5.65088
154	159	5.52573
154	163	5.9367
154	164	6.08409
154	165	5.75176
154	177	6.30647
154	183	6.61418
154	184	6.41761
154	185	6.61713
154	188	6.47695
154	190	6.49781
154	192	6.23057
155	2	4.47576
155	5	4.90203
155	15	3.96609
155	16	4.86559
155	23	4.56516
155	35	4.73041
155	49	4.48561
155	50	4.86364
155	52	5.26736
155	60	5.11159
155	62	4.82383
155	63	5.13633
155	79	4.89798
155	83	5.2839
155	88	5.429
155	110	5.9334
155	113	5.82962
155	115	5.93308
155	122	5.52098
155	128	5.98918
155	142	6.26263
155	145	6.1466
155	147	5.97202
155	152	6.13241
155	173	6.33398
155	183	6.42084
155	188	6.40219
155	189	6.8241
155	196	6.42939
155	197	6.74221
155	199	6.92931
156	8	4.7472
156	11	4.58807
156	22	4.60138
156	27	4.92508
156	41	4.49214
156	45	4.85095
156	52	5.11208
156	68	5.25107
156	70	5.0744
156	71	4.97357
156	81	4.91015
156	85	5.04983
156	96	5.33263
156	100	5.40435
156	105	4.66602
156	107	5.27293
156	114	5.33871
156	119	5.24528
156	127	5.09005
156	132	5.13024
156	146	5.98165
156	165	7.02097
156	170	6.37057
156	172	6.30906
156	176	6.17628
156	177	6.76467
156	179	6.4198
156	180	6.51953
156	189	6.66882
156	191	7.2891
156	193	7.0278
157	8	4.98297
157	13	4.79083
157	20	5.42336
157	34	4.68989
157	45	3.81429
157	51	4.95708
157	53	4.73173
157	64	4.91703
157	71	5.32563
157	74	5.38593
157	80	5.47491
157	88	5.58601
157	94	5.81516
157	97	5.19952
157	102	5.76994
157	103	5.70266
157	109	5.56917
157	116	4.84525
157	118	5.71319
157	123	6.28172
157	126	4.74124
157	131	5.41169
157	136	6.00553
157	137	5.82055
157	138	5.9177
157	169	6.10858
157	174	6.3616
157	181	7.07768
157	184	6.03611
157	195	6.92915
157	198	7.22418
158	27	3.6073
158	34	4.93786
158	38	4.11901
158	39	4.90802
158	46	4.68942
158	55	5.02061
158	64	4.5706
158	67	5.29859
158	75	5.03384
158	87	4.22869
158	93	5.06479
158	100	5.37021
158	104	5.57759
158	108	5.30419
158	109	5.22275
158	110	5.74398
158	143	5.82337
158	149	6.15329
158	151	5.90032
158	159	6.35543
158	168	6.75277
158	169	6.08507
158	171	5.42696
158	172	6.21865
158	173	6.16022
158	174	5.88261
158	175	6.43347
158	180	6.48539
158	181	6.73125
158	187	6.78071
158	190	6.71983
159	2	4.54642
159	14	3.34033
159	30	5.08618
159	31	4.67322
159	43	5.2638
159	73	5.01866
159	79	5.01522
159	80	5.43169
159	82	5.26924
159	87	5.62492
159	95	5.10241
159	104	5.88079
159	112	5.232
159	117	5.94821
159	125	5.9104
159	131	6.08386
159	132	5.3993
159	139	5.00812
159	141	5.72259
159	147	4.83159
159	151	6.17611
159	154	5.52573
159	158	6.35543
159	162	5.42109
159	165	6.27699
159	176	6.44535
159	179	5.82307
159	181	5.87482
159	182	5.69083
159	196	7.42712
159	198	7.18096
160	5	4.88944
160	20	5.25376
160	32	5.06338
160	42	4.48207
160	50	4.85105
160	52	5.25476
160	58	4.99442
160	60	5.09899
160	61	4.97699
160	64	5.16703
160	70	5.08085
160	95	4.97603
160	102	5.60034
160	103	5.53305
160	104	5.75441
160	106	5.49825
160	109	5.34022
160	111	5.08173
160	117	5.82183
160	131	5.95748
160	135	5.92031
160	140	5.63618
160	146	5.808
160	147	5.95943
160	148	6.19375
160	149	6.24423
160	150	5.9889
160	161	5.39423
160	191	6.82021
160	195	6.83902
160	197	7.12406
161	23	4.49683
161	46	4.81051
161	53	5.06787
161	57	5.11459
161	58	4.93868
161	70	4.00318
161	73	4.83654
161	77	5.00675
161	82	5.08712
161	104	5.69868
161	129	5.22723
161	132	4.9703
161	135	4.84264
161	136	5.7802
161	138	5.69236
161	144	5.91967
161	146	4.73034
161	149	5.16657
161	150	4.91123
161	151	5.994
161	160	5.39423
161	165	6.09488
161	172	6.39601
161	176	5.62363
161	185	6.94396
161	189	6.75577
161	191	6.76447
161	195	5.76135
161	196	7.24501
161	198	6.37705
161	200	6.9547
162	5	4.09999
162	8	4.87804
162	24	4.98121
162	31	4.61151
162	38	4.85923
162	57	5.59074
162	59	5.07425
162	66	5.04023
162	68	5.45842
162	69	5.12667
162	71	5.18093
162	72	4.82048
162	79	5.72346
162	89	5.37171
162	97	5.0946
162	103	5.46858
162	110	5.98548
162	118	5.60827
162	124	5.80202
162	126	5.723
162	127	5.75057
162	128	6.04126
162	146	6.18901
162	159	5.42109
162	163	5.83206
162	166	6.75286
162	173	6.38606
162	178	6.1449
162	182	6.39907
162	192	6.6941
162	193	6.50733
163	1	4.48889
163	3	4.00727
163	9	4.85564
163	11	4.47825
163	12	4.82425
163	26	5.00411
163	40	5.44132
163	62	5.1382
163	64	5.0744
163	68	5.72072
163	72	5.08278
163	77	5.38945
163	85	5.00194
163	90	5.20904
163	100	5.11222
163	124	6.06432
163	130	5.75005
163	133	6.16663
163	138	6.07506
163	139	5.41908
163	144	6.30237
163	154	5.9367
163	162	5.83206
163	169	6.58887
163	170	6.52716
163	171	6.7853
163	173	6.64836
163	175	6.01688
163	178	6.4072
163	181	6.28578
163	185	6.21522
163	186	7.17226
164	3	4.33697
164	4	4.73031
164	12	4.62017
164	19	4.69476
164	23	4.62963
164	25	5.06063
164	36	4.9729
164	38	4.87162
164	43	5.21448
164	66	5.05262
164	71	5.19332
164	79	4.96245
164	88	5.49347
164	90	4.95913
164	95	5.05309
164	97	5.5523
164	100	5.62409
164	104	5.036
164	119	7.26628
164	124	6.09867
164	130	5.50014
164	133	5.91672
164	142	6.70363
164	143	6.07726
164	147	6.03649
164	153	6.54074
164	154	6.08409
164	171	6.5354
164	178	6.15729
164	189	7.74769
164	197	7.20112
164	200	7.0875
165	8	5.30545
165	18	4.43159
165	20	4.99849
165	34	4.26502
165	41	5.05039
165	50	4.59579
165	58	4.73915
165	63	4.86847
165	65	4.86267
165	72	5.67508
165	87	5.24327
165	89	5.05177
165	91	5.46362
165	98	5.68368
165	101	5.35035
165	105	5.22427
165	127	5.6483
165	128	5.72132
165	129	5.0277
165	151	5.79446
165	152	6.84995
165	153	6.12025
165	154	5.75176
165	156	7.02097
165	159	6.27699
165	161	6.09488
165	174	5.93673
165	176	6.0637
165	191	7.84736
165	195	6.50428
165	198	6.79931
165	200	6.75517
166	25	4.73549
166	34	4.27221
166	44	4.46061
166	52	5.26998
166	63	5.13843
166	69	4.81392
166	74	4.96825
166	78	5.88978
166	82	4.89478
166	90	4.63399
166	92	5.32833
166	106	5.25017
166	109	5.1515
166	110	5.67273
166	114	5.57387
166	118	5.29552
166	121	5.48883
166	126	5.41025
166	129	5.03488
166	131	5.7094
166	134	6.49863
166	136	5.79443
166	147	6.16335
166	153	6.12744
166	162	6.75286
166	167	6.24782
166	171	6.21026
166	186	6.59722
166	188	6.62772
166	190	6.64858
166	196	7.05266
166	200	7.31592
167	5	4.97946
167	10	4.6975
167	14	4.64853
167	15	4.37752
167	19	4.70771
167	28	5.07795
167	31	4.63686
167	43	4.84397
167	44	4.7987
167	49	4.89703
167	50	4.94107
167	62	4.90125
167	73	4.98229
167	82	5.23288
167	90	4.97209
167	97	5.11994
167	118	5.63361
167	133	5.92968
167	134	6.11155
167	136	5.92595
167	144	5.98459
167	166	6.24782
167	168	6.19229
167	169	6.35191
167	173	6.41141
167	179	6.6525
167	180	7.52922
167	183	6.83226
167	184	6.90648
167	188	6.81362
167	195	6.84957
167	196	6.84082
168	3	4.78362
168	10	5.13119
168	16	5.37672
168	21	5.05073
168	26	5.20086
168	29	5.53107
168	30	5.48352
168	31	5.07055
168	41	5.45242
168	49	4.00497
168	50	5.37476
168	51	5.56
168	53	5.64732
168	54	4.02359
168	60	5.62271
168	86	4.4334
168	101	6.12933
168	108	6.00473
168	114	6.34566
168	118	6.06731
168	130	4.76048
168	134	6.54525
168	140	6.15989
168	143	6.52391
168	153	6.89923
168	158	6.75277
168	167	6.19229
168	180	6.63716
168	183	5.9402
168	188	5.92156
168	196	5.94875
168	199	6.44868
169	6	5.40759
169	9	4.94871
169	25	4.86005
169	38	4.65058
169	45	4.88718
169	52	5.11078
169	55	5.05345
169	56	4.89722
169	76	5.62883
169	79	4.74141
169	80	5.16133
169	83	5.12733
169	88	5.27242
169	105	5.29018
169	109	5.25559
169	113	5.67305
169	116	5.91814
169	126	5.81413
169	137	5.50696
169	140	6.19098
169	148	6.04977
169	153	6.23154
169	157	6.10858
169	158	6.08507
169	163	6.58887
169	167	6.35191
169	172	6.30776
169	178	5.93624
169	181	6.76409
169	183	6.86905
169	184	7.109
169	190	6.75268
169	193	7.0265
170	8	4.65504
170	23	4.34688
170	26	4.47146
170	33	4.76101
170	46	4.69633
170	50	4.64537
170	59	4.70446
170	66	4.76987
170	83	5.06562
170	88	5.21072
170	95	6.1308
170	99	5.00492
170	114	5.24656
170	120	5.52459
170	126	5.45265
170	127	4.9979
170	128	5.7709
170	131	5.7518
170	135	5.84887
170	150	5.96437
170	152	6.19954
170	156	6.37057
170	163	6.52716
170	174	5.98632
170	177	6.67252
170	182	6.70755
170	187	6.75185
170	189	6.60582
170	191	7.19695
170	193	6.9648
170	197	6.91837
170	198	6.8489
170	200	6.80475
171	17	5.10153
171	29	5.05981
171	34	5.2908
171	38	4.47196
171	40	4.44318
171	44	4.76114
171	50	4.90351
171	64	4.79988
171	65	5.17039
171	67	5.65154
171	80	4.6268
171	88	5.46886
171	97	5.08238
171	107	5.46807
171	124	5.78981
171	127	5.73835
171	128	5.40315
171	130	5.47554
171	139	6.12278
171	151	6.25326
171	158	5.42696
171	163	6.7853
171	164	6.5354
171	166	6.21026
171	172	6.57159
171	174	6.23556
171	175	6.66276
171	179	6.61494
171	181	6.96053
171	183	7.06548
171	187	7.00999
171	188	6.92825
171	198	7.10704
171	200	7.06289
172	1	5.17313
172	23	4.59844
172	28	5.0338
172	37	5.01717
172	40	5.23487
172	65	5.1638
172	68	5.0684
172	69	5.10786
172	70	5.26295
172	80	5.41849
172	81	5.0987
172	85	5.23838
172	87	5.37332
172	99	5.25648
172	106	5.54412
172	112	5.68744
172	113	5.8629
172	122	6.08406
172	139	6.11619
172	140	5.68204
172	141	5.64207
172	150	6.21593
172	152	6.16569
172	156	6.30906
172	158	6.21865
172	161	6.39601
172	169	6.30776
172	171	6.57159
172	173	7.30485
172	174	7.02724
172	176	6.36483
172	184	6.86232
172	192	6.67529
172	197	7.16993
173	2	4.33555
173	18	4.60237
173	27	4.69351
173	32	4.97889
173	38	5.20522
173	47	5.8921
173	53	5.03912
173	68	5.00998
173	73	5.93892
173	78	4.64035
173	87	5.3149
173	89	5.22254
173	97	4.94543
173	99	5.12612
173	105	5.34968
173	117	5.73734
173	139	5.98583
173	141	5.51171
173	142	6.16555
173	148	6.10926
173	150	6.08557
173	151	6.98652
173	152	6.03533
173	155	6.33398
173	158	6.16022
173	162	6.38606
173	163	6.64836
173	167	6.41141
173	172	7.30485
173	174	6.96882
173	180	6.57772
173	195	6.67506
173	198	6.97009
173	199	6.90543
174	33	4.75281
174	34	5.74646
174	39	4.87096
174	47	5.6145
174	66	4.76168
174	68	4.73237
174	73	5.66132
174	78	4.51096
174	105	5.22029
174	112	5.42769
174	119	5.17408
174	120	5.51639
174	122	5.74803
174	124	5.52347
174	127	5.47202
174	128	5.8588
174	133	5.62578
174	140	5.4223
174	143	5.78632
174	147	5.74555
174	157	6.3616
174	158	5.88261
174	165	5.93673
174	170	5.98632
174	171	6.23556
174	172	7.02724
174	173	6.96882
174	175	6.39642
174	185	6.78582
174	186	6.63141
174	187	6.74366
174	190	6.68278
174	191	6.60633
174	198	6.8407
175	3	4.48937
175	9	4.73309
175	12	4.7017
175	24	5.12095
175	27	5.27219
175	32	5.2678
175	37	5.17572
175	41	5.13312
175	47	5.2784
175	55	5.35255
175	59	5.214
175	66	5.17998
175	79	5.90828
175	82	5.34728
175	83	4.74867
175	95	5.18045
175	106	5.70267
175	109	5.60399
175	112	6.12506
175	126	5.86275
175	148	6.39817
175	150	6.37448
175	151	6.25415
175	158	6.43347
175	163	6.01688
175	171	6.66276
175	174	6.39642
175	182	6.58389
175	185	6.69731
175	189	7.01592
175	193	6.69215
175	195	6.96397
175	196	7.50516
175	200	6.87721
176	28	4.23662
176	29	4.17382
176	49	4.92994
176	69	5.29149
176	77	4.97557
176	78	4.63792
176	90	6.9881
176	95	4.88911
176	97	4.94301
176	99	5.1237
176	102	5.51343
176	105	5.34726
176	106	5.41134
176	125	5.72041
176	127	5.59898
176	130	5.33617
176	133	5.75275
176	139	5.98341
176	141	5.50929
176	149	6.47364
176	150	6.2183
176	156	6.17628
176	159	6.44535
176	161	5.62363
176	165	6.0637
176	172	6.36483
176	178	5.99331
176	180	6.5753
176	181	6.82117
176	184	6.72955
176	187	6.87062
176	188	6.78889
176	195	7.06842
176	198	7.68412
177	4	4.71542
177	11	5.03019
177	15	4.84768
177	22	5.0435
177	24	5.21597
177	25	5.28301
177	38	5.094
177	44	5.87311
177	46	5.09044
177	57	5.46976
177	60	5.39843
177	78	5.02428
177	80	5.60475
177	89	5.60647
177	98	5.42738
177	105	4.96796
177	108	6.15913
177	111	5.38117
177	113	6.11647
177	114	5.64066
177	117	6.2862
177	122	5.80783
177	128	6.27602
177	137	5.95039
177	144	6.27484
177	146	6.42378
177	152	6.59364
177	154	6.30647
177	156	6.76467
177	170	6.67252
177	178	6.37967
177	192	6.92886
177	199	7.28936
177	200	7.30988
178	30	4.42877
178	49	4.6912
178	55	4.87178
178	88	5.34329
178	89	5.00397
178	92	5.25076
178	98	4.92786
178	100	5.22138
178	103	5.2074
178	110	5.42186
178	111	6.30912
178	112	5.31592
178	116	5.69518
178	117	5.49618
178	129	4.95731
178	133	6.5296
178	137	5.3253
178	141	5.86491
178	143	6.18228
178	146	5.79868
178	162	6.1449
178	163	6.4072
178	164	6.15729
178	169	5.93624
178	176	5.99331
178	177	6.37967
178	179	6.23683
178	180	6.33656
178	181	6.58242
178	187	7.40736
178	190	6.9931
178	195	6.4339
178	198	6.72893
178	200	6.68479
179	13	4.77783
179	15	4.70484
179	24	5.07313
179	31	4.70344
179	48	5.23577
179	62	4.96784
179	66	5.13216
179	77	5.21908
179	91	5.87548
179	94	5.31037
179	98	5.41012
179	103	5.87056
179	105	5.59077
179	107	5.57221
179	108	5.63762
179	110	6.07741
179	112	6.34221
179	113	5.69509
179	114	5.97855
179	120	5.88687
179	121	5.26727
179	124	5.89395
179	142	6.40664
179	149	6.48671
179	156	6.4198
179	159	5.82307
179	167	6.6525
179	171	6.61494
179	178	6.23683
179	181	6.98503
179	183	7.16963
179	185	6.91446
179	193	6.9093
179	199	7.14652
179	200	7.09436
180	3	4.51624
180	34	4.77662
180	48	5.46562
180	49	5.3419
180	56	5.29754
180	57	5.42666
180	64	5.00376
180	65	5.37427
180	66	5.23189
180	69	5.31833
180	75	6.11985
180	84	5.63206
180	86	5.77032
180	93	5.49795
180	102	5.85667
180	111	5.33807
180	115	6.78937
180	124	5.99368
180	126	5.91466
180	127	5.94223
180	130	6.09741
180	132	5.52925
180	134	6.27787
180	141	5.85254
180	147	6.21576
180	148	6.45009
180	156	6.51953
180	158	6.48539
180	167	7.52922
180	168	6.63716
180	173	6.57772
180	176	6.5753
180	178	6.33656
180	193	7.42681
180	196	7.28568
180	197	7.5985
181	1	4.66411
181	5	4.55371
181	15	5.05044
181	24	5.41873
181	27	5.56996
181	32	5.56558
181	52	5.10018
181	54	5.83941
181	58	5.49661
181	61	5.47919
181	63	4.96862
181	72	5.258
181	80	5.80751
181	81	5.55503
181	93	5.74381
181	97	5.53212
181	98	5.75571
181	116	6.52303
181	121	5.31902
181	124	6.23955
181	130	5.92528
181	136	5.62462
181	147	5.99354
181	157	7.07768
181	158	6.73125
181	159	5.87482
181	163	6.28578
181	169	6.76409
181	171	6.96053
181	176	6.82117
181	178	6.58242
181	179	6.98503
181	186	7.34749
181	193	6.96105
181	199	7.49212
181	200	7.14611
182	9	5.03603
182	19	5.12505
182	28	5.49529
182	35	5.22518
182	37	5.47866
182	38	5.30192
182	43	5.64477
182	49	5.52421
182	56	5.54857
182	62	5.31859
182	66	5.48291
182	70	5.72444
182	83	4.83358
182	103	5.73832
182	109	5.90693
182	113	5.56285
182	114	6.32931
182	118	6.05095
182	123	5.46415
182	127	6.19325
182	129	5.79032
182	134	6.14484
182	136	5.44064
182	139	5.98609
182	142	6.7574
182	143	6.50756
182	144	6.48276
182	159	5.69083
182	162	6.39907
182	170	6.70755
182	175	6.58389
182	188	7.38316
182	192	7.13678
182	194	7.41964
182	197	7.63142
182	200	6.96213
183	1	4.76907
183	2	4.63509
183	3	4.86705
183	12	5.10443
183	13	5.22838
183	21	5.13416
183	23	5.15972
183	34	5.12744
183	39	5.69199
183	42	5.08922
183	48	5.81643
183	54	4.66356
183	75	5.42289
183	79	5.49254
183	84	4.9351
183	89	5.91418
183	92	6.18356
183	93	5.84876
183	108	6.08817
183	114	6.4291
183	127	6.29305
183	130	5.40045
183	149	6.93726
183	154	6.61418
183	155	6.42084
183	167	6.83226
183	168	5.9402
183	169	6.86905
183	171	7.06548
183	179	7.16963
183	184	7.42361
183	188	6.56153
183	194	7.51943
183	195	7.3667
183	197	6.90154
183	199	7.08865
184	2	4.83062
184	12	4.90786
184	33	5.93343
184	37	5.38188
184	41	5.33928
184	45	4.81471
184	46	5.27682
184	58	5.42817
184	65	5.52851
184	72	5.16638
184	73	5.30285
184	76	5.55637
184	83	5.68189
184	101	5.80426
184	103	5.94363
184	111	5.49231
184	116	5.84567
184	118	5.95417
184	119	5.79854
184	121	6.63509
184	126	5.74166
184	131	6.41211
184	132	5.6835
184	137	6.06153
184	140	6.11851
184	143	6.41078
184	152	6.5304
184	154	6.41761
184	157	6.03611
184	167	6.90648
184	169	7.109
184	172	6.86232
184	176	6.72955
184	183	7.42361
184	197	7.53464
184	199	7.4005
185	2	5.01386
185	3	4.6877
185	12	5.0911
185	15	5.14206
185	23	5.14639
185	46	5.46006
185	49	5.61067
185	59	5.6034
185	65	5.57248
185	76	5.58014
185	82	5.73668
185	96	6.06914
185	97	5.62374
185	100	5.79265
185	105	6.02799
185	107	6.00943
185	111	5.67555
185	116	6.61465
185	121	5.24846
185	122	6.10221
185	123	5.57757
185	126	6.25215
185	135	6.64838
185	136	5.55405
185	140	6.22999
185	141	6.19002
185	147	5.92298
185	152	6.71364
185	154	6.61713
185	161	6.94396
185	163	6.21522
185	174	6.78582
185	175	6.69731
185	179	6.91446
185	186	7.43911
185	190	7.49048
186	2	4.85945
186	35	5.15724
186	42	5.79562
186	45	5.43304
186	48	5.6487
186	56	5.25819
186	57	5.60974
186	62	5.13993
186	73	5.33169
186	88	5.3267
186	91	5.3929
186	93	5.51418
186	94	5.59318
186	96	5.36336
186	99	5.43235
186	103	5.97247
186	120	6.26034
186	122	5.94781
186	123	6.55153
186	128	6.416
186	129	5.72238
186	130	5.8625
186	138	6.05815
186	140	6.07559
186	144	6.41482
186	145	5.83825
186	148	6.13871
186	151	6.48914
186	163	7.17226
186	166	6.59722
186	174	6.63141
186	181	7.34749
186	185	7.43911
186	189	7.25092
186	191	7.25962
186	195	7.19896
186	197	7.56347
187	1	4.71357
187	3	4.81156
187	14	5.11017
187	19	5.7587
187	20	5.23266
187	22	5.29572
187	27	5.61942
187	34	5.07195
187	36	6.21479
187	39	5.21822
187	45	5.54528
187	52	5.80642
187	58	5.54607
187	61	5.68923
187	67	5.69364
187	69	5.61365
187	74	6.03463
187	79	5.43705
187	90	5.43373
187	91	5.96555
187	108	6.03268
187	111	6.86519
187	125	6.33567
187	127	6.23755
187	139	6.62198
187	140	6.18783
187	141	6.42098
187	148	6.71136
187	158	6.78071
187	170	6.75185
187	171	7.00999
187	174	6.74366
187	176	6.87062
187	178	7.40736
187	191	7.37186
187	192	7.18108
187	193	7.72214
188	13	5.09115
188	15	4.10678
188	18	5.15678
188	36	5.36576
188	40	5.58427
188	44	5.17861
188	46	5.33616
188	53	5.59353
188	55	5.66735
188	63	5.59366
188	68	5.86367
188	71	5.58617
188	75	5.40424
188	87	5.96846
188	93	5.71153
188	111	5.55165
188	115	6.07377
188	118	6.01351
188	120	6.20019
188	132	5.74284
188	135	6.52448
188	144	5.71385
188	154	6.47695
188	155	6.40219
188	166	6.62772
188	167	6.81362
188	168	5.92156
188	171	6.92825
188	176	6.78889
188	182	7.38316
188	183	6.56153
188	189	7.28142
188	192	7.09934
188	195	7.22947
188	196	6.57008
188	197	6.88289
188	199	7.07
189	12	4.18754
189	13	4.60697
189	15	4.95387
189	19	5.02332
189	30	5.36543
189	35	6.69713
189	44	5.11431
189	48	5.61491
189	56	5.44683
189	67	5.54761
189	75	5.61629
189	77	5.46811
189	81	5.91338
189	85	5.59814
189	92	5.69356
189	100	5.95266
189	107	5.82123
189	111	5.48736
189	118	5.83382
189	120	6.1359
189	125	6.18964
189	129	7.29261
189	130	5.82871
189	137	6.05657
189	142	6.271
189	148	6.59938
189	152	6.52545
189	155	6.8241
189	156	6.66882
189	161	6.75577
189	164	7.74769
189	170	6.60582
189	175	7.01592
189	186	7.25092
189	188	7.28142
189	191	7.22583
189	192	8.13212
189	194	7.91396
190	4	4.90676
190	18	5.17764
190	40	5.60513
190	54	5.82799
190	55	5.68821
190	61	5.27497
190	67	5.63277
190	79	5.37617
190	89	5.14578
190	91	5.55129
190	93	5.67257
190	94	5.64455
190	96	5.52176
190	99	5.59074
190	107	6.44006
190	110	5.56367
190	119	5.87874
190	122	5.99917
190	129	5.77374
190	130	5.91386
190	136	6.32671
190	137	6.14173
190	138	6.21655
190	141	6.00672
190	148	6.2971
190	149	6.82089
190	152	6.6106
190	154	6.49781
190	158	6.71983
190	166	6.64858
190	169	6.75268
190	174	6.68278
190	178	6.9931
190	185	7.49048
190	193	7.66126
190	194	7.40306
190	195	7.25033
190	198	7.54536
191	5	5.30377
191	14	4.97284
191	27	5.48209
191	41	5.31852
191	42	4.8964
191	44	6.39754
191	58	5.40874
191	59	5.623
191	61	5.39132
191	63	5.53807
191	72	5.94321
191	73	5.30661
191	75	5.62499
191	80	5.71964
191	81	5.46716
191	92	5.99074
191	95	7.04934
191	98	5.95181
191	105	5.4924
191	113	6.23136
191	114	6.1651
191	115	6.43921
191	119	5.80229
191	125	6.19834
191	126	6.07266
191	129	5.69729
191	145	6.54833
191	153	6.78985
191	156	7.2891
191	160	6.82021
191	161	6.76447
191	165	7.84736
191	170	7.19695
191	174	6.60633
191	186	7.25962
191	187	7.37186
191	189	7.22583
191	192	7.04375
192	4	5.11474
192	12	5.0046
192	13	5.42404
192	14	4.78206
192	33	5.19024
192	46	5.08979
192	50	6.37886
192	62	5.03478
192	74	5.43987
192	78	4.94838
192	81	6.73045
192	83	5.49485
192	85	5.41606
192	93	5.46516
192	97	5.93673
192	101	5.82916
192	104	5.42043
192	111	5.30528
192	113	6.04058
192	124	6.4831
192	126	5.88188
192	130	5.64663
192	138	5.97164
192	147	6.18297
192	150	6.3936
192	153	6.92518
192	154	6.23057
192	162	6.6941
192	172	6.67529
192	177	6.92886
192	182	7.13678
192	187	7.18108
192	188	7.09934
192	189	8.13212
192	191	7.04375
192	194	8.73103
192	196	7.52429
192	197	7.3476
193	1	4.92652
193	5	4.47799
193	10	5.37208
193	12	5.26188
193	16	5.55231
193	18	5.45146
193	21	5.29162
193	37	5.7359
193	39	5.84944
193	48	5.2118
193	61	5.74159
193	63	4.8929
193	77	5.82708
193	83	4.94184
193	85	5.67721
193	94	5.91837
193	97	5.79452
193	98	6.01812
193	105	6.19877
193	127	6.4505
193	132	6.03752
193	137	6.35608
193	139	6.09436
193	140	6.40078
193	141	6.3608
193	146	6.88894
193	149	7.09471
193	156	7.0278
193	162	6.50733
193	169	7.0265
193	170	6.9648
193	175	6.69215
193	179	6.9093
193	180	7.42681
193	181	6.96105
193	187	7.72214
193	190	7.66126
193	195	7.52415
194	3	4.76631
194	4	4.89658
194	6	5.17308
194	7	5.57799
194	12	4.78644
194	14	5.06492
194	30	5.46621
194	41	5.43511
194	50	6.1607
194	51	5.54269
194	64	5.25383
194	72	5.26221
194	82	5.64926
194	83	5.77771
194	92	6.29246
194	95	5.48243
194	97	5.71857
194	98	5.75992
194	104	5.20227
194	105	5.94057
194	106	6.00465
194	116	6.52724
194	118	6.43273
194	119	7.43255
194	121	6.73091
194	132	5.77932
194	135	6.56096
194	138	6.2545
194	141	6.10261
194	143	6.5066
194	153	6.70702
194	182	7.41964
194	183	7.51943
194	189	7.91396
194	190	7.40306
194	192	8.73103
194	199	7.49632
194	200	7.51684
195	18	5.04053
195	26	5.03081
195	31	6.17327
195	37	4.84844
195	50	5.20472
195	62	5.16491
195	64	5.53416
195	70	5.44797
195	78	5.07851
195	79	5.23906
195	84	5.98935
195	89	5.66071
195	90	7.12583
195	109	5.70735
195	120	6.08394
195	125	5.85813
195	129	5.63663
195	132	6.41509
195	135	6.28744
195	137	6.00462
195	140	5.98985
195	144	6.32908
195	151	6.4034
195	157	6.92915
195	160	6.83902
195	161	5.76135
195	165	6.50428
195	167	6.84957
195	173	6.67506
195	175	6.96397
195	176	7.06842
195	178	6.4339
195	183	7.3667
195	186	7.19896
195	188	7.22947
195	190	7.25033
195	193	7.52415
195	199	7.34359
195	200	7.36411
196	3	5.15477
196	14	5.45337
196	15	4.13398
196	28	5.88279
196	31	5.4417
196	39	5.97971
196	40	6.00921
196	41	5.82357
196	43	4.60043
196	61	5.87185
196	64	5.64229
196	70	6.11194
196	73	5.78714
196	78	5.6197
196	81	5.9477
196	98	6.14838
196	99	6.10547
196	115	6.10097
196	119	6.28282
196	120	6.62514
196	130	5.409
196	132	6.16778
196	136	6.73079
196	144	5.74105
196	145	7.02887
196	147	6.85429
196	150	7.06492
196	155	6.42939
196	159	7.42712
196	161	7.24501
196	166	7.05266
196	167	6.84082
196	168	5.94875
196	175	7.50516
196	180	7.28568
196	188	6.57008
196	192	7.52429
196	197	6.91009
196	199	7.0972
197	1	4.8801
197	9	5.24685
197	10	5.32566
197	11	5.44893
197	15	4.44679
197	34	5.23847
197	43	4.91325
197	45	5.71181
197	49	4.96631
197	54	4.98492
197	74	5.93451
197	78	5.44301
197	82	5.86104
197	84	5.25647
197	94	5.87195
197	104	6.47259
197	111	5.79991
197	122	6.22657
197	124	6.45553
197	132	5.9911
197	136	6.55411
197	137	6.36913
197	141	6.31438
197	144	6.05386
197	145	6.85218
197	155	6.74221
197	160	7.12406
197	164	7.20112
197	170	6.91837
197	172	7.16993
197	180	7.5985
197	182	7.63142
197	183	6.90154
197	184	7.53464
197	186	7.56347
197	188	6.88289
197	192	7.3476
197	196	6.91009
197	199	7.41001
198	6	5.31537
198	11	5.37946
198	13	5.26993
198	28	4.99005
198	29	4.92724
198	30	5.6085
198	37	5.46414
198	38	5.44326
198	53	5.77231
198	69	6.04491
198	70	6.06368
198	76	5.63502
198	84	6.28438
198	96	6.12402
198	99	5.85931
198	105	6.08287
198	107	6.06431
198	109	6.32305
198	113	6.46573
198	114	6.47065
198	115	6.67358
198	122	6.15709
198	129	5.93166
198	131	6.60618
198	132	7.03079
198	146	6.79083
198	149	7.22706
198	150	6.97173
198	151	6.69843
198	157	7.22418
198	159	7.18096
198	161	6.37705
198	165	6.79931
198	170	6.8489
198	171	7.10704
198	173	6.97009
198	174	6.8407
198	176	7.68412
198	178	6.72893
198	190	7.54536
199	2	5.14357
199	8	5.39741
199	19	5.20173
199	20	5.8378
199	25	5.56761
199	29	5.5914
199	32	5.64742
199	42	5.06611
199	47	5.65802
199	54	5.17203
199	67	5.72602
199	84	5.44357
199	86	5.58184
199	87	6.08258
199	94	5.73781
199	99	5.79465
199	103	6.11709
199	108	6.06506
199	112	6.22561
199	115	6.60089
199	117	6.40587
199	130	5.90893
199	138	6.33213
199	145	6.71805
199	147	6.54346
199	152	6.70386
199	155	6.92931
199	168	6.44868
199	173	6.90543
199	177	7.28936
199	179	7.14652
199	181	7.49212
199	183	7.08865
199	184	7.4005
199	188	7.07
199	194	7.49632
199	195	7.34359
199	196	7.0972
199	197	7.41001
199	200	7.59448
200	4	5.02053
200	38	5.39912
200	42	5.08663
200	51	5.64084
200	60	5.70355
200	63	5.07796
200	64	5.35198
200	65	5.75238
200	68	5.99831
200	76	5.59088
200	85	5.86227
200	91	6.32344
200	95	5.58059
200	118	6.14815
200	119	5.99252
200	121	5.42836
200	127	6.29045
200	132	5.87748
200	136	5.73396
200	137	6.54114
200	138	6.35265
200	140	6.24073
200	144	6.57996
200	147	6.10288
200	150	6.77462
200	161	6.9547
200	164	7.0875
200	165	6.75517
200	166	7.31592
200	170	6.80475
200	171	7.06289
200	175	6.87721
200	177	7.30988
200	178	6.68479
200	179	7.09436
200	181	7.14611
200	182	6.96213
200	194	7.51684
200	195	7.36411
200	199	7.59448
