1	46	1.64592
1	62	1.59444
1	98	4.49008
1	104	3.72292
1	130	3.65667
1	141	2.7927
1	155	3.35667
1	165	3.82417
1	180	4.09552
1	181	4.58401
1	182	4.56035
1	187	5.52278
1	194	4.64065
1	196	4.75028
1	199	4.82196
2	42	0.924901
2	98	3.38711
2	111	2.28068
2	150	2.97708
2	151	3.36717
2	153	3.37395
2	159	4.21365
2	168	3.99149
2	178	4.48574
2	182	5.49762
2	183	4.37969
2	186	4.65149
2	188	4.73106
2	190	4.77388
2	197	5.02466
3	55	2.13891
3	68	2.16886
3	89	3.70201
3	97	3.77764
3	133	4.03812
3	142	3.71475
3	163	3.59154
3	165	3.80714
3	173	4.10718
3	180	4.07848
3	181	4.56698
3	182	4.54332
3	185	4.38115
3	194	4.62362
3	199	4.80492
4	90	1.80335
4	106	3.5003
4	131	2.01702
4	137	4.23831
4	155	3.18593
4	160	4.58302
4	162	3.52481
4	173	3.95348
4	175	3.8833
4	182	4.38961
4	185	4.22744
4	195	4.45708
4	196	4.57954
4	197	5.07974
4	199	4.65122
5	10	2.45181
5	69	4.1982
5	80	1.86008
5	142	2.49601
5	143	3.08054
5	167	4.19552
5	168	3.83821
5	171	3.94919
5	183	4.22641
5	186	4.49821
5	187	4.69195
5	188	4.57778
5	189	4.50887
5	190	4.6206
5	197	4.87138
6	68	1.79634
6	122	3.16845
6	152	3.06066
6	165	3.43461
6	172	3.42262
6	173	3.73466
6	181	4.19445
6	182	4.17079
6	184	4.37226
6	185	4.00862
6	186	5.3161
6	194	4.25109
6	195	4.23826
6	196	4.36072
6	200	4.58151
7	47	1.91281
7	81	3.20904
7	86	3.70649
7	109	3.86695
7	114	3.74312
7	119	3.90503
7	120	3.12417
7	126	4.25924
7	136	4.41324
7	138	4.18564
7	149	3.00331
7	154	4.51967
7	155	4.35516
7	158	4.86679
7	176	5.08438
8	43	0.759089
8	56	3.41884
8	82	3.74689
8	112	2.37447
8	133	2.8984
8	136	4.70241
8	143	3.41655
8	144	5.49957
8	150	3.15981
8	153	3.55668
8	178	4.66847
8	186	4.83422
8	189	4.84488
8	190	4.95661
8	197	5.20739
9	59	1.97458
9	70	2.37765
9	106	3.15058
9	132	2.77226
9	141	3.32694
9	145	3.38356
9	156	4.36292
9	157	4.12569
9	160	4.42245
9	164	4.32256
9	176	4.9389
9	177	3.89231
9	179	5.21252
9	186	4.13083
9	200	5.78599
10	5	2.45181
10	39	3.17262
10	48	2.76209
10	54	3.31788
10	64	3.41284
10	71	3.32681
10	73	3.5733
10	76	3.49404
10	86	4.14126
10	114	4.17788
10	118	4.60048
10	119	4.33979
10	138	4.62041
10	158	5.30156
10	165	5.39829
11	44	2.04703
11	74	2.90213
11	87	2.86238
11	132	3.30155
11	134	3.57631
11	144	3.76484
11	145	4.01936
11	149	2.16013
11	169	4.7118
11	171	3.67274
11	187	5.35819
11	191	5.45527
11	195	4.42308
11	198	5.96906
11	200	3.92553
12	13	2.13685
12	58	2.12553
12	95	2.35375
12	115	2.55445
12	131	2.88095
12	132	3.01867
12	152	4.1434
12	156	3.7258
12	159	3.84926
12	175	4.74722
12	183	4.91363
12	194	5.33384
12	195	5.32101
12	196	5.44346
12	199	5.51514
13	12	2.13685
13	37	2.05558
13	45	2.35406
13	51	4.0168
13	68	3.15694
13	85	2.55178
13	92	3.00065
13	103	5.3132
13	105	3.15264
13	147	3.79218
13	157	5.0788
13	170	4.53974
13	182	5.53139
13	195	5.59886
13	199	5.793
14	48	3.43172
14	67	3.8161
14	75	3.84144
14	82	3.87725
14	83	2.31003
14	84	3.89696
14	89	4.24474
14	91	3.95698
14	101	4.29133
14	108	4.65622
14	111	3.00447
14	113	4.65616
14	152	3.32207
14	163	3.97129
14	185	4.84777
15	49	3.25722
15	50	3.17146
15	63	3.12394
15	78	3.58431
15	86	4.10148
15	119	4.30002
15	123	4.47731
15	136	4.80823
15	138	4.58063
15	139	1.85219
15	158	5.26178
15	166	2.65227
15	182	4.85568
15	184	3.6879
15	193	4.39151
16	38	4.57807
16	105	2.07189
16	123	3.39838
16	147	2.71144
16	149	4.41893
16	152	3.34051
16	155	3.24697
16	162	3.58585
16	163	3.49887
16	174	5.03728
16	175	3.94434
16	181	4.47431
16	182	4.45065
16	196	4.64058
16	199	4.71226
17	109	2.26929
17	124	2.44829
17	125	2.2928
17	159	3.08708
17	161	3.59881
17	169	3.5448
17	174	3.92276
17	177	4.08567
17	179	4.71541
17	182	5.46352
17	187	4.19118
17	191	4.28826
17	193	4.40939
17	195	5.00255
17	198	4.80205
18	22	1.62401
18	76	0.870597
18	146	3.6534
18	149	3.03004
18	168	3.54301
18	171	3.654
18	175	5.80771
18	178	4.03726
18	183	3.93121
18	186	4.20302
18	188	4.28259
18	189	4.21367
18	190	4.3254
18	193	6.27005
18	197	4.57618
19	65	2.02561
19	70	2.18357
19	103	2.39052
19	126	2.10941
19	129	2.87886
19	135	3.84152
19	151	3.80249
19	155	4.24579
19	156	4.16884
19	166	4.29029
19	179	5.01844
19	184	5.08286
19	192	5.26439
19	199	5.26706
19	200	5.59191
20	30	3.3984
20	75	3.79375
20	82	3.82955
20	84	3.84927
20	89	4.19704
20	90	2.47097
20	91	3.90929
20	95	4.23331
20	96	2.53901
20	101	4.24363
20	108	4.60852
20	113	4.60846
20	141	4.72738
20	170	4.03899
20	174	3.64964
21	85	1.68134
21	96	2.09448
21	115	3.27089
21	116	2.41641
21	119	3.73546
21	148	3.48407
21	149	3.60238
21	156	4.44224
21	172	4.24243
21	178	4.60961
21	186	4.77536
21	188	4.85493
21	189	4.78602
21	190	4.89775
21	197	5.14853
22	18	1.62401
22	62	2.20961
22	115	3.73586
22	120	3.40366
22	127	3.16804
22	132	3.83696
22	134	3.58625
22	135	3.5142
22	137	3.70024
22	145	4.0293
22	146	4.08657
22	180	4.4458
22	182	5.41945
22	191	5.4652
22	198	5.97899
23	72	1.99724
23	74	2.62364
23	87	2.58389
23	110	2.99125
23	115	3.44744
23	135	3.22578
23	146	3.79815
23	163	3.64832
23	165	3.58728
23	169	4.43332
23	174	4.81128
23	177	4.97419
23	183	5.18109
23	187	5.0797
23	198	5.69057
24	27	1.681
24	46	2.54803
24	68	3.08801
24	118	3.04089
24	127	1.98434
24	128	3.03198
24	152	4.35232
24	170	4.47081
24	176	4.12593
24	179	4.02068
24	180	4.99763
24	185	5.30029
24	193	4.30461
24	194	5.54276
24	196	5.65239
25	51	2.48695
25	64	2.69209
25	81	2.92306
25	97	3.34378
25	109	3.58096
25	118	3.87973
25	119	3.61905
25	123	3.79633
25	136	4.12725
25	138	3.89966
25	154	4.23369
25	158	4.58081
25	170	4.39507
25	179	5.36318
25	188	5.20249
26	33	3.45525
26	35	2.96727
26	60	3.47689
26	67	3.86285
26	79	3.87185
26	82	3.924
26	91	4.00373
26	95	4.32775
26	101	4.33808
26	108	4.70297
26	113	4.70291
26	157	2.99155
26	161	3.53011
26	173	3.83449
26	194	4.09557
27	24	1.681
27	105	2.48786
27	110	2.33217
27	120	4.54766
27	122	4.77914
27	139	4.14724
27	140	2.73052
27	147	3.12741
27	160	5.7063
27	162	4.00182
27	163	3.91484
27	181	4.89028
27	185	4.70445
27	194	4.94692
27	195	4.93409
27	196	5.05655
28	37	2.0848
28	53	3.10747
28	117	2.5036
28	120	3.58813
28	141	5.16338
28	151	3.40827
28	156	3.77462
28	157	3.53739
28	164	3.73425
28	167	4.116
28	176	4.3506
28	179	4.62422
28	184	4.68864
28	192	4.87017
28	197	5.2435
28	200	5.19769
29	98	3.02709
29	99	2.70023
29	104	2.69269
29	106	3.13502
29	117	3.07635
29	118	3.40971
29	135	3.36126
29	151	3.98101
29	157	4.11014
29	166	4.46881
29	167	4.68874
29	176	4.92334
29	177	4.67516
29	184	5.26138
29	199	4.7868
29	200	5.77043
30	20	3.3984
30	33	3.56478
30	48	3.58801
30	60	3.58643
30	82	4.03353
30	84	4.05325
30	89	4.40102
30	91	4.11327
30	95	4.43729
30	108	4.8125
30	111	2.27825
30	113	4.81244
30	181	3.91662
30	182	4.99745
30	184	3.82968
30	198	4.2122
31	65	2.28192
31	72	2.03961
31	79	2.30629
31	103	3.24902
31	133	3.16657
31	143	3.68472
31	150	3.42798
31	171	4.55337
31	175	4.65044
31	178	4.93664
31	183	4.83059
31	187	4.49914
31	188	5.18196
31	190	5.22478
31	192	4.51305
31	197	5.47556
32	36	2.14815
32	39	3.18596
32	52	3.47579
32	74	2.57134
32	87	2.53159
32	121	3.01304
32	139	3.45367
32	144	3.43405
32	159	3.9233
32	161	4.43503
32	162	5.86467
32	169	4.38102
32	174	4.75898
32	176	6.67372
32	187	5.0274
32	191	5.12448
33	26	3.45525
33	30	3.56478
33	35	3.13541
33	48	3.55041
33	59	1.7813
33	60	3.54883
33	79	3.94379
33	84	4.01565
33	89	4.36342
33	95	4.39969
33	101	4.41002
33	108	4.77491
33	113	4.77485
33	165	3.90861
33	178	5.27497
33	189	5.12313
34	114	1.8023
34	128	2.5427
34	131	2.60059
34	147	3.23397
34	162	4.10838
34	164	3.78878
34	165	4.237
34	172	4.22501
34	173	4.53705
34	175	4.46687
34	177	4.4612
34	178	4.47658
34	181	4.99684
34	185	4.81101
34	186	4.69971
34	194	5.05348
35	26	2.96727
35	33	3.13541
35	53	2.06942
35	54	4.04922
35	75	3.21123
35	92	2.87486
35	120	2.86379
35	143	5.81463
35	144	3.23491
35	161	4.23589
35	174	4.55984
35	177	4.72275
35	187	4.82826
35	191	4.92534
35	193	5.04647
35	198	5.43913
36	32	2.14815
36	44	2.26101
36	47	4.51959
36	53	2.81333
36	83	2.5826
36	98	3.41159
36	119	3.88202
36	122	3.4706
36	137	3.9043
36	140	4.06069
36	146	4.29062
36	165	4.18282
36	177	5.46666
36	187	5.57217
36	191	5.66926
36	193	5.79039
37	13	2.05558
37	28	2.0848
37	47	2.60884
37	58	2.04426
37	85	2.19266
37	111	3.70407
37	152	4.06213
37	165	4.43609
37	171	5.21196
37	172	4.4241
37	173	4.73614
37	182	5.17227
37	185	5.0101
37	195	5.23974
37	198	5.63802
37	199	5.43388
38	16	4.57807
38	65	1.54886
38	93	3.70557
38	99	5.02358
38	112	1.90958
38	148	3.07805
38	168	3.70933
38	171	3.82031
38	174	5.85934
38	178	4.20358
38	183	4.09753
38	186	4.36933
38	188	4.4489
38	189	4.37999
38	190	4.49172
38	197	4.7425
39	10	3.17262
39	32	3.18596
39	43	1.98779
39	49	3.16441
39	53	3.31533
39	63	3.03112
39	64	3.28025
39	97	3.93194
39	118	4.46789
39	126	4.56141
39	129	4.29471
39	136	4.71541
39	138	4.48782
39	154	4.82185
39	158	5.16897
39	182	6.39905
40	64	1.95225
40	80	1.9866
40	98	2.58523
40	103	3.79073
40	146	3.46426
40	148	3.55396
40	159	3.64171
40	167	4.54442
40	168	5.34369
40	169	4.09943
40	174	4.4774
40	177	4.6403
40	187	4.74581
40	191	4.8429
40	193	4.96403
40	198	5.35668
41	53	2.40361
41	87	2.66664
41	116	2.95071
41	121	3.14809
41	137	3.49458
41	139	3.58872
41	146	3.88091
41	169	4.51607
41	173	3.03289
41	174	4.89404
41	176	4.10944
41	177	5.05694
41	182	4.75229
41	193	5.38067
41	198	5.77332
41	199	4.40149
42	2	0.924901
42	70	2.29917
42	99	2.6373
42	129	2.99445
42	130	2.92985
42	141	4.92912
42	151	3.91808
42	160	4.34396
42	164	4.24407
42	167	4.62581
42	176	4.86041
42	179	5.13403
42	180	4.98329
42	181	4.87611
42	189	5.35804
42	192	5.37998
42	200	5.7075
43	8	0.759089
43	39	1.98779
43	128	4.43712
43	129	4.01406
43	143	3.30575
43	149	3.55045
43	168	4.06342
43	171	4.17441
43	178	4.55767
43	183	4.45162
43	186	4.72343
43	188	4.803
43	189	4.73408
43	190	4.84581
43	196	5.4548
43	197	5.09659
43	200	5.15989
44	11	2.04703
44	36	2.26101
44	69	3.89291
44	120	3.1758
44	124	3.39737
44	125	3.24188
44	159	4.03616
44	161	4.54789
44	163	3.71211
44	164	4.32962
44	174	4.87185
44	175	4.53796
44	187	5.14026
44	188	4.55569
44	191	5.23735
44	193	5.35848
44	198	5.75113
45	13	2.35406
45	46	2.55633
45	89	2.63935
45	100	2.77741
45	132	3.23588
45	138	3.95576
45	141	3.70311
45	143	4.11481
45	155	4.26707
45	159	4.95925
45	162	4.60595
45	172	4.72258
45	173	5.03462
45	175	4.96444
45	185	5.30858
45	188	5.33443
45	195	5.53822
46	1	1.64592
46	24	2.54803
46	45	2.55633
46	69	4.64076
46	81	3.2977
46	85	2.75405
46	95	3.43285
46	110	3.19921
46	128	3.30317
46	148	3.64761
46	162	4.86886
46	170	4.742
46	182	5.73366
46	183	5.99272
46	195	5.80113
46	196	5.92358
46	199	5.99527
47	7	1.91281
47	36	4.51959
47	37	2.60884
47	66	1.81424
47	99	2.72117
47	115	4.13646
47	127	3.93079
47	150	3.89737
47	156	4.3683
47	160	4.42783
47	164	4.32794
47	167	4.70969
47	176	4.94428
47	179	5.21791
47	184	5.28232
47	192	5.46385
47	200	5.79138
48	10	2.76209
48	14	3.43172
48	30	3.58801
48	33	3.55041
48	67	3.95801
48	75	3.98335
48	79	3.96702
48	84	4.03887
48	91	4.09889
48	95	4.42292
48	101	4.43324
48	108	4.79813
48	113	4.79807
48	154	3.71446
48	162	4.62814
48	168	5.30506
48	169	4.63001
49	15	3.25722
49	39	3.16441
49	50	3.20303
49	63	3.1555
49	72	2.6204
49	78	3.61588
49	109	4.2935
49	119	4.33159
49	123	4.50887
49	126	4.68579
49	131	3.3252
49	138	4.6122
49	154	4.94622
49	157	3.46152
49	158	5.29335
49	183	5.80425
49	186	5.79993
50	15	3.17146
50	49	3.20303
50	59	2.61086
50	61	3.20099
50	73	3.47933
50	97	3.97055
50	99	3.61028
50	100	3.25791
50	109	4.20774
50	114	4.08391
50	118	4.50651
50	123	4.42311
50	136	4.75403
50	154	4.86046
50	158	5.20759
50	168	5.77661
50	198	5.76635
51	13	4.0168
51	25	2.48695
51	96	2.20125
51	107	2.26839
51	138	4.61787
51	143	3.46445
51	147	4.8089
51	148	3.59084
51	153	3.60459
51	165	5.09192
51	171	4.33311
51	183	4.61033
51	186	4.88213
51	188	4.9617
51	189	4.89279
51	190	5.00451
51	197	5.25529
52	32	3.47579
52	69	1.74168
52	94	2.50566
52	118	4.96099
52	126	3.18042
52	135	4.91254
52	151	3.69979
52	157	3.82891
52	158	4.54876
52	160	4.12567
52	164	4.02578
52	166	4.18759
52	167	4.40752
52	179	4.91574
52	184	4.98016
52	192	5.16169
52	200	5.48921
53	28	3.10747
53	35	2.06942
53	36	2.81333
53	39	3.31533
53	41	2.40361
53	65	3.85368
53	80	2.93337
53	115	4.06032
53	121	3.67822
53	122	3.59101
53	133	4.17817
53	146	4.41103
53	161	5.10021
53	185	6.57004
53	191	5.78967
53	193	5.9108
53	198	6.30345
54	10	3.31788
54	35	4.04922
54	74	2.82782
54	88	2.43609
54	93	2.72638
54	99	2.80945
54	125	2.51345
54	143	4.50742
54	156	4.45658
54	160	4.51611
54	166	4.57803
54	167	4.79796
54	176	5.03256
54	179	5.30619
54	184	5.3706
54	192	5.55213
54	197	5.68814
54	200	5.87966
55	3	2.13891
55	98	3.35221
55	120	3.54833
55	121	3.49843
55	134	3.73092
55	137	3.84491
55	139	3.93906
55	145	4.17397
55	158	3.22258
55	169	4.86641
55	174	5.24437
55	177	5.40728
55	179	4.61459
55	180	4.38905
55	181	4.28186
55	192	4.29879
55	193	5.731
55	198	6.12366
56	8	3.41884
56	66	1.96008
56	69	2.18969
56	98	3.52481
56	106	3.3018
56	116	3.83374
56	133	2.36755
56	141	4.6075
56	156	4.51415
56	160	4.57367
56	166	4.6356
56	167	4.85553
56	176	5.09012
56	179	5.36375
56	184	5.42816
56	192	5.60969
56	195	5.17435
56	200	5.93722
57	61	3.19084
57	77	1.44453
57	95	4.24758
57	111	2.5492
57	128	5.34577
57	137	5.23793
57	148	3.62874
57	149	3.74704
57	150	3.24561
57	151	4.8966
57	168	4.26002
57	178	4.75427
57	183	4.64822
57	186	4.92002
57	188	4.99959
57	189	4.93068
57	190	5.04241
57	197	5.29319
58	12	2.12553
58	37	2.04426
58	73	2.12008
58	91	3.13915
58	110	2.98563
58	122	3.61592
58	138	3.70003
58	156	4.58007
58	162	4.65528
58	163	4.5683
58	172	4.7719
58	175	5.01376
58	180	5.05524
58	182	5.52008
58	185	5.35791
58	186	5.76358
58	195	5.58755
58	199	5.78168
59	9	1.97458
59	33	1.7813
59	50	2.61086
59	81	3.67431
59	93	2.87466
59	94	3.04438
59	116	4.78736
59	145	5.61773
59	151	4.23851
59	158	4.44881
59	160	4.66439
59	164	4.5645
59	166	4.72631
59	167	4.94624
59	176	5.18084
59	184	5.51888
59	192	5.70041
59	200	6.02793
60	26	3.47689
60	30	3.58643
60	33	3.54883
60	67	3.95643
60	75	3.98177
60	79	3.96544
60	82	4.01758
60	89	4.38507
60	91	4.09731
60	95	4.42134
60	101	4.43166
60	106	4.16497
60	108	4.79655
60	113	4.79649
60	142	3.10099
60	151	4.56166
60	159	5.40814
60	192	5.62821
61	50	3.20099
61	57	3.19084
61	64	3.40259
61	71	3.31656
61	73	3.56306
61	81	3.63356
61	86	4.13101
61	97	4.05428
61	114	4.16763
61	118	4.59023
61	119	4.32955
61	124	3.46482
61	131	3.99478
61	136	4.83775
61	154	4.94418
61	158	5.29131
61	186	6.46952
61	188	5.78465
62	1	1.59444
62	22	2.20961
62	66	3.31826
62	81	4.4052
62	87	3.88108
62	102	2.8099
62	136	3.70905
62	140	3.54607
62	141	3.91452
62	155	4.47849
62	161	5.29604
62	163	4.73039
62	170	4.69051
62	172	4.93399
62	173	5.24604
62	181	5.70583
62	196	5.8721
62	199	5.94378
63	15	3.12394
63	39	3.03112
63	49	3.1555
63	76	2.84328
63	97	3.92303
63	109	4.16022
63	114	4.03639
63	118	4.45898
63	119	4.1983
63	123	4.37559
63	126	4.55251
63	129	4.4566
63	138	4.47891
63	154	4.81294
63	158	5.16006
63	166	4.35754
63	171	5.34964
63	176	5.91809
64	10	3.41284
64	25	2.69209
64	39	3.28025
64	40	1.95225
64	61	3.40259
64	71	3.43445
64	73	3.68094
64	109	4.40934
64	114	4.28552
64	118	4.70811
64	136	4.95564
64	138	4.72804
64	143	4.23483
64	154	5.06207
64	158	5.40919
64	168	5.58826
64	171	5.15193
64	199	6.01244
65	19	2.02561
65	31	2.28192
65	38	1.54886
65	53	3.85368
65	71	3.37765
65	72	2.9153
65	88	3.15027
65	96	3.29721
65	142	3.97588
65	145	5.96621
65	150	4.30367
65	153	4.70054
65	168	5.31808
65	171	5.42907
65	178	5.81233
65	188	6.05766
65	189	5.98874
65	193	6.47324
65	197	6.35125
66	47	1.81424
66	56	1.96008
66	62	3.31826
66	94	2.87865
66	103	2.66083
66	139	3.52462
66	145	5.5569
66	151	4.07279
66	156	4.43914
66	157	4.20191
66	160	4.49866
66	164	4.39878
66	176	5.01512
66	179	5.28874
66	184	5.35316
66	186	6.30418
66	192	5.53469
66	199	6.1773
66	200	5.86221
67	14	3.8161
67	26	3.86285
67	48	3.95801
67	60	3.95643
67	75	4.36773
67	79	4.35139
67	84	4.42325
67	88	2.24254
67	89	4.77102
67	91	4.48327
67	95	4.80729
67	100	2.736
67	101	4.81762
67	108	5.18251
67	113	5.18245
67	147	3.93325
67	175	5.10316
67	177	5.56724
67	179	5.28158
68	3	2.16886
68	6	1.79634
68	13	3.15694
68	24	3.08801
68	104	2.90077
68	105	3.89487
68	106	3.25131
68	132	4.03876
68	141	4.50598
68	160	4.33403
68	161	3.75467
68	162	5.40883
68	165	5.53745
68	170	5.28197
68	181	6.29729
68	191	5.23118
68	193	5.31428
68	195	6.3411
68	196	6.46356
69	5	4.1982
69	44	3.89291
69	46	4.64076
69	52	1.74168
69	56	2.18969
69	93	2.93854
69	104	3.01407
69	106	3.4564
69	127	6.17365
69	129	3.37876
69	139	5.95461
69	157	4.43152
69	160	4.72827
69	164	4.62838
69	166	4.79019
69	176	5.24472
69	184	5.58276
69	192	5.76429
69	200	6.09181
70	9	2.37765
70	19	2.18357
70	42	2.29917
70	101	2.30352
70	104	3.35326
70	106	3.79559
70	130	3.65335
70	152	3.02676
70	160	5.06746
70	167	5.34931
70	176	5.58391
70	178	4.9813
70	179	5.85754
70	184	5.92195
70	189	4.82946
70	192	6.10348
70	195	4.9674
70	196	4.76476
70	200	6.431
71	10	3.32681
71	61	3.31656
71	64	3.43445
71	65	3.37765
71	78	3.64569
71	81	3.66541
71	86	4.16286
71	97	4.08613
71	109	4.32332
71	112	2.95545
71	114	4.19949
71	118	4.62208
71	119	4.3614
71	123	4.53869
71	154	4.97604
71	158	5.32316
71	177	6.50747
71	197	6.02221
71	200	6.01139
72	23	1.99724
72	31	2.03961
72	49	2.6204
72	65	2.9153
72	103	4.79827
72	111	3.36496
72	133	3.79995
72	142	3.73357
72	143	4.3181
72	147	5.02977
72	149	4.5628
72	150	4.06136
72	168	5.07577
72	178	5.57002
72	183	5.46397
72	187	6.04838
72	189	5.74643
72	190	5.85816
72	197	6.10894
72	198	6.34096
73	10	3.5733
73	50	3.47933
73	58	2.12008
73	61	3.56306
73	64	3.68094
73	78	3.89219
73	109	4.56981
73	114	4.44598
73	118	4.86858
73	123	4.78518
73	126	4.9621
73	136	5.1161
73	137	4.87311
73	138	4.8885
73	150	3.84437
73	153	3.71915
73	154	5.22253
73	158	5.56966
73	189	6.06334
73	195	6.20128
74	11	2.90213
74	23	2.62364
74	32	2.57134
74	54	2.82782
74	90	3.43743
74	110	4.3122
74	115	4.3631
74	122	3.89379
74	125	4.09698
74	127	3.79528
74	134	4.21349
74	137	4.32749
74	153	3.77856
74	161	5.40299
74	174	5.72694
74	179	5.97355
74	186	6.49772
74	187	5.99536
74	191	6.09244
74	198	6.60623
75	14	3.84144
75	20	3.79375
75	35	3.21123
75	48	3.98335
75	60	3.98177
75	67	4.36773
75	79	4.37673
75	82	4.42888
75	84	4.44859
75	89	4.79637
75	91	4.50861
75	95	4.83263
75	101	4.84296
75	108	5.20785
75	113	5.20779
75	155	4.42578
75	170	4.08164
75	175	4.87133
75	176	5.155
75	196	5.13425
76	10	3.49404
76	18	0.870597
76	63	2.84328
76	96	2.78526
76	116	3.1072
76	119	4.69778
76	133	3.53032
76	134	3.80205
76	153	4.1886
76	168	4.80614
76	171	4.91712
76	178	5.30039
76	179	6.0639
76	183	5.19434
76	185	5.9361
76	186	5.46614
76	188	5.54571
76	189	5.4768
76	190	5.58853
76	197	5.83931
77	57	1.44453
77	86	3.49965
77	89	3.77757
77	97	3.8532
77	100	4.08776
77	116	2.96412
77	143	3.90539
77	148	4.03178
77	149	4.15009
77	153	4.04553
77	160	5.93702
77	163	5.62907
77	168	4.66306
77	178	5.15731
77	183	5.05126
77	186	5.32307
77	188	5.40264
77	189	5.33372
77	190	5.44545
77	197	5.69623
78	15	3.58431
78	49	3.61588
78	71	3.64569
78	73	3.89219
78	81	3.96269
78	86	4.46014
78	96	3.21319
78	109	4.62059
78	113	2.88183
78	114	4.49676
78	119	4.65868
78	123	4.83596
78	126	5.01288
78	128	4.74809
78	129	4.32503
78	138	4.93929
78	154	5.27332
78	158	5.62044
78	183	6.20977
78	200	5.47086
79	26	3.87185
79	31	2.30629
79	33	3.94379
79	48	3.96702
79	60	3.96544
79	67	4.35139
79	75	4.37673
79	81	4.34437
79	82	4.41254
79	84	4.43226
79	89	4.78003
79	91	4.49228
79	93	2.99967
79	95	4.8163
79	101	4.82662
79	108	5.19151
79	113	5.19145
79	129	5.15465
79	167	5.68474
79	200	6.30048
80	5	1.86008
80	40	1.9866
80	53	2.93337
80	90	3.33575
80	115	4.05995
80	118	4.89208
80	132	5.03748
80	135	3.8383
80	137	4.02434
80	139	4.11848
80	144	4.09887
80	145	4.35339
80	146	4.41067
80	161	5.09985
80	185	5.74408
80	187	5.69221
80	189	6.02107
80	191	5.7893
80	193	5.91043
80	198	6.30308
81	7	3.20904
81	25	2.92306
81	46	3.2977
81	59	3.67431
81	61	3.63356
81	62	4.4052
81	71	3.66541
81	78	3.96269
81	79	4.34437
81	101	4.4902
81	109	4.64031
81	118	4.93908
81	119	4.67839
81	123	4.85568
81	126	5.0326
81	136	5.1866
81	138	4.95901
81	154	5.29303
81	158	5.64016
81	180	6.64139
82	8	3.74689
82	14	3.87725
82	20	3.82955
82	26	3.924
82	30	4.03353
82	60	4.01758
82	75	4.42888
82	79	4.41254
82	84	4.4844
82	89	4.83217
82	91	4.54442
82	95	4.86844
82	101	4.87877
82	108	5.24366
82	113	5.2436
82	122	3.59179
82	140	4.02783
82	159	4.6794
82	168	5.18839
82	199	5.61257
83	14	2.31003
83	36	2.5826
83	90	3.02733
83	120	4.51297
83	121	4.98148
83	130	4.1721
83	140	3.47749
83	141	3.84595
83	144	4.30242
83	147	3.87438
83	152	4.50346
83	162	4.74879
83	164	5.98117
83	173	5.17746
83	175	5.10728
83	180	5.14876
83	181	5.63725
83	185	5.45142
83	194	5.69389
83	196	5.80352
83	199	5.8752
84	14	3.89696
84	20	3.84927
84	30	4.05325
84	33	4.01565
84	48	4.03887
84	67	4.42325
84	75	4.44859
84	79	4.43226
84	82	4.4844
84	86	2.84815
84	89	4.85189
84	91	4.56413
84	95	4.88816
84	101	4.89848
84	108	5.26337
84	113	5.26331
84	144	3.91633
84	163	4.97757
84	179	5.98184
84	190	5.18409
84	198	5.9447
85	13	2.55178
85	21	1.68134
85	37	2.19266
85	46	2.75405
85	102	2.7962
85	152	4.55834
85	155	4.4648
85	156	4.9539
85	162	4.80368
85	165	4.9323
85	172	4.9203
85	175	5.16216
85	176	5.71847
85	177	5.89889
85	180	5.20364
85	181	5.69213
85	190	4.81548
85	191	5.81406
85	194	5.74878
85	195	5.73594
85	196	5.8584
86	7	3.70649
86	10	4.14126
86	15	4.10148
86	61	4.13101
86	71	4.16286
86	77	3.49965
86	78	4.46014
86	84	2.84815
86	96	3.43168
86	97	4.90058
86	109	5.13776
86	114	5.01393
86	118	5.43653
86	119	5.17585
86	124	3.41924
86	126	5.53005
86	136	5.68405
86	154	5.79048
86	156	5.24044
86	160	5.20345
86	162	5.19596
87	11	2.86238
87	23	2.58389
87	32	2.53159
87	41	2.66664
87	62	3.88108
87	111	4.37173
87	115	4.32335
87	116	5.28935
87	121	3.94125
87	122	3.85404
87	145	4.61679
87	146	4.67406
87	148	4.52621
87	152	4.68933
87	161	5.36324
87	169	5.30923
87	177	5.8501
87	191	6.0527
87	193	6.17383
87	197	6.14323
87	198	6.56648
88	54	2.43609
88	65	3.15027
88	67	2.24254
88	94	3.41222
88	103	3.19439
88	106	3.76036
88	120	4.13946
88	135	4.96618
88	151	4.60636
88	157	4.73548
88	160	5.03223
88	161	4.71875
88	164	4.93234
88	166	5.09416
88	167	5.31409
88	176	5.54868
88	179	5.82231
88	183	6.52292
88	184	5.88672
88	190	5.19667
88	192	6.06826
88	200	6.39578
89	3	3.70201
89	14	4.24474
89	20	4.19704
89	30	4.40102
89	33	4.36342
89	45	2.63935
89	60	4.38507
89	67	4.77102
89	75	4.79637
89	77	3.77757
89	79	4.78003
89	82	4.83217
89	84	4.85189
89	91	4.91191
89	95	5.23593
89	101	5.24625
89	108	5.61114
89	113	5.61108
89	133	3.65803
89	154	4.56021
89	171	5.71449
89	182	6.92579
90	4	1.80335
90	20	2.47097
90	74	3.43743
90	80	3.33575
90	83	3.02733
90	100	3.36848
90	110	3.52737
90	131	3.68923
90	134	4.23549
90	148	4.68073
90	152	4.95168
90	163	5.11004
90	165	5.32564
90	169	5.79541
90	170	5.07017
90	173	5.62569
90	181	6.08548
90	182	6.06182
90	186	7.02152
90	194	6.14212
90	195	6.12929
90	199	6.32343
91	14	3.95698
91	20	3.90929
91	26	4.00373
91	30	4.11327
91	48	4.09889
91	58	3.13915
91	60	4.09731
91	67	4.48327
91	75	4.50861
91	79	4.49228
91	82	4.54442
91	84	4.56413
91	89	4.91191
91	95	4.94818
91	101	4.9585
91	108	5.32339
91	113	5.32333
91	114	4.55997
91	137	5.89218
91	139	4.67783
91	161	5.65753
91	196	7.01771
92	13	3.00065
92	35	2.87486
92	98	4.33745
92	99	2.94786
92	101	2.76434
92	113	2.34163
92	115	4.86576
92	121	4.48366
92	134	4.71615
92	135	4.64411
92	139	4.9243
92	141	4.86136
92	144	4.90468
92	145	5.1592
92	159	5.39393
92	174	6.22961
92	177	6.39252
92	181	4.80835
92	191	6.59511
92	192	4.82528
92	193	6.71624
92	195	5.42822
93	38	3.70557
93	54	2.72638
93	59	2.87466
93	69	2.93854
93	79	2.99967
93	106	4.05065
93	117	3.99198
93	130	3.90842
93	151	4.89665
93	155	4.89827
93	156	5.263
93	157	5.02577
93	164	5.22263
93	166	5.38445
93	167	5.60438
93	173	4.55094
93	178	5.82328
93	179	6.1126
93	184	6.17702
93	189	5.67144
93	192	6.35855
93	198	5.48509
93	200	6.68607
94	52	2.50566
94	59	3.04438
94	66	2.87865
94	88	3.41222
94	104	3.77804
94	117	4.1617
94	128	4.13584
94	130	4.07814
94	145	4.84593
94	155	4.44505
94	156	5.43272
94	157	5.19549
94	164	5.39235
94	166	5.55417
94	167	5.7741
94	175	4.89061
94	179	6.28232
94	180	4.84347
94	184	6.34673
94	187	4.73931
94	191	5.26985
94	192	6.52826
94	200	6.85579
95	12	2.35375
95	20	4.23331
95	26	4.32775
95	30	4.43729
95	33	4.39969
95	46	3.43285
95	48	4.42292
95	57	4.24758
95	60	4.42134
95	67	4.80729
95	75	4.83263
95	79	4.8163
95	82	4.86844
95	84	4.88816
95	89	5.23593
95	91	4.94818
95	101	5.28252
95	104	4.8725
95	108	5.64741
95	111	5.03098
95	113	5.64735
95	167	6.17593
95	168	6.9752
96	20	2.53901
96	21	2.09448
96	51	2.20125
96	65	3.29721
96	76	2.78526
96	78	3.21319
96	86	3.43168
96	133	4.18186
96	147	5.21704
96	149	4.9447
96	150	4.44327
96	151	5.18302
96	153	4.84014
96	168	5.45768
96	176	6.67062
96	177	6.85103
96	178	5.95193
96	183	5.84588
96	186	6.11768
96	188	6.19725
96	189	6.12834
96	190	6.24007
96	197	6.49085
97	3	3.77764
97	25	3.34378
97	39	3.93194
97	50	3.97055
97	61	4.05428
97	63	3.92303
97	71	4.08613
97	77	3.8532
97	86	4.90058
97	109	5.06103
97	113	3.45387
97	118	5.3598
97	119	5.09911
97	123	5.2764
97	126	5.45332
97	136	5.60732
97	138	5.37972
97	143	4.87301
97	146	3.9206
97	154	5.71375
97	158	6.06088
97	182	7.00142
97	198	6.21617
98	1	4.49008
98	2	3.38711
98	29	3.02709
98	36	3.41159
98	40	2.58523
98	55	3.35221
98	56	3.52481
98	92	4.33745
98	112	4.4047
98	115	4.65858
98	121	4.27648
98	124	4.54795
98	125	4.39246
98	134	4.50897
98	135	4.43693
98	159	5.18675
98	160	6.97473
98	161	5.69848
98	164	7.28429
98	174	6.02243
98	191	6.38793
98	193	6.50906
98	198	6.90171
99	29	2.70023
99	38	5.02358
99	42	2.6373
99	47	2.72117
99	50	3.61028
99	54	2.80945
99	92	2.94786
99	104	3.69139
99	110	5.1789
99	129	4.05608
99	133	4.32058
99	156	5.34606
99	157	5.10884
99	160	5.40559
99	166	5.46751
99	167	5.68744
99	170	5.87214
99	176	5.92204
99	179	6.19566
99	184	6.26008
99	192	6.44161
99	194	6.13004
99	200	6.76913
100	45	2.77741
100	50	3.25791
100	67	2.736
100	77	4.08776
100	90	3.36848
100	105	3.57598
100	110	3.42029
100	116	5.4344
100	128	3.52426
100	147	4.21553
100	148	4.67127
100	163	5.00296
100	165	5.21856
100	172	5.20657
100	175	5.44843
100	180	5.4899
100	181	5.9784
100	182	5.95474
100	185	5.79257
100	189	6.63708
100	194	6.03504
100	197	6.28828
100	199	6.21635
101	14	4.29133
101	20	4.24363
101	26	4.33808
101	33	4.41002
101	48	4.43324
101	60	4.43166
101	67	4.81762
101	70	2.30352
101	75	4.84296
101	79	4.82662
101	81	4.4902
101	82	4.87877
101	84	4.89848
101	89	5.24625
101	91	4.9585
101	92	2.76434
101	95	5.28252
101	108	5.65774
101	110	4.99537
101	113	5.65768
101	141	6.377
101	147	5.30839
101	191	6.85755
102	62	2.8099
102	85	2.7962
102	116	5.11248
102	117	3.58072
102	121	4.7795
102	126	3.40559
102	132	3.54094
102	140	3.63971
102	151	4.78359
102	155	4.57213
102	163	4.82403
102	165	5.03963
102	171	5.70275
102	172	5.02764
102	173	5.33968
102	175	5.2695
102	180	5.31098
102	182	5.77581
102	184	5.74628
102	185	5.61364
102	194	5.85611
102	195	5.84328
102	196	5.96574
103	13	5.3132
103	19	2.39052
103	31	3.24902
103	40	3.79073
103	66	2.66083
103	72	4.79827
103	88	3.19439
103	107	3.96282
103	117	3.94387
103	129	3.92491
103	130	3.86031
103	151	4.84854
103	156	5.21489
103	160	5.27441
103	164	5.17452
103	166	5.33634
103	167	5.55627
103	168	7.42675
103	176	5.79087
103	179	6.06449
103	184	6.12891
103	192	6.31044
103	194	6.74342
103	200	6.63796
104	1	3.72292
104	29	2.69269
104	68	2.90077
104	69	3.01407
104	70	3.35326
104	94	3.77804
104	95	4.8725
104	99	3.69139
104	106	4.12618
104	117	4.06751
104	134	4.64203
104	141	6.62417
104	151	4.97218
104	152	5.25039
104	156	5.33853
104	157	5.1013
104	160	5.39805
104	166	5.45998
104	167	5.67991
104	179	6.18813
104	184	6.25255
104	192	6.43408
104	199	7.30118
104	200	6.7616
105	13	3.15264
105	16	2.07189
105	27	2.48786
105	68	3.89487
105	100	3.57598
105	116	4.62733
105	132	4.03446
105	140	4.13323
105	145	5.45771
105	148	3.86419
105	154	4.06333
105	155	5.06565
105	162	5.40453
105	163	5.31755
105	172	5.52115
105	175	5.76302
105	178	5.98185
105	181	6.29299
105	182	6.26933
105	187	5.35109
105	193	5.96474
105	195	6.3368
105	196	6.45926
105	199	6.53094
106	4	3.5003
106	9	3.15058
106	29	3.13502
106	56	3.3018
106	60	4.16497
106	68	3.25131
106	69	3.4564
106	70	3.79559
106	88	3.76036
106	93	4.05065
106	104	4.12618
106	129	4.49088
106	130	4.42628
106	134	4.99257
106	152	5.60092
106	160	5.84038
106	164	5.74049
106	166	5.90231
106	168	7.22754
106	169	6.55249
106	176	6.35684
106	184	6.69488
106	192	6.87641
106	200	7.20393
107	51	2.26839
107	103	3.96282
107	111	3.81401
107	116	3.82588
107	130	3.34683
107	133	4.249
107	137	4.50163
107	142	4.18261
107	143	4.76715
107	148	4.89354
107	153	4.90728
107	162	4.83885
107	168	5.52482
107	169	4.84072
107	171	5.6358
107	178	6.01907
107	183	5.91302
107	185	5.41486
107	186	6.18482
107	188	6.26439
107	189	6.19548
107	190	6.30721
107	191	5.74349
107	194	4.83245
107	197	6.55799
108	14	4.65622
108	20	4.60852
108	26	4.70297
108	30	4.8125
108	33	4.77491
108	48	4.79813
108	60	4.79655
108	67	5.18251
108	75	5.20785
108	79	5.19151
108	82	5.24366
108	84	5.26337
108	89	5.61114
108	91	5.32339
108	95	5.64741
108	101	5.65774
108	113	6.02257
108	118	4.81338
108	122	4.16969
108	135	4.76493
108	144	3.72766
108	153	3.59818
108	164	5.40641
108	167	4.96702
108	177	6.07883
109	7	3.86695
109	17	2.26929
109	25	3.58096
109	49	4.2935
109	50	4.20774
109	63	4.16022
109	64	4.40934
109	71	4.32332
109	73	4.56981
109	78	4.62059
109	81	4.64031
109	86	5.13776
109	97	5.06103
109	115	4.75666
109	119	5.3363
109	123	5.51358
109	126	5.69051
109	136	5.84451
109	144	4.52183
109	154	5.95094
109	158	6.29806
109	168	6.56046
109	171	6.12413
109	179	6.58734
109	196	6.67184
110	23	2.99125
110	27	2.33217
110	46	3.19921
110	58	2.98563
110	74	4.3122
110	90	3.52737
110	99	5.1789
110	100	3.42029
110	101	4.99537
110	118	6.39232
110	143	5.9918
110	147	4.37442
110	152	5.0035
110	155	4.90996
110	162	5.24884
110	170	5.12198
110	172	5.36546
110	173	5.6775
110	180	5.6488
110	181	6.1373
110	182	6.11364
110	185	5.95147
110	193	7.65605
110	194	6.19394
110	196	6.30356
111	2	2.28068
111	14	3.00447
111	30	2.27825
111	37	3.70407
111	57	2.5492
111	72	3.36496
111	87	4.37173
111	95	5.03098
111	107	3.81401
111	142	4.42553
111	143	5.01007
111	148	5.13646
111	150	4.75333
111	153	5.1502
111	159	6.52649
111	169	6.36043
111	171	5.87872
111	172	6.20322
111	178	6.26199
111	183	6.15594
111	186	6.42774
111	188	6.50731
111	189	6.4384
111	190	6.55013
111	197	6.80091
112	8	2.37447
112	38	1.90958
112	71	2.95545
112	98	4.4047
112	115	3.93643
112	116	3.97986
112	133	4.40299
112	142	4.3366
112	143	4.92113
112	148	5.04752
112	149	5.16583
112	153	5.06127
112	166	4.3118
112	171	5.78979
112	172	4.90797
112	178	6.17306
112	183	6.06701
112	186	6.33881
112	188	6.41838
112	189	6.34947
112	190	6.46119
112	193	6.05104
112	194	5.0569
112	196	5.8516
112	197	6.71197
113	14	4.65616
113	20	4.60846
113	26	4.70291
113	30	4.81244
113	33	4.77485
113	48	4.79807
113	60	4.79649
113	67	5.18245
113	75	5.20779
113	78	2.88183
113	79	5.19145
113	82	5.2436
113	84	5.26331
113	89	5.61108
113	91	5.32333
113	92	2.34163
113	95	5.64735
113	97	3.45387
113	101	5.65768
113	108	6.02257
113	140	5.04657
113	174	4.87655
113	177	6.51967
113	188	6.07332
113	196	6.31851
114	7	3.74312
114	10	4.17788
114	34	1.8023
114	50	4.08391
114	61	4.16763
114	63	4.03639
114	64	4.28552
114	71	4.19949
114	73	4.44598
114	78	4.49676
114	86	5.01393
114	91	4.55997
114	118	5.47315
114	119	5.21247
114	123	5.38976
114	126	5.56668
114	136	5.72068
114	138	5.49308
114	145	6.43713
114	154	5.82711
114	158	6.17423
114	169	5.95829
114	192	6.34442
114	194	5.95002
114	197	6.46063
115	12	2.55445
115	21	3.27089
115	22	3.73586
115	23	3.44744
115	47	4.13646
115	53	4.06032
115	74	4.3631
115	80	4.05995
115	87	4.32335
115	92	4.86576
115	98	4.65858
115	109	4.75666
115	112	3.93643
115	120	4.8547
115	121	4.8048
115	135	4.96524
115	137	5.15128
115	139	5.24543
115	158	5.81076
115	169	6.17278
115	177	6.71365
115	183	7.73128
115	191	6.91624
115	193	7.03737
115	198	7.43003
115	199	7.60008
116	21	2.41641
116	41	2.95071
116	56	3.83374
116	59	4.78736
116	76	3.1072
116	77	2.96412
116	87	5.28935
116	100	5.4344
116	102	5.11248
116	105	4.62733
116	107	3.82588
116	112	3.97986
116	142	4.43741
116	148	5.14833
116	149	5.26664
116	150	4.7652
116	168	5.77961
116	171	5.89059
116	178	6.27386
116	180	7.75444
116	183	6.16781
116	186	6.43961
116	188	6.51918
116	189	6.45027
116	190	6.562
116	197	6.81278
117	28	2.5036
117	29	3.07635
117	93	3.99198
117	94	4.1617
117	102	3.58072
117	103	3.94387
117	104	4.06751
117	121	5.06178
117	123	3.45187
117	128	5.51505
117	129	4.4322
117	130	4.3676
117	131	4.49767
117	156	5.72218
117	157	5.48496
117	161	5.17256
117	164	5.68182
117	166	5.84364
117	167	6.06357
117	169	5.7463
117	176	6.29816
117	178	6.74927
117	179	6.57179
117	184	6.6362
117	192	6.81773
117	200	7.14526
118	10	4.60048
118	24	3.04089
118	25	3.87973
118	29	3.40971
118	39	4.46789
118	50	4.50651
118	52	4.96099
118	61	4.59023
118	63	4.45898
118	64	4.70811
118	71	4.62208
118	73	4.86858
118	80	4.89208
118	81	4.93908
118	86	5.43653
118	97	5.3598
118	108	4.81338
118	110	6.39232
118	114	5.47315
118	124	5.57314
118	126	5.98927
118	136	6.14327
118	138	5.91568
118	151	6.67131
118	154	6.2497
118	158	6.59683
119	7	3.90503
119	10	4.33979
119	15	4.30002
119	21	3.73546
119	25	3.61905
119	36	3.88202
119	49	4.33159
119	61	4.32955
119	63	4.1983
119	71	4.3614
119	76	4.69778
119	78	4.65868
119	81	4.67839
119	86	5.17585
119	97	5.09911
119	109	5.3363
119	114	5.21247
119	123	5.55167
119	126	5.72859
119	135	6.63911
119	138	5.65499
119	149	5.69153
119	154	5.98902
119	158	6.33614
119	187	7.33763
119	189	7.81655
120	7	3.12417
120	22	3.40366
120	27	4.54766
120	28	3.58813
120	35	2.86379
120	44	3.1758
120	55	3.54833
120	83	4.51297
120	88	4.13946
120	115	4.8547
120	124	4.74407
120	127	4.28687
120	134	4.70509
120	135	4.63304
120	147	5.83016
120	159	5.38286
120	161	5.89459
120	169	5.84058
120	174	6.21854
120	176	7.28374
120	177	6.38145
120	184	6.75883
120	187	6.48696
120	191	6.58404
120	193	6.70517
120	198	7.09783
121	32	3.01304
121	41	3.14809
121	53	3.67822
121	55	3.49843
121	83	4.98148
121	87	3.94125
121	92	4.48366
121	98	4.27648
121	102	4.7795
121	115	4.8048
121	117	5.06178
121	124	4.69417
121	125	4.53868
121	131	5.69645
121	137	4.76918
121	139	4.86333
121	142	4.80398
121	145	5.09824
121	146	5.15551
121	162	6.94321
121	174	6.16864
121	187	6.43706
121	188	7.48632
121	191	6.53414
121	193	6.65527
121	198	7.04793
122	6	3.16845
122	27	4.77914
122	36	3.4706
122	53	3.59101
122	58	3.61592
122	74	3.89379
122	82	3.59179
122	87	3.85404
122	108	4.16969
122	124	4.60696
122	134	4.56798
122	137	4.68198
122	139	4.77612
122	144	4.75651
122	145	5.01103
122	159	5.24576
122	169	5.70347
122	170	6.44188
122	171	6.94678
122	174	6.08144
122	177	6.24434
122	181	7.07725
122	187	6.34985
122	191	6.44694
122	193	6.56807
122	198	6.96072
123	15	4.47731
123	16	3.39838
123	25	3.79633
123	49	4.50887
123	50	4.42311
123	63	4.37559
123	71	4.53869
123	73	4.78518
123	78	4.83596
123	81	4.85568
123	97	5.2764
123	109	5.51358
123	114	5.38976
123	117	3.45187
123	119	5.55167
123	126	5.90588
123	128	5.10391
123	136	6.05988
123	138	5.83228
123	154	6.16631
123	158	6.51343
123	159	5.50122
123	173	5.0658
123	175	5.85868
123	180	5.81155
123	184	5.61742
124	17	2.44829
124	44	3.39737
124	61	3.46482
124	86	3.41924
124	98	4.54795
124	118	5.57314
124	120	4.74407
124	121	4.69417
124	122	4.60696
124	125	4.81015
124	127	4.50844
124	133	4.03327
124	134	4.92666
124	135	4.85461
124	138	5.01357
124	139	5.1348
124	145	5.36971
124	159	5.60443
124	161	6.11616
124	170	5.58483
124	175	6.37452
124	177	6.60302
124	180	6.32739
124	187	6.70853
124	191	6.80561
124	193	6.92674
125	17	2.2928
125	44	3.24188
125	54	2.51345
125	74	4.09698
125	98	4.39246
125	121	4.53868
125	124	4.81015
125	137	4.88517
125	139	4.97931
125	140	4.47174
125	144	4.9597
125	145	5.21422
125	146	5.27149
125	159	5.44894
125	161	5.96067
125	162	4.95537
125	169	5.90666
125	177	6.44753
125	181	5.32645
125	185	5.53138
125	187	6.55304
125	188	5.49849
125	191	6.65013
125	198	7.16391
125	199	6.05647
125	200	5.44876
126	7	4.25924
126	19	2.10941
126	39	4.56141
126	49	4.68579
126	52	3.18042
126	63	4.55251
126	73	4.9621
126	78	5.01288
126	81	5.0326
126	86	5.53005
126	97	5.45332
126	102	3.40559
126	109	5.69051
126	114	5.56668
126	118	5.98927
126	119	5.72859
126	123	5.90588
126	136	6.2368
126	138	6.0092
126	152	4.6196
126	154	6.34323
126	156	5.61377
126	158	6.69035
126	174	4.91565
126	184	5.85343
126	185	6.14531
126	198	6.23596
127	22	3.16804
127	24	1.98434
127	47	3.93079
127	69	6.17365
127	74	3.79528
127	120	4.28687
127	124	4.50844
127	134	4.46946
127	135	4.39742
127	137	4.58346
127	144	4.65799
127	145	4.91251
127	146	4.96979
127	157	5.18288
127	159	5.14724
127	161	5.65897
127	163	5.99284
127	165	5.9318
127	169	5.60495
127	174	5.98292
127	177	6.14583
127	181	6.66438
127	187	6.25134
127	190	6.19936
127	191	6.34842
127	193	6.46955
127	198	6.86221
128	24	3.03198
128	34	2.5427
128	43	4.43712
128	46	3.30317
128	57	5.34577
128	78	4.74809
128	94	4.13584
128	100	3.52426
128	117	5.51505
128	123	5.10391
128	140	4.0815
128	150	6.0305
128	162	5.3528
128	163	5.26582
128	165	5.48142
128	170	5.22595
128	172	5.46943
128	173	5.78147
128	174	6.74282
128	175	5.71129
128	180	5.75277
128	181	6.24126
128	182	6.2176
128	185	6.05543
128	194	6.2979
128	196	6.40753
128	199	6.47921
129	19	2.87886
129	39	4.29471
129	42	2.99445
129	43	4.01406
129	63	4.4566
129	69	3.37876
129	78	4.32503
129	79	5.15465
129	99	4.05608
129	103	3.92491
129	106	4.49088
129	117	4.4322
129	130	4.34864
129	132	6.84282
129	151	5.33687
129	153	5.48223
129	156	5.70322
129	160	5.76274
129	164	5.66286
129	166	5.82467
129	167	6.0446
129	176	6.2792
129	179	6.55282
129	184	6.61724
129	185	7.54942
129	192	6.79877
129	200	7.12629
130	1	3.65667
130	42	2.92985
130	70	3.65335
130	83	4.1721
130	93	3.90842
130	94	4.07814
130	103	3.86031
130	106	4.42628
130	107	3.34683
130	117	4.3676
130	129	4.34864
130	151	5.27227
130	155	6.21366
130	156	5.63862
130	157	5.40139
130	160	5.69815
130	162	6.13383
130	164	5.59826
130	167	5.98
130	170	5.86953
130	176	6.2146
130	179	6.48822
130	180	6.61209
130	184	6.55264
130	192	6.73417
130	194	6.12743
130	200	7.06169
131	4	2.01702
131	12	2.88095
131	34	2.60059
131	49	3.3252
131	61	3.99478
131	90	3.68923
131	117	4.49767
131	121	5.69645
131	137	6.04187
131	141	4.50785
131	155	5.07182
131	158	5.69088
131	162	5.41069
131	165	5.53931
131	166	5.6276
131	170	5.28384
131	172	5.52732
131	173	5.83936
131	175	5.76918
131	180	5.81066
131	181	6.29915
131	182	6.27549
131	189	7.2321
131	194	6.35579
131	195	6.34296
131	196	6.46542
131	199	6.5371
132	9	2.77226
132	11	3.30155
132	12	3.01867
132	22	3.83696
132	45	3.23588
132	68	4.03876
132	80	5.03748
132	102	3.54094
132	105	4.03446
132	129	6.84282
132	140	4.27711
132	141	4.64557
132	142	5.35604
132	152	5.30308
132	155	5.20954
132	160	7.50274
132	162	5.54842
132	163	5.46144
132	173	5.97708
132	175	5.9069
132	180	5.94838
132	181	6.43688
132	182	6.41322
132	185	6.25105
132	190	7.40132
132	194	6.49352
132	195	6.48068
133	3	4.03812
133	8	2.8984
133	31	3.16657
133	53	4.17817
133	56	2.36755
133	72	3.79995
133	76	3.53032
133	89	3.65803
133	96	4.18186
133	99	4.32058
133	107	4.249
133	112	4.40299
133	124	4.03327
133	141	6.23408
133	149	5.68976
133	153	5.5852
133	168	6.20273
133	171	6.31372
133	178	6.69698
133	183	6.59094
133	186	6.86274
133	188	6.94231
133	189	6.8734
133	190	6.98512
133	193	6.79773
133	197	7.2359
133	198	6.47665
134	11	3.57631
134	22	3.58625
134	55	3.73092
134	74	4.21349
134	76	3.80205
134	90	4.23549
134	92	4.71615
134	98	4.50897
134	104	4.64203
134	106	4.99257
134	120	4.70509
134	122	4.56798
134	124	4.92666
134	127	4.46946
134	135	4.81563
134	145	5.33073
134	149	4.7958
134	159	5.56545
134	161	6.07718
134	169	6.02317
134	172	5.91247
134	177	6.56404
134	185	6.64382
134	187	6.66955
134	193	6.88776
134	195	7.05875
134	198	7.28042
135	19	3.84152
135	22	3.5142
135	23	3.22578
135	29	3.36126
135	52	4.91254
135	80	3.8383
135	88	4.96618
135	92	4.64411
135	98	4.43693
135	108	4.76493
135	115	4.96524
135	119	6.63911
135	120	4.63304
135	124	4.85461
135	127	4.39742
135	134	4.81563
135	144	5.00416
135	145	5.25868
135	146	5.31596
135	159	5.49341
135	161	6.00513
135	174	6.32909
135	177	6.49199
135	185	7.87743
135	187	6.5975
135	191	6.69459
135	196	8.08972
135	198	7.20837
136	7	4.41324
136	8	4.70241
136	15	4.80823
136	25	4.12725
136	39	4.71541
136	50	4.75403
136	61	4.83775
136	62	3.70905
136	64	4.95564
136	73	5.1161
136	81	5.1866
136	86	5.68405
136	97	5.60732
136	109	5.84451
136	114	5.72068
136	118	6.14327
136	123	6.05988
136	126	6.2368
136	138	6.1632
136	143	4.79047
136	145	5.94769
136	149	4.19497
136	154	6.49723
136	157	4.35655
136	158	6.84435
136	170	5.20268
136	171	5.70758
136	192	5.85498
137	4	4.23831
137	22	3.70024
137	36	3.9043
137	41	3.49458
137	55	3.84491
137	57	5.23793
137	73	4.87311
137	74	4.32749
137	80	4.02434
137	91	5.89218
137	107	4.50163
137	115	5.15128
137	121	4.76918
137	122	4.68198
137	125	4.88517
137	127	4.58346
137	131	6.04187
137	139	5.20982
137	144	5.1902
137	145	5.44472
137	147	6.6441
137	169	6.13716
137	173	7.02114
137	174	6.51513
137	177	6.67804
137	187	6.78355
137	193	7.00176
137	198	7.39441
138	7	4.18564
138	10	4.62041
138	15	4.58063
138	25	3.89966
138	39	4.48782
138	45	3.95576
138	49	4.6122
138	51	4.61787
138	58	3.70003
138	63	4.47891
138	64	4.72804
138	73	4.8885
138	78	4.93929
138	81	4.95901
138	97	5.37972
138	114	5.49308
138	118	5.91568
138	119	5.65499
138	123	5.83228
138	124	5.01357
138	126	6.0092
138	136	6.1632
138	152	5.8406
138	154	6.26963
138	158	6.61676
138	171	7.03089
138	173	6.5228
138	195	7.78123
139	15	1.85219
139	27	4.14724
139	32	3.45367
139	41	3.58872
139	55	3.93906
139	66	3.52462
139	69	5.95461
139	80	4.11848
139	91	4.67783
139	92	4.9243
139	115	5.24543
139	121	4.86333
139	122	4.77612
139	124	5.1348
139	125	4.97931
139	137	5.20982
139	146	5.59614
139	159	5.77359
139	160	6.08175
139	161	6.28532
139	169	6.23131
139	177	6.77218
139	178	7.07912
139	187	6.87769
139	191	6.97478
139	192	6.46227
139	193	7.09591
139	195	7.06521
139	198	7.48856
140	27	2.73052
140	36	4.06069
140	62	3.54607
140	82	4.02783
140	83	3.47749
140	102	3.63971
140	105	4.13323
140	113	5.04657
140	125	4.47174
140	128	4.0815
140	132	4.27711
140	141	4.74433
140	147	4.77277
140	153	5.65103
140	163	5.5602
140	165	5.7758
140	170	5.52033
140	172	5.76381
140	173	6.07585
140	175	6.00567
140	180	6.04715
140	181	6.53564
140	183	8.37452
140	188	7.68533
140	192	7.53022
140	194	6.59228
140	195	6.57945
140	196	6.70191
140	199	6.77359
141	1	2.7927
141	9	3.32694
141	20	4.72738
141	28	5.16338
141	42	4.92912
141	45	3.70311
141	56	4.6075
141	62	3.91452
141	68	4.50598
141	83	3.84595
141	92	4.86136
141	101	6.377
141	104	6.62417
141	131	4.50785
141	132	4.64557
141	133	6.23408
141	140	4.74433
141	147	5.14122
141	163	5.92866
141	165	6.14426
141	170	5.88878
141	172	6.13226
141	173	6.4443
141	180	6.4156
141	182	6.88044
141	185	6.71827
141	194	6.96074
141	195	6.94791
141	196	7.07036
142	3	3.71475
142	5	2.49601
142	60	3.10099
142	65	3.97588
142	72	3.73357
142	107	4.18261
142	111	4.42553
142	112	4.3366
142	116	4.43741
142	121	4.80398
142	132	5.35604
142	143	5.37868
142	148	5.50507
142	149	5.62337
142	150	5.12194
142	163	5.18616
142	164	5.80367
142	168	6.13635
142	171	6.24733
142	178	6.6306
142	182	6.93853
142	183	6.52455
142	186	6.79635
142	188	6.87592
142	189	6.80701
142	190	6.91874
142	193	6.47436
142	194	5.48022
142	197	7.16952
143	5	3.08054
143	8	3.41655
143	31	3.68472
143	35	5.81463
143	43	3.30575
143	45	4.11481
143	51	3.46445
143	54	4.50742
143	64	4.23483
143	72	4.3181
143	77	3.90539
143	97	4.87301
143	107	4.76715
143	110	5.9918
143	111	5.01007
143	112	4.92113
143	136	4.79047
143	142	5.37868
143	148	6.0896
143	150	5.70647
143	168	6.72088
143	171	6.83187
143	178	7.21513
143	179	7.65315
143	183	7.10908
143	186	7.38089
143	187	7.32343
143	188	7.46046
143	190	7.50327
143	197	7.75405
144	8	5.49957
144	11	3.76484
144	32	3.43405
144	35	3.23491
144	80	4.09887
144	83	4.30242
144	84	3.91633
144	92	4.90468
144	108	3.72766
144	109	4.52183
144	122	4.75651
144	125	4.9597
144	127	4.65799
144	135	5.00416
144	137	5.1902
144	145	5.51925
144	146	5.57653
144	159	5.75398
144	161	6.26571
144	164	6.58119
144	168	6.94107
144	169	6.21169
144	174	6.58966
144	177	6.75257
144	187	6.85808
144	191	6.95516
144	193	7.07629
144	196	7.05245
144	197	6.76835
144	198	7.46894
145	9	3.38356
145	11	4.01936
145	22	4.0293
145	55	4.17397
145	59	5.61773
145	65	5.96621
145	66	5.5569
145	80	4.35339
145	87	4.61679
145	92	5.1592
145	94	4.84593
145	105	5.45771
145	114	6.43713
145	121	5.09824
145	122	5.01103
145	124	5.36971
145	125	5.21422
145	127	4.91251
145	134	5.33073
145	135	5.25868
145	136	5.94769
145	137	5.44472
145	144	5.51925
145	146	5.83105
145	159	6.0085
145	169	6.46622
145	174	6.84418
145	180	8.58482
145	187	7.1126
145	193	7.33081
145	198	7.72347
146	18	3.6534
146	22	4.08657
146	23	3.79815
146	36	4.29062
146	40	3.46426
146	41	3.88091
146	53	4.41103
146	80	4.41067
146	87	4.67406
146	97	3.9206
146	121	5.15551
146	125	5.27149
146	127	4.96979
146	135	5.31596
146	139	5.59614
146	144	5.57653
146	145	5.83105
146	155	6.07676
146	167	5.87459
146	169	6.52349
146	174	6.90146
146	177	7.06436
146	181	6.368
146	183	7.22923
146	184	6.28107
146	187	7.16987
146	190	5.90299
146	191	7.26696
146	193	7.38809
146	198	7.78074
146	200	6.49032
147	13	3.79218
147	16	2.71144
147	27	3.12741
147	34	3.23397
147	51	4.8089
147	67	3.93325
147	72	5.02977
147	83	3.87438
147	96	5.21704
147	100	4.21553
147	101	5.30839
147	110	4.37442
147	120	5.83016
147	137	6.6441
147	140	4.77277
147	141	5.14122
147	152	5.79873
147	162	6.04407
147	170	5.91722
147	172	6.1607
147	175	6.40256
147	180	6.44404
147	181	6.93253
147	182	6.90887
147	185	6.7467
147	188	7.52444
147	194	6.98917
147	195	6.97634
147	196	7.0988
147	197	7.48553
147	199	7.17048
148	21	3.48407
148	38	3.07805
148	40	3.55396
148	46	3.64761
148	51	3.59084
148	57	3.62874
148	77	4.03178
148	87	4.52621
148	90	4.68073
148	100	4.67127
148	105	3.86419
148	107	4.89354
148	111	5.13646
148	112	5.04752
148	116	5.14833
148	142	5.50507
148	143	6.0896
148	149	6.3343
148	153	6.22973
148	164	6.83009
148	165	6.15154
148	168	6.84727
148	171	6.95825
148	172	6.35771
148	177	7.50251
148	178	7.34152
148	183	7.23547
148	186	7.50727
148	188	7.58684
148	189	7.51793
148	190	7.62966
149	7	3.00331
149	11	2.16013
149	16	4.41893
149	18	3.03004
149	21	3.60238
149	43	3.55045
149	57	3.74704
149	72	4.5628
149	77	4.15009
149	96	4.9447
149	112	5.16583
149	116	5.26664
149	119	5.69153
149	133	5.68976
149	134	4.7958
149	136	4.19497
149	142	5.62337
149	148	6.3343
149	150	5.95117
149	153	6.34804
149	156	6.39832
149	163	6.05337
149	171	7.07656
149	178	7.45983
149	182	7.80575
149	183	7.35378
149	186	7.62558
149	188	7.70515
149	189	7.63624
149	191	7.25848
149	197	7.99875
150	2	2.97708
150	8	3.15981
150	31	3.42798
150	47	3.89737
150	57	3.24561
150	65	4.30367
150	72	4.06136
150	73	3.84437
150	96	4.44327
150	111	4.75333
150	116	4.7652
150	128	6.0305
150	142	5.12194
150	143	5.70647
150	149	5.95117
150	153	5.84661
150	155	6.33972
150	156	6.30436
150	166	5.50839
150	168	6.46414
150	170	5.99558
150	171	6.57513
150	178	6.95839
150	180	6.73814
150	183	6.85235
150	186	7.12415
150	188	7.20372
150	189	7.13481
150	190	7.24653
150	191	7.16452
150	197	7.49731
151	2	3.36717
151	19	3.80249
151	28	3.40827
151	29	3.98101
151	42	3.91808
151	52	3.69979
151	57	4.8966
151	59	4.23851
151	60	4.56166
151	66	4.07279
151	88	4.60636
151	93	4.89665
151	96	5.18302
151	102	4.78359
151	103	4.84854
151	104	4.97218
151	118	6.67131
151	129	5.33687
151	130	5.27227
151	156	6.62685
151	157	6.38962
151	164	6.58649
151	166	6.7483
151	167	6.96823
151	170	6.683
151	176	7.20283
151	179	7.47645
151	189	7.8003
151	191	7.85193
151	192	7.7224
151	200	8.04992
152	6	3.06066
152	12	4.1434
152	14	3.32207
152	16	3.34051
152	24	4.35232
152	37	4.06213
152	70	3.02676
152	83	4.50346
152	85	4.55834
152	87	4.68933
152	90	4.95168
152	104	5.25039
152	106	5.60092
152	110	5.0035
152	126	4.6196
152	132	5.30308
152	138	5.8406
152	147	5.79873
152	155	6.33427
152	156	6.72063
152	162	6.67315
152	165	6.80177
152	170	6.54629
152	172	6.78977
152	175	7.03164
152	177	7.66562
152	180	7.07311
152	185	7.37578
152	191	7.58079
152	194	7.61825
152	195	7.60542
152	199	7.79956
153	2	3.37395
153	8	3.55668
153	51	3.60459
153	65	4.70054
153	73	3.71915
153	74	3.77856
153	76	4.1886
153	77	4.04553
153	96	4.84014
153	107	4.90728
153	108	3.59818
153	111	5.1502
153	112	5.06127
153	129	5.48223
153	133	5.5852
153	140	5.65103
153	148	6.22973
153	149	6.34804
153	150	5.84661
153	161	5.56279
153	168	6.86101
153	169	6.13654
153	171	6.972
153	183	7.24922
153	186	7.52102
153	188	7.60059
153	189	7.53168
153	190	7.6434
153	192	6.52267
153	197	7.89418
153	199	7.23577
153	200	6.62806
154	7	4.51967
154	25	4.23369
154	39	4.82185
154	48	3.71446
154	49	4.94622
154	50	4.86046
154	61	4.94418
154	63	4.81294
154	64	5.06207
154	71	4.97604
154	73	5.22253
154	78	5.27332
154	81	5.29303
154	86	5.79048
154	89	4.56021
154	97	5.71375
154	105	4.06333
154	109	5.95094
154	114	5.82711
154	118	6.2497
154	119	5.98902
154	123	6.16631
154	126	6.34323
154	136	6.49723
154	138	6.26963
154	158	6.95078
154	160	6.71966
154	161	6.14031
154	173	6.44469
154	175	7.23757
154	193	7.69992
154	195	7.70312
155	1	3.35667
155	4	3.18593
155	7	4.35516
155	16	3.24697
155	19	4.24579
155	45	4.26707
155	62	4.47849
155	75	4.42578
155	85	4.4648
155	93	4.89827
155	94	4.44505
155	102	4.57213
155	105	5.06565
155	110	4.90996
155	130	6.21366
155	131	5.07182
155	132	5.20954
155	146	6.07676
155	150	6.33972
155	152	6.33427
155	165	6.70823
155	170	6.45275
155	172	6.69623
155	173	7.00827
155	175	6.93809
155	180	6.97957
155	181	7.46807
155	182	7.44441
155	188	8.2488
155	190	7.61174
155	195	7.51188
155	196	7.63433
155	199	7.70601
156	9	4.36292
156	12	3.7258
156	19	4.16884
156	21	4.44224
156	28	3.77462
156	47	4.3683
156	54	4.45658
156	56	4.51415
156	58	4.58007
156	66	4.43914
156	85	4.9539
156	86	5.24044
156	93	5.263
156	94	5.43272
156	99	5.34606
156	103	5.21489
156	104	5.33853
156	117	5.72218
156	126	5.61377
156	129	5.70322
156	130	5.63862
156	149	6.39832
156	150	6.30436
156	151	6.62685
156	152	6.72063
156	157	6.75597
156	160	7.05273
156	166	7.11465
156	167	7.33458
156	176	7.56918
156	186	8.89831
156	192	8.08875
156	200	8.41627
157	9	4.12569
157	13	5.0788
157	26	2.99155
157	28	3.53739
157	29	4.11014
157	49	3.46152
157	52	3.82891
157	66	4.20191
157	69	4.43152
157	88	4.73548
157	93	5.02577
157	94	5.19549
157	99	5.10884
157	104	5.1013
157	117	5.48496
157	127	5.18288
157	130	5.40139
157	136	4.35655
157	151	6.38962
157	156	6.75597
157	160	6.8155
157	164	6.71561
157	167	7.09735
157	176	7.33195
157	177	7.50489
157	179	7.60558
157	180	6.99368
157	184	7.66999
157	190	6.42148
157	192	7.85152
157	196	7.30372
157	199	7.61652
157	200	8.17905
158	7	4.86679
158	10	5.30156
158	15	5.26178
158	25	4.58081
158	39	5.16897
158	49	5.29335
158	50	5.20759
158	52	4.54876
158	55	3.22258
158	59	4.44881
158	61	5.29131
158	63	5.16006
158	64	5.40919
158	71	5.32316
158	73	5.56966
158	78	5.62044
158	81	5.64016
158	97	6.06088
158	109	6.29806
158	114	6.17423
158	115	5.81076
158	118	6.59683
158	119	6.33614
158	123	6.51343
158	126	6.69035
158	131	5.69088
158	136	6.84435
158	138	6.61676
158	154	6.95078
158	162	6.93764
158	163	6.63717
158	172	6.7823
158	178	7.94248
158	197	7.44184
159	2	4.21365
159	12	3.84926
159	17	3.08708
159	32	3.9233
159	40	3.64171
159	44	4.03616
159	45	4.95925
159	60	5.40814
159	82	4.6794
159	92	5.39393
159	98	5.18675
159	111	6.52649
159	120	5.38286
159	122	5.24576
159	123	5.50122
159	124	5.60443
159	125	5.44894
159	127	5.14724
159	134	5.56545
159	135	5.49341
159	139	5.77359
159	144	5.75398
159	145	6.0085
159	161	6.75496
159	167	7.67144
159	169	6.70094
159	174	7.07891
159	177	7.24181
159	187	7.34732
159	191	7.44441
159	193	7.56554
159	194	7.78738
159	198	7.95819
159	199	8.89488
160	4	4.58302
160	9	4.42245
160	27	5.7063
160	42	4.34396
160	47	4.42783
160	52	4.12567
160	54	4.51611
160	56	4.57367
160	59	4.66439
160	66	4.49866
160	68	4.33403
160	69	4.72827
160	70	5.06746
160	77	5.93702
160	86	5.20345
160	88	5.03223
160	98	6.97473
160	99	5.40559
160	103	5.27441
160	104	5.39805
160	106	5.84038
160	129	5.76274
160	130	5.69815
160	132	7.50274
160	139	6.08175
160	154	6.71966
160	156	7.05273
160	157	6.8155
160	166	7.17418
160	176	7.6287
160	179	7.90233
160	182	9.08524
160	184	7.96674
160	192	8.14827
160	200	8.4758
161	17	3.59881
161	26	3.53011
161	32	4.43503
161	35	4.23589
161	44	4.54789
161	53	5.10021
161	62	5.29604
161	68	3.75467
161	74	5.40299
161	80	5.09985
161	87	5.36324
161	88	4.71875
161	91	5.65753
161	98	5.69848
161	117	5.17256
161	120	5.89459
161	124	6.11616
161	125	5.96067
161	127	5.65897
161	134	6.07718
161	135	6.00513
161	139	6.28532
161	144	6.26571
161	153	5.56279
161	154	6.14031
161	159	6.75496
161	167	6.93164
161	169	7.21267
161	174	7.59064
161	177	7.75354
161	180	7.53224
161	187	7.85905
161	191	7.95614
161	193	8.07727
161	196	7.84228
162	4	3.52481
162	16	3.58585
162	27	4.00182
162	32	5.86467
162	34	4.10838
162	45	4.60595
162	46	4.86886
162	48	4.62814
162	58	4.65528
162	68	5.40883
162	83	4.74879
162	85	4.80368
162	86	5.19596
162	105	5.40453
162	107	4.83885
162	110	5.24884
162	121	6.94321
162	125	4.95537
162	128	5.3528
162	130	6.13383
162	131	5.41069
162	132	5.54842
162	147	6.04407
162	152	6.67315
162	158	6.93764
162	172	7.03511
162	173	7.34715
162	175	7.27697
162	178	8.6307
162	181	7.80694
162	185	7.62112
162	187	7.99994
162	195	7.85075
162	196	7.97321
162	199	8.04489
163	3	3.59154
163	14	3.97129
163	16	3.49887
163	23	3.64832
163	27	3.91484
163	44	3.71211
163	58	4.5683
163	62	4.73039
163	77	5.62907
163	84	4.97757
163	90	5.11004
163	100	5.00296
163	102	4.82403
163	105	5.31755
163	127	5.99284
163	128	5.26582
163	132	5.46144
163	140	5.5602
163	141	5.92866
163	142	5.18616
163	149	6.05337
163	158	6.63717
163	165	6.96013
163	170	6.70465
163	172	6.94813
163	178	8.33023
163	180	7.23147
163	181	7.71997
163	182	7.69631
163	185	7.53414
163	194	7.77661
163	195	7.76378
163	196	7.88623
163	198	7.99204
163	199	7.95791
164	9	4.32256
164	28	3.73425
164	34	3.78878
164	42	4.24407
164	44	4.32962
164	47	4.32794
164	52	4.02578
164	59	4.5645
164	66	4.39878
164	69	4.62838
164	83	5.98117
164	88	4.93234
164	93	5.22263
164	94	5.39235
164	98	7.28429
164	103	5.17452
164	106	5.74049
164	108	5.40641
164	117	5.68182
164	129	5.66286
164	130	5.59826
164	142	5.80367
164	144	6.58119
164	148	6.83009
164	151	6.58649
164	157	6.71561
164	166	7.07429
164	167	7.29422
164	172	7.78756
164	176	7.52882
164	179	7.80244
164	184	7.86686
164	187	8.31699
164	192	8.04839
164	200	8.37591
165	1	3.82417
165	3	3.80714
165	6	3.43461
165	10	5.39829
165	23	3.58728
165	33	3.90861
165	34	4.237
165	36	4.18282
165	37	4.43609
165	51	5.09192
165	68	5.53745
165	85	4.9323
165	90	5.32564
165	100	5.21856
165	102	5.03963
165	127	5.9318
165	128	5.48142
165	131	5.53931
165	140	5.7758
165	141	6.14426
165	148	6.15154
165	152	6.80177
165	155	6.70823
165	163	6.96013
165	168	7.94127
165	172	7.16373
165	173	7.47577
165	174	6.61069
165	176	8.07339
165	180	7.44707
165	182	7.9119
165	185	7.74974
165	195	7.97937
165	196	8.10183
165	198	7.931
165	199	8.17351
166	15	2.65227
166	19	4.29029
166	29	4.46881
166	52	4.18759
166	54	4.57803
166	56	4.6356
166	59	4.72631
166	63	4.35754
166	69	4.79019
166	88	5.09416
166	93	5.38445
166	94	5.55417
166	99	5.46751
166	103	5.33634
166	104	5.45998
166	106	5.90231
166	112	4.3118
166	117	5.84364
166	129	5.82467
166	131	5.6276
166	150	5.50839
166	151	6.7483
166	156	7.11465
166	160	7.17418
166	164	7.07429
166	167	7.45603
166	172	6.71902
166	176	7.69063
166	178	7.8792
166	179	7.96425
166	181	7.24543
166	183	8.10665
166	184	8.02867
166	185	7.45036
166	192	8.2102
166	196	7.66266
166	200	8.53772
167	5	4.19552
167	28	4.116
167	29	4.68874
167	40	4.54442
167	42	4.62581
167	47	4.70969
167	52	4.40752
167	54	4.79796
167	56	4.85553
167	59	4.94624
167	70	5.34931
167	79	5.68474
167	88	5.31409
167	93	5.60438
167	94	5.7741
167	95	6.17593
167	99	5.68744
167	103	5.55627
167	104	5.67991
167	108	4.96702
167	117	6.06357
167	129	6.0446
167	130	5.98
167	146	5.87459
167	151	6.96823
167	156	7.33458
167	157	7.09735
167	159	7.67144
167	161	6.93164
167	164	7.29422
167	166	7.45603
167	173	7.23602
167	178	8.50835
167	179	8.18418
167	184	8.2486
167	192	8.43013
167	193	8.49124
167	200	8.75765
168	2	3.99149
168	5	3.83821
168	18	3.54301
168	38	3.70933
168	40	5.34369
168	43	4.06342
168	48	5.30506
168	50	5.77661
168	57	4.26002
168	64	5.58826
168	65	5.31808
168	72	5.07577
168	76	4.80614
168	77	4.66306
168	82	5.18839
168	95	6.9752
168	96	5.45768
168	103	7.42675
168	106	7.22754
168	107	5.52482
168	109	6.56046
168	116	5.77961
168	133	6.20273
168	142	6.13635
168	143	6.72088
168	144	6.94107
168	148	6.84727
168	150	6.46414
168	153	6.86101
168	165	7.94127
168	171	7.58954
168	178	7.9728
168	183	7.86675
168	186	8.13856
168	188	8.21813
168	189	8.14921
168	190	8.26094
168	197	8.51172
169	11	4.7118
169	17	3.5448
169	23	4.43332
169	32	4.38102
169	40	4.09943
169	41	4.51607
169	48	4.63001
169	55	4.86641
169	87	5.30923
169	90	5.79541
169	106	6.55249
169	107	4.84072
169	111	6.36043
169	114	5.95829
169	115	6.17278
169	117	5.7463
169	120	5.84058
169	122	5.70347
169	125	5.90666
169	127	5.60495
169	134	6.02317
169	137	6.13716
169	139	6.23131
169	144	6.21169
169	145	6.46622
169	146	6.52349
169	153	6.13654
169	159	6.70094
169	161	7.21267
169	174	7.53662
169	177	7.69953
169	187	7.80504
169	191	7.90212
169	192	8.01573
169	193	8.02325
169	194	7.62132
169	195	8.61867
169	198	8.41591
170	13	4.53974
170	20	4.03899
170	24	4.47081
170	25	4.39507
170	46	4.742
170	62	4.69051
170	68	5.28197
170	75	4.08164
170	90	5.07017
170	99	5.87214
170	110	5.12198
170	122	6.44188
170	124	5.58483
170	128	5.22595
170	130	5.86953
170	131	5.28384
170	136	5.20268
170	140	5.52033
170	141	5.88878
170	147	5.91722
170	150	5.99558
170	151	6.683
170	152	6.54629
170	155	6.45275
170	163	6.70465
170	172	6.90825
170	173	7.2203
170	175	7.15012
170	180	7.19159
170	181	7.68009
170	182	7.65643
170	185	7.49426
170	188	7.90466
170	189	8.21455
170	194	7.73673
170	195	7.7239
170	196	7.84636
170	199	7.91804
171	5	3.94919
171	11	3.67274
171	18	3.654
171	31	4.55337
171	37	5.21196
171	38	3.82031
171	43	4.17441
171	51	4.33311
171	63	5.34964
171	64	5.15193
171	65	5.42907
171	76	4.91712
171	89	5.71449
171	102	5.70275
171	107	5.6358
171	109	6.12413
171	111	5.87872
171	112	5.78979
171	116	5.89059
171	122	6.94678
171	133	6.31372
171	136	5.70758
171	138	7.03089
171	142	6.24733
171	143	6.83187
171	148	6.95825
171	149	7.07656
171	150	6.57513
171	153	6.972
171	168	7.58954
171	173	7.59896
171	178	8.08379
171	183	7.97774
171	186	8.24954
171	188	8.32911
171	189	8.2602
171	190	8.37192
171	195	8.85739
171	197	8.62271
172	6	3.42262
172	21	4.24243
172	34	4.22501
172	37	4.4241
172	45	4.72258
172	58	4.7719
172	62	4.93399
172	85	4.9203
172	100	5.20657
172	102	5.02764
172	105	5.52115
172	110	5.36546
172	111	6.20322
172	112	4.90797
172	128	5.46943
172	131	5.52732
172	134	5.91247
172	140	5.76381
172	141	6.13226
172	147	6.1607
172	148	6.35771
172	152	6.78977
172	155	6.69623
172	158	6.7823
172	162	7.03511
172	163	6.94813
172	164	7.78756
172	165	7.16373
172	166	6.71902
172	170	6.90825
172	173	7.46378
172	176	8.27957
172	181	7.92357
172	184	7.75465
172	185	7.73774
172	194	7.98021
172	196	8.08984
172	198	8.13718
172	199	8.16152
173	3	4.10718
173	4	3.95348
173	6	3.73466
173	26	3.83449
173	34	4.53705
173	37	4.73614
173	41	3.03289
173	45	5.03462
173	62	5.24604
173	83	5.17746
173	90	5.62569
173	93	4.55094
173	102	5.33968
173	110	5.6775
173	123	5.0658
173	128	5.78147
173	131	5.83936
173	132	5.97708
173	137	7.02114
173	138	6.5228
173	140	6.07585
173	141	6.4443
173	154	6.44469
173	155	7.00827
173	162	7.34715
173	165	7.47577
173	167	7.23602
173	170	7.2203
173	171	7.59896
173	172	7.46378
173	180	7.74712
173	181	8.23561
173	182	8.21195
173	185	8.04978
173	186	8.58634
173	191	8.263
173	192	7.74636
173	194	8.29225
173	195	8.27942
173	199	8.47356
174	16	5.03728
174	17	3.92276
174	20	3.64964
174	23	4.81128
174	32	4.75898
174	35	4.55984
174	38	5.85934
174	40	4.4774
174	41	4.89404
174	44	4.87185
174	55	5.24437
174	74	5.72694
174	92	6.22961
174	98	6.02243
174	113	4.87655
174	120	6.21854
174	121	6.16864
174	122	6.08144
174	126	4.91565
174	127	5.98292
174	128	6.74282
174	135	6.32909
174	137	6.51513
174	144	6.58966
174	145	6.84418
174	146	6.90146
174	159	7.07891
174	161	7.59064
174	165	6.61069
174	169	7.53662
174	177	8.0775
174	181	7.34327
174	187	8.18301
174	188	7.51531
174	189	7.8252
174	191	8.28009
174	193	8.40122
174	197	7.47641
174	198	8.79387
174	199	8.0733
175	4	3.8833
175	12	4.74722
175	16	3.94434
175	18	5.80771
175	31	4.65044
175	34	4.46687
175	44	4.53796
175	45	4.96444
175	58	5.01376
175	67	5.10316
175	75	4.87133
175	83	5.10728
175	85	5.16216
175	94	4.89061
175	100	5.44843
175	102	5.2695
175	105	5.76302
175	123	5.85868
175	124	6.37452
175	128	5.71129
175	131	5.76918
175	132	5.9069
175	140	6.00567
175	147	6.40256
175	152	7.03164
175	154	7.23757
175	155	6.93809
175	162	7.27697
175	170	7.15012
175	180	7.67694
175	181	8.16543
175	182	8.14177
175	183	9.38354
175	185	7.9796
175	192	8.53924
175	194	8.22207
175	195	8.20924
175	196	8.3317
175	199	8.40338
175	200	8.64463
176	7	5.08438
176	9	4.9389
176	24	4.12593
176	28	4.3506
176	29	4.92334
176	32	6.67372
176	41	4.10944
176	42	4.86041
176	47	4.94428
176	54	5.03256
176	56	5.09012
176	59	5.18084
176	63	5.91809
176	66	5.01512
176	69	5.24472
176	70	5.58391
176	75	5.155
176	85	5.71847
176	88	5.54868
176	96	6.67062
176	99	5.92204
176	103	5.79087
176	106	6.35684
176	117	6.29816
176	120	7.28374
176	129	6.2792
176	130	6.2146
176	151	7.20283
176	156	7.56918
176	157	7.33195
176	160	7.6287
176	164	7.52882
176	165	8.07339
176	166	7.69063
176	172	8.27957
176	179	8.41878
176	181	8.80598
176	184	8.4832
176	192	8.66473
176	200	8.99225
177	9	3.89231
177	17	4.08567
177	23	4.97419
177	29	4.67516
177	34	4.4612
177	35	4.72275
177	36	5.46666
177	40	4.6403
177	41	5.05694
177	55	5.40728
177	67	5.56724
177	71	6.50747
177	85	5.89889
177	87	5.8501
177	92	6.39252
177	96	6.85103
177	108	6.07883
177	113	6.51967
177	115	6.71365
177	120	6.38145
177	122	6.24434
177	124	6.60302
177	125	6.44753
177	127	6.14583
177	134	6.56404
177	135	6.49199
177	137	6.67804
177	139	6.77218
177	144	6.75257
177	146	7.06436
177	148	7.50251
177	152	7.66562
177	157	7.50489
177	159	7.24181
177	161	7.75354
177	169	7.69953
177	174	8.0775
177	187	8.34591
177	190	8.52137
177	191	8.443
177	193	8.56413
177	198	8.95678
178	2	4.48574
178	8	4.66847
178	18	4.03726
178	21	4.60961
178	31	4.93664
178	33	5.27497
178	34	4.47658
178	38	4.20358
178	43	4.55767
178	57	4.75427
178	65	5.81233
178	70	4.9813
178	72	5.57002
178	76	5.30039
178	77	5.15731
178	93	5.82328
178	96	5.95193
178	105	5.98185
178	107	6.01907
178	111	6.26199
178	112	6.17306
178	116	6.27386
178	117	6.74927
178	133	6.69698
178	139	7.07912
178	142	6.6306
178	143	7.21513
178	148	7.34152
178	149	7.45983
178	150	6.95839
178	158	7.94248
178	162	8.6307
178	163	8.33023
178	166	7.8792
178	167	8.50835
178	168	7.9728
178	171	8.08379
178	183	8.361
178	186	8.63281
178	189	8.64346
178	190	8.75519
178	197	9.00597
179	9	5.21252
179	17	4.71541
179	19	5.01844
179	24	4.02068
179	25	5.36318
179	28	4.62422
179	42	5.13403
179	47	5.21791
179	52	4.91574
179	54	5.30619
179	55	4.61459
179	56	5.36375
179	66	5.28874
179	67	5.28158
179	70	5.85754
179	74	5.97355
179	76	6.0639
179	84	5.98184
179	88	5.82231
179	93	6.1126
179	94	6.28232
179	99	6.19566
179	103	6.06449
179	104	6.18813
179	109	6.58734
179	117	6.57179
179	129	6.55282
179	130	6.48822
179	143	7.65315
179	151	7.47645
179	157	7.60558
179	160	7.90233
179	164	7.80244
179	166	7.96425
179	167	8.18418
179	176	8.41878
179	184	8.75682
179	190	8.23571
179	192	8.93835
179	194	8.32325
179	197	8.83386
179	200	9.26587
180	1	4.09552
180	3	4.07848
180	22	4.4458
180	24	4.99763
180	42	4.98329
180	55	4.38905
180	58	5.05524
180	81	6.64139
180	83	5.14876
180	85	5.20364
180	94	4.84347
180	100	5.4899
180	102	5.31098
180	110	5.6488
180	116	7.75444
180	123	5.81155
180	124	6.32739
180	128	5.75277
180	130	6.61209
180	131	5.81066
180	132	5.94838
180	140	6.04715
180	141	6.4156
180	145	8.58482
180	147	6.44404
180	150	6.73814
180	152	7.07311
180	155	6.97957
180	157	6.99368
180	161	7.53224
180	163	7.23147
180	165	7.44707
180	170	7.19159
180	173	7.74712
180	175	7.67694
180	181	8.20691
180	182	8.18325
180	185	8.02108
180	194	8.26355
180	195	8.25072
180	196	8.37318
180	199	8.44486
181	1	4.58401
181	3	4.56698
181	6	4.19445
181	16	4.47431
181	27	4.89028
181	30	3.91662
181	34	4.99684
181	42	4.87611
181	55	4.28186
181	62	5.70583
181	68	6.29729
181	83	5.63725
181	85	5.69213
181	90	6.08548
181	92	4.80835
181	100	5.9784
181	105	6.29299
181	110	6.1373
181	122	7.07725
181	125	5.32645
181	127	6.66438
181	128	6.24126
181	131	6.29915
181	132	6.43688
181	140	6.53564
181	146	6.368
181	147	6.93253
181	155	7.46807
181	162	7.80694
181	163	7.71997
181	166	7.24543
181	170	7.68009
181	172	7.92357
181	173	8.23561
181	174	7.34327
181	175	8.16543
181	176	8.80598
181	180	8.20691
181	185	8.50958
181	186	9.22491
181	194	8.75205
181	198	8.66358
181	199	8.93335
182	1	4.56035
182	2	5.49762
182	3	4.54332
182	4	4.38961
182	6	4.17079
182	13	5.53139
182	15	4.85568
182	16	4.45065
182	17	5.46352
182	22	5.41945
182	30	4.99745
182	37	5.17227
182	39	6.39905
182	41	4.75229
182	46	5.73366
182	58	5.52008
182	89	6.92579
182	90	6.06182
182	97	7.00142
182	100	5.95474
182	102	5.77581
182	105	6.26933
182	110	6.11364
182	128	6.2176
182	131	6.27549
182	132	6.41322
182	141	6.88044
182	142	6.93853
182	147	6.90887
182	149	7.80575
182	155	7.44441
182	160	9.08524
182	163	7.69631
182	165	7.9119
182	170	7.65643
182	173	8.21195
182	175	8.14177
182	180	8.18325
182	187	9.45184
182	194	8.72839
182	195	8.71555
182	196	8.83801
182	199	8.90969
183	2	4.37969
183	5	4.22641
183	12	4.91363
183	18	3.93121
183	23	5.18109
183	31	4.83059
183	38	4.09753
183	43	4.45162
183	46	5.99272
183	49	5.80425
183	51	4.61033
183	57	4.64822
183	72	5.46397
183	76	5.19434
183	77	5.05126
183	78	6.20977
183	88	6.52292
183	96	5.84588
183	107	5.91302
183	111	6.15594
183	112	6.06701
183	115	7.73128
183	116	6.16781
183	133	6.59094
183	140	8.37452
183	142	6.52455
183	143	7.10908
183	146	7.22923
183	148	7.23547
183	149	7.35378
183	150	6.85235
183	153	7.24922
183	166	8.10665
183	168	7.86675
183	171	7.97774
183	175	9.38354
183	178	8.361
183	184	9.14229
183	186	8.52676
183	188	8.60633
183	189	8.53741
183	190	8.64914
183	197	8.89992
184	6	4.37226
184	15	3.6879
184	19	5.08286
184	28	4.68864
184	29	5.26138
184	30	3.82968
184	47	5.28232
184	52	4.98016
184	54	5.3706
184	56	5.42816
184	59	5.51888
184	66	5.35316
184	69	5.58276
184	70	5.92195
184	88	5.88672
184	93	6.17702
184	94	6.34673
184	99	6.26008
184	102	5.74628
184	103	6.12891
184	104	6.25255
184	106	6.69488
184	117	6.6362
184	120	6.75883
184	123	5.61742
184	126	5.85343
184	129	6.61724
184	130	6.55264
184	146	6.28107
184	157	7.66999
184	160	7.96674
184	164	7.86686
184	166	8.02867
184	167	8.2486
184	172	7.75465
184	176	8.4832
184	179	8.75682
184	183	9.14229
184	187	8.28407
184	192	9.00277
184	196	8.69829
184	198	8.57664
184	200	9.33029
185	3	4.38115
185	4	4.22744
185	6	4.00862
185	14	4.84777
185	24	5.30029
185	27	4.70445
185	34	4.81101
185	37	5.0101
185	45	5.30858
185	53	6.57004
185	58	5.35791
185	76	5.9361
185	80	5.74408
185	83	5.45142
185	100	5.79257
185	102	5.61364
185	107	5.41486
185	110	5.95147
185	125	5.53138
185	126	6.14531
185	128	6.05543
185	129	7.54942
185	132	6.25105
185	134	6.64382
185	135	7.87743
185	141	6.71827
185	147	6.7467
185	152	7.37578
185	162	7.62112
185	163	7.53414
185	165	7.74974
185	166	7.45036
185	170	7.49426
185	172	7.73774
185	173	8.04978
185	175	7.9796
185	180	8.02108
185	181	8.50958
185	188	8.74497
185	191	9.1065
185	194	8.56622
185	195	8.55339
185	196	8.67584
185	199	8.74752
186	2	4.65149
186	5	4.49821
186	6	5.3161
186	8	4.83422
186	9	4.13083
186	18	4.20302
186	21	4.77536
186	34	4.69971
186	38	4.36933
186	43	4.72343
186	49	5.79993
186	51	4.88213
186	57	4.92002
186	58	5.76358
186	61	6.46952
186	66	6.30418
186	74	6.49772
186	76	5.46614
186	77	5.32307
186	90	7.02152
186	96	6.11768
186	107	6.18482
186	111	6.42774
186	112	6.33881
186	116	6.43961
186	133	6.86274
186	142	6.79635
186	143	7.38089
186	148	7.50727
186	149	7.62558
186	150	7.12415
186	153	7.52102
186	156	8.89831
186	168	8.13856
186	171	8.24954
186	173	8.58634
186	178	8.63281
186	181	9.22491
186	183	8.52676
186	188	8.87813
186	189	8.80922
186	190	8.92094
186	194	8.84743
186	197	9.17173
187	1	5.52278
187	5	4.69195
187	11	5.35819
187	17	4.19118
187	23	5.0797
187	31	4.49914
187	32	5.0274
187	35	4.82826
187	36	5.57217
187	40	4.74581
187	44	5.14026
187	72	6.04838
187	74	5.99536
187	80	5.69221
187	94	4.73931
187	105	5.35109
187	119	7.33763
187	120	6.48696
187	121	6.43706
187	122	6.34985
187	124	6.70853
187	125	6.55304
187	127	6.25134
187	134	6.66955
187	135	6.5975
187	137	6.78355
187	139	6.87769
187	143	7.32343
187	144	6.85808
187	145	7.1126
187	146	7.16987
187	159	7.34732
187	161	7.85905
187	162	7.99994
187	164	8.31699
187	169	7.80504
187	174	8.18301
187	177	8.34591
187	182	9.45184
187	184	8.28407
187	191	8.54851
187	193	8.66964
187	194	7.99354
187	198	9.06229
188	2	4.73106
188	5	4.57778
188	18	4.28259
188	21	4.85493
188	25	5.20249
188	31	5.18196
188	38	4.4489
188	43	4.803
188	44	4.55569
188	45	5.33443
188	51	4.9617
188	57	4.99959
188	61	5.78465
188	65	6.05766
188	76	5.54571
188	77	5.40264
188	96	6.19725
188	107	6.26439
188	111	6.50731
188	112	6.41838
188	113	6.07332
188	116	6.51918
188	121	7.48632
188	125	5.49849
188	133	6.94231
188	140	7.68533
188	142	6.87592
188	143	7.46046
188	147	7.52444
188	148	7.58684
188	149	7.70515
188	150	7.20372
188	153	7.60059
188	155	8.2488
188	168	8.21813
188	170	7.90466
188	171	8.32911
188	174	7.51531
188	183	8.60633
188	185	8.74497
188	186	8.87813
188	189	8.88879
188	190	9.00052
188	197	9.2513
189	5	4.50887
189	8	4.84488
189	18	4.21367
189	21	4.78602
189	33	5.12313
189	38	4.37999
189	42	5.35804
189	43	4.73408
189	51	4.89279
189	57	4.93068
189	65	5.98874
189	70	4.82946
189	72	5.74643
189	73	6.06334
189	76	5.4768
189	77	5.33372
189	80	6.02107
189	93	5.67144
189	96	6.12834
189	100	6.63708
189	107	6.19548
189	111	6.4384
189	112	6.34947
189	116	6.45027
189	119	7.81655
189	131	7.2321
189	133	6.8734
189	142	6.80701
189	148	7.51793
189	149	7.63624
189	150	7.13481
189	151	7.8003
189	153	7.53168
189	168	8.14921
189	170	8.21455
189	171	8.2602
189	174	7.8252
189	178	8.64346
189	183	8.53741
189	186	8.80922
189	188	8.88879
189	190	8.9316
189	197	9.18238
189	200	8.97225
190	2	4.77388
190	5	4.6206
190	8	4.95661
190	18	4.3254
190	21	4.89775
190	31	5.22478
190	38	4.49172
190	43	4.84581
190	51	5.00451
190	57	5.04241
190	72	5.85816
190	76	5.58853
190	77	5.44545
190	84	5.18409
190	85	4.81548
190	88	5.19667
190	96	6.24007
190	107	6.30721
190	111	6.55013
190	112	6.46119
190	116	6.562
190	127	6.19936
190	132	7.40132
190	133	6.98512
190	142	6.91874
190	143	7.50327
190	146	5.90299
190	148	7.62966
190	150	7.24653
190	153	7.6434
190	155	7.61174
190	157	6.42148
190	168	8.26094
190	171	8.37192
190	177	8.52137
190	178	8.75519
190	179	8.23571
190	183	8.64914
190	186	8.92094
190	188	9.00052
190	189	8.9316
190	191	8.43654
190	197	9.29411
190	199	8.63301
190	200	8.0253
191	11	5.45527
191	17	4.28826
191	22	5.4652
191	32	5.12448
191	35	4.92534
191	36	5.66926
191	40	4.8429
191	44	5.23735
191	53	5.78967
191	68	5.23118
191	74	6.09244
191	80	5.7893
191	85	5.81406
191	87	6.0527
191	92	6.59511
191	94	5.26985
191	98	6.38793
191	101	6.85755
191	107	5.74349
191	115	6.91624
191	120	6.58404
191	121	6.53414
191	122	6.44694
191	124	6.80561
191	125	6.65013
191	127	6.34842
191	135	6.69459
191	139	6.97478
191	144	6.95516
191	146	7.26696
191	149	7.25848
191	150	7.16452
191	151	7.85193
191	152	7.58079
191	159	7.44441
191	161	7.95614
191	169	7.90212
191	173	8.263
191	174	8.28009
191	177	8.443
191	185	9.1065
191	187	8.54851
191	190	8.43654
191	193	8.76672
191	198	9.15937
191	200	9.02388
192	19	5.26439
192	28	4.87017
192	31	4.51305
192	42	5.37998
192	47	5.46385
192	52	5.16169
192	54	5.55213
192	55	4.29879
192	56	5.60969
192	59	5.70041
192	60	5.62821
192	66	5.53469
192	69	5.76429
192	70	6.10348
192	88	6.06826
192	92	4.82528
192	93	6.35855
192	94	6.52826
192	99	6.44161
192	103	6.31044
192	104	6.43408
192	106	6.87641
192	114	6.34442
192	117	6.81773
192	129	6.79877
192	130	6.73417
192	136	5.85498
192	139	6.46227
192	140	7.53022
192	151	7.7224
192	153	6.52267
192	156	8.08875
192	157	7.85152
192	160	8.14827
192	164	8.04839
192	166	8.2102
192	167	8.43013
192	169	8.01573
192	173	7.74636
192	175	8.53924
192	176	8.66473
192	179	8.93835
192	184	9.00277
192	196	8.80216
192	197	8.51806
192	200	9.51182
193	15	4.39151
193	17	4.40939
193	18	6.27005
193	24	4.30461
193	35	5.04647
193	36	5.79039
193	40	4.96403
193	41	5.38067
193	44	5.35848
193	53	5.9108
193	55	5.731
193	65	6.47324
193	68	5.31428
193	80	5.91043
193	87	6.17383
193	92	6.71624
193	98	6.50906
193	105	5.96474
193	110	7.65605
193	112	6.05104
193	115	7.03737
193	120	6.70517
193	121	6.65527
193	122	6.56807
193	124	6.92674
193	127	6.46955
193	133	6.79773
193	134	6.88776
193	137	7.00176
193	139	7.09591
193	142	6.47436
193	144	7.07629
193	145	7.33081
193	146	7.38809
193	154	7.69992
193	159	7.56554
193	161	8.07727
193	167	8.49124
193	169	8.02325
193	174	8.40122
193	177	8.56413
193	187	8.66964
193	191	8.76672
193	194	8.60719
193	198	9.2805
193	200	9.10698
194	1	4.64065
194	3	4.62362
194	6	4.25109
194	12	5.33384
194	24	5.54276
194	26	4.09557
194	27	4.94692
194	34	5.05348
194	83	5.69389
194	85	5.74878
194	90	6.14212
194	99	6.13004
194	100	6.03504
194	102	5.85611
194	103	6.74342
194	107	4.83245
194	110	6.19394
194	112	5.0569
194	114	5.95002
194	128	6.2979
194	130	6.12743
194	131	6.35579
194	132	6.49352
194	140	6.59228
194	141	6.96074
194	142	5.48022
194	147	6.98917
194	152	7.61825
194	159	7.78738
194	163	7.77661
194	169	7.62132
194	170	7.73673
194	172	7.98021
194	173	8.29225
194	175	8.22207
194	179	8.32325
194	180	8.26355
194	181	8.75205
194	182	8.72839
194	185	8.56622
194	186	8.84743
194	187	7.99354
194	193	8.60719
194	195	8.79585
194	196	8.91831
194	199	8.98999
195	4	4.45708
195	6	4.23826
195	11	4.42308
195	12	5.32101
195	13	5.59886
195	17	5.00255
195	27	4.93409
195	37	5.23974
195	45	5.53822
195	46	5.80113
195	56	5.17435
195	58	5.58755
195	68	6.3411
195	70	4.9674
195	73	6.20128
195	85	5.73594
195	90	6.12929
195	92	5.42822
195	102	5.84328
195	105	6.3368
195	131	6.34296
195	132	6.48068
195	134	7.05875
195	138	7.78123
195	139	7.06521
195	140	6.57945
195	141	6.94791
195	147	6.97634
195	152	7.60542
195	154	7.70312
195	155	7.51188
195	162	7.85075
195	163	7.76378
195	165	7.97937
195	169	8.61867
195	170	7.7239
195	171	8.85739
195	173	8.27942
195	175	8.20924
195	180	8.25072
195	182	8.71555
195	185	8.55339
195	194	8.79585
195	196	8.90548
195	198	9.28345
195	199	8.97716
195	200	9.11018
196	1	4.75028
196	4	4.57954
196	6	4.36072
196	12	5.44346
196	16	4.64058
196	24	5.65239
196	27	5.05655
196	43	5.4548
196	46	5.92358
196	62	5.8721
196	68	6.46356
196	70	4.76476
196	75	5.13425
196	83	5.80352
196	85	5.8584
196	91	7.01771
196	102	5.96574
196	105	6.45926
196	109	6.67184
196	110	6.30356
196	112	5.8516
196	113	6.31851
196	128	6.40753
196	131	6.46542
196	135	8.08972
196	140	6.70191
196	141	7.07036
196	144	7.05245
196	147	7.0988
196	155	7.63433
196	157	7.30372
196	161	7.84228
196	162	7.97321
196	163	7.88623
196	165	8.10183
196	166	7.66266
196	170	7.84636
196	172	8.08984
196	175	8.3317
196	180	8.37318
196	182	8.83801
196	184	8.69829
196	185	8.67584
196	192	8.80216
196	194	8.91831
196	195	8.90548
196	199	9.09962
197	2	5.02466
197	4	5.07974
197	5	4.87138
197	8	5.20739
197	18	4.57618
197	21	5.14853
197	28	5.2435
197	31	5.47556
197	38	4.7425
197	43	5.09659
197	51	5.25529
197	54	5.68814
197	57	5.29319
197	65	6.35125
197	71	6.02221
197	72	6.10894
197	76	5.83931
197	77	5.69623
197	87	6.14323
197	96	6.49085
197	100	6.28828
197	107	6.55799
197	111	6.80091
197	112	6.71197
197	114	6.46063
197	116	6.81278
197	133	7.2359
197	142	7.16952
197	143	7.75405
197	144	6.76835
197	147	7.48553
197	149	7.99875
197	150	7.49731
197	153	7.89418
197	158	7.44184
197	168	8.51172
197	171	8.62271
197	174	7.47641
197	178	9.00597
197	179	8.83386
197	183	8.89992
197	186	9.17173
197	188	9.2513
197	189	9.18238
197	190	9.29411
197	192	8.51806
197	199	9.23116
198	11	5.96906
198	17	4.80205
198	22	5.97899
198	23	5.69057
198	30	4.2122
198	35	5.43913
198	37	5.63802
198	40	5.35668
198	41	5.77332
198	44	5.75113
198	50	5.76635
198	53	6.30345
198	55	6.12366
198	72	6.34096
198	74	6.60623
198	80	6.30308
198	84	5.9447
198	87	6.56648
198	93	5.48509
198	97	6.21617
198	98	6.90171
198	115	7.43003
198	120	7.09783
198	121	7.04793
198	122	6.96072
198	125	7.16391
198	126	6.23596
198	127	6.86221
198	133	6.47665
198	134	7.28042
198	135	7.20837
198	137	7.39441
198	139	7.48856
198	144	7.46894
198	145	7.72347
198	146	7.78074
198	159	7.95819
198	163	7.99204
198	165	7.931
198	169	8.41591
198	172	8.13718
198	174	8.79387
198	177	8.95678
198	181	8.66358
198	184	8.57664
198	187	9.06229
198	191	9.15937
198	193	9.2805
198	195	9.28345
199	1	4.82196
199	3	4.80492
199	4	4.65122
199	12	5.51514
199	13	5.793
199	16	4.71226
199	19	5.26706
199	29	4.7868
199	37	5.43388
199	41	4.40149
199	46	5.99527
199	58	5.78168
199	62	5.94378
199	64	6.01244
199	66	6.1773
199	82	5.61257
199	83	5.8752
199	90	6.32343
199	100	6.21635
199	104	7.30118
199	105	6.53094
199	115	7.60008
199	125	6.05647
199	128	6.47921
199	131	6.5371
199	140	6.77359
199	147	7.17048
199	152	7.79956
199	153	7.23577
199	155	7.70601
199	157	7.61652
199	159	8.89488
199	162	8.04489
199	163	7.95791
199	165	8.17351
199	170	7.91804
199	172	8.16152
199	173	8.47356
199	174	8.0733
199	175	8.40338
199	180	8.44486
199	181	8.93335
199	182	8.90969
199	185	8.74752
199	190	8.63301
199	194	8.98999
199	195	8.97716
199	196	9.09962
199	197	9.23116
200	6	4.58151
200	9	5.78599
200	11	3.92553
200	19	5.59191
200	28	5.19769
200	29	5.77043
200	42	5.7075
200	43	5.15989
200	47	5.79138
200	52	5.48921
200	54	5.87966
200	56	5.93722
200	59	6.02793
200	66	5.86221
200	69	6.09181
200	70	6.431
200	71	6.01139
200	78	5.47086
200	79	6.30048
200	88	6.39578
200	93	6.68607
200	94	6.85579
200	99	6.76913
200	103	6.63796
200	104	6.7616
200	106	7.20393
200	117	7.14526
200	125	5.44876
200	129	7.12629
200	130	7.06169
200	146	6.49032
200	151	8.04992
200	153	6.62806
200	156	8.41627
200	157	8.17905
200	160	8.4758
200	164	8.37591
200	166	8.53772
200	167	8.75765
200	175	8.64463
200	176	8.99225
200	179	9.26587
200	184	9.33029
200	189	8.97225
200	190	8.0253
200	191	9.02388
200	192	9.51182
200	193	9.10698
200	195	9.11018
