1	70	1.22168
1	78	2.31827
1	87	3.3349
1	112	3.14022
1	126	3.88786
1	140	2.35373
1	155	4.07721
1	183	4.79003
1	187	4.68657
1	191	5.15379
1	192	4.37483
1	193	4.34188
1	194	4.72963
1	196	4.83207
1	198	4.86161
2	38	2.95785
2	54	2.63325
2	59	2.97655
2	90	3.41992
2	137	3.6668
2	138	2.95562
2	144	3.54654
2	148	2.89495
2	151	3.79264
2	156	3.972
2	173	4.83293
2	174	4.87234
2	175	4.57946
2	195	5.70471
2	196	5.26612
3	16	2.54872
3	19	2.8286
3	47	2.93915
3	117	2.26126
3	122	3.67525
3	123	3.5144
3	169	4.22672
3	175	4.09227
3	176	3.72874
3	180	4.76908
3	181	3.6596
3	182	4.54336
3	197	4.93741
3	199	5.1832
3	200	5.15798
4	30	2.59175
4	32	2.40452
4	49	2.16394
4	65	3.86438
4	86	2.87934
4	118	3.5996
4	124	2.97899
4	133	3.93175
4	136	4.02297
4	149	3.63157
4	171	4.41709
4	187	5.06322
4	190	5.19055
4	196	5.58567
4	200	5.90499
5	35	2.1899
5	53	2.66874
5	95	2.821
5	117	4.2169
5	121	3.40687
5	126	3.32888
5	133	4.15092
5	149	3.60433
5	152	4.08418
5	155	3.76073
5	166	4.08539
5	176	4.71118
5	179	4.48824
5	188	4.75174
5	196	5.80483
6	19	2.50237
6	44	2.22039
6	72	2.15603
6	104	2.81429
6	134	3.52387
6	135	3.97324
6	144	3.24345
6	155	3.53207
6	165	4.39767
6	177	4.40353
6	180	4.87942
6	185	4.95922
6	189	5.08813
6	192	5.33296
6	199	5.0921
7	10	2.58385
7	28	2.96755
7	50	2.26683
7	73	3.54964
7	93	2.65727
7	131	3.39428
7	136	4.66245
7	152	3.51896
7	162	3.56311
7	169	4.17722
7	171	4.46373
7	172	5.11662
7	183	4.59122
7	189	5.72052
7	191	4.87276
8	21	0.583706
8	98	3.21137
8	126	3.78424
8	128	2.15294
8	136	4.09499
8	140	2.49227
8	148	3.28652
8	172	4.54915
8	175	4.97103
8	189	5.15305
8	192	4.51337
8	193	4.48043
8	194	4.86817
8	196	4.97062
8	198	5.00015
9	32	3.73167
9	50	2.36547
9	70	3.00647
9	111	2.95918
9	119	3.6614
9	121	3.38887
9	129	4.11113
9	133	3.31891
9	141	4.25816
9	142	3.69986
9	162	3.66175
9	166	4.50531
9	183	4.68986
9	191	4.9714
9	195	5.7846
10	7	2.58385
10	15	2.76589
10	35	2.86346
10	89	3.63259
10	99	3.658
10	109	3.21707
10	114	3.75125
10	119	3.87063
10	133	4.02191
10	138	3.82188
10	161	4.30125
10	167	3.90306
10	179	5.1618
10	181	5.2324
10	194	5.38637
11	36	2.91838
11	46	2.60376
11	50	2.62538
11	55	3.03269
11	66	2.88682
11	85	2.85504
11	101	3.36067
11	107	3.74897
11	132	3.93834
11	155	4.32538
11	163	4.77219
11	166	4.65003
11	179	5.05288
11	199	5.46798
11	200	5.91138
12	38	3.75317
12	51	3.49019
12	60	3.1499
12	75	2.69956
12	79	2.759
12	103	3.41448
12	104	3.34433
12	112	3.44034
12	142	3.96822
12	156	3.94933
12	161	4.68686
12	168	4.92701
12	182	4.7324
12	184	4.88933
12	188	5.02364
13	18	3.29565
13	26	2.49517
13	43	2.8893
13	50	3.2421
13	54	2.25087
13	97	3.8139
13	137	3.28442
13	157	3.91036
13	160	3.75977
13	167	4.17038
13	168	5.07435
13	174	4.48996
13	176	5.11512
13	186	4.78331
13	193	6.08085
13	195	5.32233
14	22	2.48483
14	28	2.55449
14	43	2.76436
14	55	3.52447
14	96	3.37699
14	100	3.68248
14	120	3.42903
14	130	3.99305
14	137	3.99408
14	145	3.99136
14	154	4.23274
14	160	4.46943
14	167	4.88004
14	176	4.99018
14	185	5.69475
14	195	6.03199
15	10	2.76589
15	50	2.24988
15	65	3.49527
15	79	3.39537
15	107	4.09259
15	116	4.24161
15	124	3.2756
15	138	4.0566
15	145	4.21469
15	150	3.22863
15	155	4.66901
15	156	4.5857
15	161	3.84198
15	196	5.21656
15	198	5.20445
15	200	5.53588
16	3	2.54872
16	32	3.8834
16	72	3.26331
16	77	3.24843
16	99	4.30562
16	105	3.32615
16	114	3.46499
16	118	3.33798
16	119	3.58436
16	138	3.53562
16	161	4.94887
16	173	4.50252
16	179	4.87553
16	182	4.8478
16	187	5.2487
16	188	5.13904
17	28	2.23807
17	63	2.38561
17	104	2.73389
17	113	3.07942
17	117	3.54785
17	154	3.91632
17	159	3.99619
17	160	4.15301
17	163	4.31591
17	167	4.56362
17	174	4.8832
17	183	4.1645
17	185	4.74669
17	186	5.17655
17	192	5.25256
17	194	4.84632
18	13	3.29565
18	63	3.65384
18	69	3.28908
18	114	4.0129
18	119	3.89368
18	145	4.31153
18	150	4.41608
18	153	2.59857
18	164	3.15684
18	169	5.08832
18	172	3.48596
18	175	4.02919
18	177	3.62906
18	197	4.87434
18	199	5.12012
18	200	5.09491
19	3	2.8286
19	6	2.50237
19	31	2.70376
19	40	2.7391
19	51	2.74582
19	63	3.04701
19	71	4.09424
19	84	4.02808
19	103	3.6822
19	112	3.74213
19	131	4.68509
19	142	4.89204
19	156	5.30921
19	157	4.92896
19	175	5.91666
19	191	6.16358
20	27	2.87075
20	66	3.64419
20	69	2.94631
20	83	2.74365
20	106	3.45004
20	115	3.44467
20	131	4.21505
20	135	3.79673
20	136	4.49854
20	140	4.02524
20	146	3.9261
20	165	4.22116
20	170	4.37844
20	180	4.70292
20	185	4.78271
20	200	6.38057
21	8	0.583706
21	30	2.94277
21	31	2.44724
21	57	1.81786
21	99	4.32897
21	121	3.94884
21	123	4.31879
21	127	4.00816
21	142	4.25358
21	168	3.62866
21	190	5.73878
21	192	4.93369
21	193	4.90075
21	194	5.2885
21	196	5.39094
21	198	5.42047
22	14	2.48483
22	38	3.70919
22	48	2.79606
22	98	3.57114
22	100	3.61611
22	107	3.73162
22	108	3.31161
22	113	3.119
22	118	3.03199
22	151	3.84308
22	160	4.19259
22	173	4.88337
22	174	4.92278
22	187	4.94271
22	192	6.13423
22	195	5.75515
23	41	2.95004
23	47	3.37852
23	50	3.0151
23	71	2.67039
23	83	3.025
23	100	3.58043
23	101	3.23771
23	115	3.72602
23	150	3.99385
23	165	4.50251
23	170	4.65979
23	171	4.22035
23	172	4.87324
23	180	4.98427
23	189	5.19298
23	196	5.98178
24	52	1.75944
24	60	2.6133
24	80	3.35396
24	123	3.27931
24	125	3.44311
24	134	3.51084
24	146	4.08957
24	156	4.48752
24	161	4.40706
24	168	4.64721
24	170	4.54191
24	173	3.9607
24	177	4.96898
24	180	4.86638
24	185	4.94618
24	190	5.17361
25	67	3.29467
25	88	1.37646
25	90	4.01982
25	134	2.79902
25	145	3.77354
25	149	3.91192
25	164	3.3145
25	166	4.1996
25	169	4.55033
25	175	4.18686
25	177	3.78673
25	181	3.75419
25	195	5.47889
25	197	5.032
25	199	5.27779
25	200	5.25257
26	13	2.49517
26	39	2.85039
26	44	2.41261
26	66	3.18647
26	80	3.55921
26	108	3.53634
26	135	4.16546
26	141	4.01731
26	146	4.29483
26	149	3.64943
26	163	4.78365
26	170	4.74716
26	182	4.60447
26	183	4.63224
26	189	5.28035
26	197	5.8528
27	20	2.87075
27	51	3.5554
27	75	2.94175
27	91	3.77059
27	93	3.63008
27	113	3.42547
27	117	2.23308
27	164	3.19172
27	175	4.06408
27	177	3.66395
27	181	3.63142
27	185	5.73756
27	197	4.90923
27	198	6.11454
27	199	5.15501
27	200	5.1298
28	7	2.96755
28	14	2.55449
28	17	2.23807
28	32	3.61947
28	96	3.16981
28	103	3.13841
28	134	2.99253
28	143	3.09846
28	151	3.91274
28	154	4.02556
28	163	5.23965
28	165	4.65712
28	174	4.99244
28	186	5.28579
28	195	5.82481
28	197	6.3088
29	41	1.83497
29	59	3.53487
29	68	3.08724
29	76	3.50013
29	95	3.44246
29	113	3.00563
29	127	3.48579
29	137	3.60388
29	156	4.53032
29	159	3.92241
29	160	4.07922
29	174	4.80941
29	184	4.65233
29	186	5.10276
29	193	5.69651
29	195	5.64178
30	4	2.59175
30	21	2.94277
30	61	2.99405
30	93	3.41654
30	110	3.4468
30	120	3.2583
30	122	4.04594
30	127	4.50849
30	129	4.08837
30	130	4.17344
30	143	4.4115
30	154	3.8979
30	162	4.58721
30	168	4.77868
30	177	5.10045
30	190	5.80946
31	19	2.70376
31	21	2.44724
31	42	3.43962
31	94	2.58555
31	107	4.06945
31	116	4.21847
31	138	4.03345
31	141	3.50401
31	145	4.19155
31	149	4.48946
31	165	4.01516
31	166	4.97052
31	176	4.32392
31	188	5.63687
31	191	4.81005
31	192	5.53435
31	194	5.12811
32	4	2.40452
32	9	3.73167
32	16	3.8834
32	28	3.61947
32	40	3.92491
32	43	3.02424
32	68	3.20393
32	79	3.72671
32	98	3.41397
32	114	4.48598
32	127	4.32126
32	129	3.90114
32	130	3.98621
32	142	4.78386
32	184	5.19687
32	190	5.62223
32	196	6.87708
33	78	2.45671
33	91	3.8023
33	93	3.66179
33	98	3.71204
33	117	4.57042
33	123	4.13034
33	150	2.59879
33	157	4.48398
33	163	2.94324
33	168	3.20824
33	178	5.22383
33	188	5.44732
33	192	4.51327
33	193	4.48032
33	194	4.86807
33	196	4.97051
33	198	5.00005
34	35	2.55999
34	58	2.01019
34	76	3.53718
34	78	3.21453
34	81	2.19589
34	95	3.47951
34	104	3.4596
34	131	4.0153
34	141	3.94792
34	144	3.88877
34	182	4.86244
34	191	5.25396
34	192	5.27109
34	193	5.23814
34	194	5.62589
34	196	5.72833
34	198	5.75787
35	5	2.1899
35	10	2.86346
35	34	2.55999
35	39	2.96456
35	45	3.04423
35	46	3.04496
35	91	3.65959
35	126	4.33473
35	148	4.434
35	151	4.18428
35	155	4.76658
35	156	4.68328
35	169	4.69995
35	180	5.24231
35	188	5.75759
35	190	5.40762
35	197	6.26491
36	11	2.91838
36	40	2.93182
36	42	3.72417
36	66	3.49186
36	74	3.85292
36	77	4.03082
36	106	3.27279
36	109	3.7132
36	119	4.36675
36	126	4.49857
36	133	4.23008
36	136	4.32129
36	145	4.4761
36	151	4.05263
36	162	4.5581
36	192	6.00077
36	193	5.75607
37	55	1.78191
37	82	3.1942
37	89	3.16846
37	106	3.34096
37	132	4.29844
37	136	3.13314
37	138	3.64167
37	149	3.99807
37	157	4.2778
37	161	4.05246
37	164	4.02919
37	172	4.35832
37	173	4.13123
37	178	5.01765
37	197	5.7467
37	199	5.99248
37	200	5.96727
38	2	2.95785
38	12	3.75317
38	22	3.70919
38	52	2.98667
38	59	2.50028
38	92	3.8312
38	132	2.52552
38	140	2.85216
38	163	3.30323
38	168	3.56823
38	171	5.24744
38	175	6.32221
38	177	6.19622
38	192	4.87326
38	193	4.84031
38	194	5.22806
38	198	5.36004
39	26	2.85039
39	35	2.96456
39	40	3.61183
39	69	3.44908
39	87	3.86281
39	90	3.05449
39	92	3.38634
39	95	3.59566
39	103	3.91723
39	107	3.95898
39	116	4.10799
39	145	4.08107
39	165	5.16159
39	171	4.80258
39	180	5.79068
39	188	5.52639
39	190	5.95598
40	19	2.7391
40	32	3.92491
40	36	2.93182
40	39	3.61183
40	84	3.11078
40	99	3.19166
40	114	3.97386
40	131	3.7678
40	133	3.59379
40	152	3.89248
40	158	4.94031
40	165	4.96255
40	169	4.55074
40	172	5.25642
40	178	5.43044
40	183	4.96474
40	191	5.24629
41	23	2.95004
41	29	1.83497
41	44	2.99833
41	56	2.29454
41	91	3.92936
41	97	3.89053
41	130	4.19462
41	151	3.58342
41	157	4.08352
41	159	3.77612
41	167	4.34354
41	174	4.66312
41	179	5.13073
41	186	4.95647
41	189	5.78077
41	195	5.49549
41	199	6.16132
42	31	3.43962
42	36	3.72417
42	55	2.75447
42	65	3.59255
42	82	2.55587
42	85	3.66083
42	103	4.51301
42	104	4.44286
42	116	4.70377
42	154	3.29863
42	155	5.13117
42	166	5.45582
42	178	4.37932
42	180	4.54051
42	186	4.14922
42	189	4.8092
42	194	5.02437
43	13	2.8893
43	14	2.76436
43	32	3.02424
43	65	4.27637
43	69	3.80682
43	89	3.21395
43	100	3.62801
43	110	3.4476
43	123	3.96965
43	127	4.5093
43	144	4.02493
43	146	3.43707
43	177	5.18501
43	178	5.12939
43	187	5.68293
43	188	5.28663
43	190	5.81026
44	6	2.22039
44	26	2.41261
44	41	2.99833
44	59	3.7405
44	80	3.41046
44	99	4.01223
44	123	3.33581
44	135	4.01671
44	151	4.1987
44	155	4.34595
44	156	4.73595
44	170	4.59841
44	174	5.09008
44	180	4.92289
44	185	5.00269
44	189	5.1316
44	193	5.90214
45	35	3.04423
45	71	3.83664
45	86	3.07429
45	87	3.91931
45	91	3.65853
45	98	3.17724
45	109	3.18826
45	118	3.79455
45	127	4.08453
45	129	3.66441
45	143	3.98754
45	149	4.39163
45	167	4.57296
45	178	4.70463
45	184	4.96014
45	191	5.7382
45	196	6.34573
46	11	2.60376
46	35	3.04496
46	77	3.71619
46	83	3.46065
46	89	3.81409
46	101	3.71934
46	103	3.99764
46	104	3.92749
46	116	4.1884
46	121	3.55277
46	149	4.45939
46	154	3.93553
46	170	4.45373
46	182	5.31556
46	183	4.97945
46	187	4.87598
46	192	6.06751
47	3	2.93915
47	23	3.37852
47	48	3.33833
47	55	4.15451
47	68	3.10889
47	69	3.52375
47	79	3.56351
47	81	3.66943
47	124	3.31563
47	127	4.22622
47	128	4.48634
47	147	4.57949
47	164	5.01085
47	178	4.84632
47	184	5.10183
47	187	5.39986
47	190	5.52719
48	22	2.79606
48	47	3.33833
48	49	2.6369
48	56	3.14226
48	97	3.54671
48	102	3.46758
48	120	3.28678
48	123	3.91357
48	133	4.28767
48	142	3.84837
48	154	4.54397
48	158	4.51693
48	159	4.62385
48	173	5.47144
48	174	5.51085
48	176	4.84793
48	195	6.34322
49	4	2.16394
49	48	2.6369
49	54	2.52453
49	71	3.38632
49	96	2.94099
49	128	3.66787
49	154	3.79674
49	157	4.18402
49	158	4.47076
49	159	3.87661
49	173	4.72421
49	174	4.76362
49	178	4.96089
49	179	4.74074
49	181	5.45198
49	195	5.59599
49	200	6.21474
50	7	2.26683
50	9	2.36547
50	11	2.62538
50	13	3.2421
50	15	2.24988
50	23	3.0151
50	66	3.9334
50	68	3.61325
50	99	4.01021
50	121	4.4823
50	152	4.71103
50	158	4.9258
50	169	5.36929
50	180	5.57713
50	181	5.90703
50	183	5.78329
50	191	6.06484
51	12	3.49019
51	19	2.74582
51	27	3.5554
51	90	4.89969
51	105	3.15044
51	106	3.24375
51	111	3.24079
51	115	4.27391
51	131	3.77453
51	142	3.98147
51	152	3.89921
51	160	4.54907
51	162	3.94336
51	166	5.07947
51	183	4.97147
51	188	6.03485
51	191	5.25301
52	24	1.75944
52	38	2.98667
52	76	2.97063
52	93	3.37261
52	99	3.53348
52	131	4.10962
52	133	3.93561
52	142	4.31657
52	144	3.32222
52	163	4.47507
52	169	4.89257
52	177	4.48229
52	179	4.14027
52	183	5.30656
52	191	5.58811
52	198	5.28284
52	200	5.61426
53	5	2.66874
53	76	2.23308
53	80	3.26917
53	87	3.75463
53	109	3.02358
53	111	3.70681
53	153	3.369
53	158	3.69862
53	159	4.40398
53	161	3.95053
53	172	4.25639
53	175	4.79963
53	181	4.36696
53	184	5.00894
53	196	6.18105
53	197	5.64477
53	198	6.16895
53	200	5.86534
54	2	2.63325
54	13	2.25087
54	49	2.52453
54	74	2.9125
54	96	3.57584
54	98	3.53655
54	101	3.75147
54	122	4.11571
54	129	3.92226
54	157	4.81888
54	165	4.58045
54	167	5.0789
54	173	5.35906
54	178	5.04835
54	179	4.82819
54	186	5.69182
54	189	5.47823
54	195	6.23085
55	11	3.03269
55	14	3.52447
55	37	1.78191
55	42	2.75447
55	47	4.15451
55	115	4.28579
55	119	4.24744
55	136	2.86221
55	154	4.74256
55	158	3.52962
55	170	5.26076
55	175	4.63062
55	176	4.2671
55	181	4.19796
55	190	6.14975
55	197	5.47577
55	199	5.72155
55	200	5.69634
56	41	2.29454
56	48	3.14226
56	57	3.02136
56	89	3.65641
56	92	3.09425
56	94	3.60809
56	105	2.84467
56	114	4.04901
56	142	4.34689
56	144	3.94318
56	152	4.71946
56	157	4.68938
56	163	5.62024
56	167	4.9494
56	173	5.22957
56	174	5.26898
56	186	5.56233
56	193	6.31219
57	21	1.81786
57	56	3.02136
57	59	3.37455
57	73	2.85402
57	78	3.69097
57	88	3.24658
57	116	3.36189
57	127	3.55973
57	150	3.83305
57	158	4.47373
57	168	4.4425
57	170	4.40138
57	184	4.72627
57	188	5.18735
57	192	5.74753
57	196	6.20478
57	198	6.23431
57	200	6.21771
58	34	2.01019
58	60	2.91735
58	67	2.31502
58	81	2.52726
58	84	2.99841
58	125	4.06665
58	126	4.21224
58	133	4.43177
58	140	3.58136
58	163	4.03243
58	173	4.26476
58	179	4.93102
58	186	4.92107
58	190	5.47767
58	192	5.60246
58	194	5.95726
58	196	6.05971
58	198	6.08924
59	2	2.97655
59	29	3.53487
59	38	2.50028
59	44	3.7405
59	57	3.37455
59	60	3.85923
59	67	3.20295
59	68	4.29037
59	72	3.30683
59	81	3.41518
59	87	4.60115
59	112	4.40648
59	132	4.14265
59	136	5.46487
59	140	4.46929
59	166	5.36115
59	194	6.84518
59	196	6.94763
60	12	3.1499
60	24	2.6133
60	58	2.91735
60	59	3.85923
60	82	3.39083
60	86	3.32333
60	87	4.78211
60	89	4.65298
60	92	2.97113
60	95	4.51495
60	105	4.6328
60	130	4.05802
60	141	4.23523
60	145	5.00036
60	149	5.29827
60	171	4.38738
60	182	6.15445
60	197	6.39807
61	30	2.99405
61	68	3.17455
61	69	3.58941
61	85	2.85329
61	90	4.14298
61	95	3.6072
61	97	3.5943
61	100	3.4106
61	130	3.95684
61	139	3.43883
61	167	4.21641
61	171	4.81939
61	175	5.30252
61	182	4.99013
61	184	5.16749
61	187	5.46552
61	190	5.59285
61	198	5.97708
62	71	2.74425
62	83	3.09886
62	92	2.68382
62	93	3.36492
62	94	3.28046
62	132	4.20776
62	139	3.31114
62	144	3.88876
62	146	4.28132
62	153	3.79713
62	165	4.57637
62	170	4.73365
62	180	5.05813
62	185	5.13793
62	187	4.78674
62	189	5.26684
62	192	5.97826
62	200	6.18081
63	17	2.38561
63	18	3.65384
63	19	3.04701
63	73	3.89145
63	99	3.49957
63	100	4.16561
63	106	3.54494
63	113	3.86579
63	119	4.05663
63	121	3.97166
63	132	4.91324
63	152	4.20039
63	162	4.24454
63	168	5.43254
63	169	4.85865
63	183	5.27265
63	188	5.85593
63	191	5.5542
64	71	2.89654
64	86	2.94352
64	108	3.67512
64	115	3.95217
64	117	4.18106
64	125	3.78714
64	126	3.89553
64	135	4.30423
64	141	4.15609
64	154	3.75378
64	163	4.94911
64	164	4.06596
64	165	4.72866
64	175	5.08233
64	185	5.29022
64	186	4.60437
64	187	4.69424
64	189	5.41913
65	4	3.86438
65	15	3.49527
65	42	3.59255
65	43	4.27637
65	67	5.0245
65	78	3.76862
65	126	5.7224
65	139	2.38177
65	153	3.03391
65	154	5.58065
65	158	3.36354
65	161	3.61544
65	170	6.09885
65	175	4.46454
65	176	4.10101
65	177	4.06441
65	197	5.30969
65	199	5.55547
65	200	5.53025
66	11	2.88682
66	20	3.64419
66	26	3.18647
66	36	3.49186
66	50	3.9334
66	76	4.57577
66	77	3.99925
66	87	4.22628
66	92	3.72242
66	107	4.32245
66	114	4.21582
66	119	4.33519
66	121	4.50212
66	122	3.89699
66	126	4.46701
66	142	4.80686
66	177	6.08743
66	182	5.59863
66	196	6.90009
67	25	3.29467
67	58	2.31502
67	59	3.20295
67	65	5.0245
67	71	4.2367
67	73	2.68242
67	76	4.42148
67	102	2.78894
67	115	4.27381
67	132	3.22819
67	146	4.1852
67	148	4.37462
67	163	4.00589
67	174	5.80581
67	182	5.74674
67	192	5.57592
67	193	5.54298
67	196	6.03317
67	198	6.0627
68	29	3.08724
68	32	3.20393
68	47	3.10889
68	50	3.61325
68	59	4.29037
68	61	3.17455
68	73	3.90442
68	75	3.39505
68	107	4.2941
68	127	4.68899
68	140	4.54393
68	143	4.592
68	154	4.56473
68	155	4.89582
68	167	4.80716
68	171	5.2165
68	184	5.5646
68	187	5.86263
68	190	5.98996
69	18	3.28908
69	20	2.94631
69	39	3.44908
69	43	3.80682
69	47	3.52375
69	61	3.58941
69	70	3.03695
69	82	3.964
69	91	4.67785
69	93	3.70564
69	120	3.5474
69	127	5.10385
69	130	4.7688
69	158	4.77756
69	168	5.06778
69	178	5.72394
69	185	5.81312
69	187	6.27748
69	195	5.81508
70	1	1.22168
70	9	3.00647
70	69	3.03695
70	78	3.65365
70	83	3.66179
70	95	3.7699
70	102	2.92322
70	103	3.23076
70	129	4.09128
70	135	3.35717
70	150	3.79573
70	188	5.44084
70	192	5.71021
70	193	5.67726
70	194	6.06501
70	195	5.76475
70	196	6.16745
70	198	6.19699
70	199	6.0278
71	19	4.09424
71	23	2.67039
71	45	3.83664
71	49	3.38632
71	62	2.74425
71	64	2.89654
71	67	4.2367
71	91	4.452
71	108	3.73274
71	125	3.84477
71	133	5.15413
71	138	4.49755
71	146	4.49123
71	151	4.97669
71	170	4.94357
71	180	5.26804
71	185	5.34784
71	189	5.47675
71	198	6.79595
72	6	2.15603
72	16	3.26331
72	59	3.30683
72	73	2.7863
72	80	3.34511
72	101	4.0256
72	124	4.31604
72	128	3.31938
72	146	3.6964
72	153	4.19263
72	163	4.10978
72	168	4.37478
72	174	5.31701
72	180	5.48366
72	190	5.64897
72	192	5.67981
72	193	5.64686
72	194	6.03461
72	198	6.16659
73	7	3.54964
73	57	2.85402
73	63	3.89145
73	67	2.68242
73	68	3.90442
73	72	2.7863
73	81	2.89465
73	82	3.88365
73	91	4.28557
73	112	4.02053
73	140	3.94875
73	141	4.72806
73	153	4.57727
73	163	4.39982
73	183	5.67034
73	185	6.25254
73	193	5.93691
73	194	6.32465
73	196	6.4271
73	198	6.45663
74	36	3.85292
74	54	2.9125
74	77	4.36031
74	84	3.15949
74	90	3.77901
74	97	3.88557
74	99	4.22894
74	109	4.0427
74	119	4.69625
74	120	4.64843
74	122	4.25805
74	131	4.40058
74	153	4.18241
74	155	5.25992
74	158	4.82211
74	159	4.4697
74	162	4.92087
74	175	5.5601
74	179	5.98742
74	193	6.11884
75	12	2.69956
75	27	2.94175
75	68	3.39505
75	87	4.33176
75	90	3.52344
75	104	4.31604
75	107	4.42793
75	109	3.78712
75	112	3.51115
75	132	4.47852
75	147	3.99786
75	150	4.14432
75	156	4.92104
75	166	5.32899
75	174	5.19227
75	179	5.73184
75	180	5.35892
75	182	5.70411
75	195	5.74512
75	199	6.00816
76	29	3.50013
76	34	3.53718
76	52	2.97063
76	53	2.23308
76	66	4.57577
76	67	4.42148
76	95	4.61085
76	96	4.06545
76	117	3.35272
76	122	5.12566
76	136	3.41531
76	139	3.10095
76	158	4.08272
76	159	5.21576
76	175	5.18372
76	176	4.8202
76	194	6.70336
76	197	6.02887
76	199	6.27465
76	200	6.24944
77	16	3.24843
77	36	4.03082
77	46	3.71619
77	66	3.99925
77	74	4.36031
77	79	4.16418
77	115	2.99259
77	122	4.43594
77	131	3.61837
77	149	5.2814
77	152	3.74391
77	156	5.35451
77	169	4.14887
77	172	4.35603
77	182	6.13758
77	189	4.95993
77	193	5.33664
77	194	5.1751
77	195	5.07743
77	199	5.34048
78	1	2.31827
78	33	2.45671
78	34	3.21453
78	57	3.69097
78	65	3.76862
78	70	3.65365
78	125	3.47087
78	128	4.44637
78	150	4.89232
78	164	3.78688
78	165	4.0875
78	166	3.82349
78	168	5.50177
78	175	4.80325
78	181	5.04648
78	185	5.10082
78	195	5.10278
78	196	7.26404
78	197	5.73918
78	198	7.29358
79	12	2.759
79	15	3.39537
79	32	3.72671
79	47	3.56351
79	77	4.16418
79	84	3.07949
79	89	4.26208
79	94	3.33474
79	122	4.06191
79	125	4.14772
79	140	4.13077
79	145	4.60946
79	148	4.73119
79	149	4.90737
79	162	4.84087
79	175	5.4801
79	182	5.76355
79	188	6.05479
79	197	6.41604
79	199	6.04268
80	24	3.35396
80	26	3.55921
80	44	3.41046
80	53	3.26917
80	72	3.34511
80	83	4.11023
80	101	4.32294
80	103	3.48413
80	108	4.5342
80	121	4.00729
80	124	4.4643
80	131	4.55907
80	134	4.71395
80	135	5.16331
80	146	5.29268
80	147	4.27087
80	163	5.58538
80	181	5.96183
80	189	6.2782
80	191	5.79773
81	34	2.19589
81	47	3.66943
81	58	2.52726
81	59	3.41518
81	73	2.89465
81	94	3.44066
81	102	3.00118
81	147	4.1383
81	150	3.87368
81	151	4.44133
81	169	4.957
81	179	5.11801
81	181	5.82926
81	184	5.10058
81	185	5.8836
81	188	5.56165
81	192	5.78816
81	193	5.75521
81	194	6.14296
81	196	6.24541
81	198	6.27494
82	37	3.1942
82	42	2.55587
82	60	3.39083
82	69	3.964
82	73	3.88365
82	100	3.78518
82	110	3.60478
82	118	4.3765
82	125	4.54012
82	128	4.33162
82	142	4.46595
82	143	4.56949
82	150	4.57124
82	157	4.8848
82	171	5.19398
82	172	5.45063
82	178	5.28657
82	184	5.54208
82	187	5.84011
82	190	5.96744
82	200	6.87849
83	20	2.74365
83	23	3.025
83	46	3.46065
83	62	3.09886
83	70	3.66179
83	80	4.11023
83	89	4.04334
83	91	4.471
83	101	3.8761
83	108	4.08735
83	111	4.35281
83	126	4.95359
83	135	4.71647
83	159	5.04998
83	170	5.29818
83	171	5.06562
83	180	5.62265
83	185	5.70245
83	188	6.11601
83	189	5.83136
83	192	6.94383
84	19	4.02808
84	40	3.11078
84	58	2.99841
84	74	3.15949
84	79	3.07949
84	97	3.83499
84	99	4.48064
84	106	4.52601
84	107	3.94403
84	111	4.52304
84	117	4.64193
84	129	4.16926
84	133	4.88277
84	142	5.26372
84	162	5.22561
84	165	4.82745
84	169	5.83972
84	174	5.28988
84	181	5.78643
84	183	6.25372
84	192	6.34664
85	11	2.85504
85	42	3.66083
85	61	2.85329
85	87	4.1945
85	91	3.8252
85	101	3.94985
85	107	4.29067
85	114	4.18404
85	116	4.43968
85	119	4.30341
85	122	3.86521
85	147	4.04686
85	161	4.80667
85	164	4.47822
85	166	5.19173
85	179	5.59458
85	182	5.56685
85	187	5.1065
85	196	6.18125
85	197	6.43052
85	200	6.50057
86	4	2.87934
86	45	3.07429
86	60	3.32333
86	64	2.94352
86	90	4.64547
86	98	3.88879
86	100	3.91479
86	118	4.5061
86	122	4.62451
86	124	3.88548
86	127	4.79608
86	129	4.37595
86	137	4.10577
86	152	4.77102
86	156	5.19755
86	171	5.32358
86	177	5.67902
86	178	5.41618
86	190	6.09704
86	198	6.47957
86	199	6.36759
87	1	3.3349
87	39	3.86281
87	45	3.91931
87	53	3.75463
87	59	4.60115
87	60	4.78211
87	66	4.22628
87	75	4.33176
87	85	4.1945
87	88	4.23892
87	95	4.72511
87	103	5.04668
87	106	4.27951
87	120	5.05335
87	126	5.23299
87	127	4.55207
87	137	4.50482
87	139	4.34037
87	146	4.33013
87	188	6.65584
87	190	6.28269
88	25	1.37646
88	57	3.24658
88	87	4.23892
88	108	3.95949
88	117	3.10886
88	144	4.69261
88	146	4.10475
88	147	3.26613
88	149	4.71124
88	155	4.98123
88	161	4.09077
88	166	4.99892
88	172	4.39663
88	175	4.93986
88	176	4.57634
88	177	4.53973
88	193	6.53741
88	197	5.78501
88	198	6.65324
88	199	6.03079
88	200	6.00558
89	10	3.63259
89	37	3.16846
89	43	3.21395
89	46	3.81409
89	56	3.65641
89	60	4.65298
89	79	4.26208
89	83	4.04334
89	103	4.91756
89	104	4.84741
89	113	3.83226
89	115	4.06145
89	119	4.97204
89	120	4.92422
89	143	3.57236
89	152	4.81278
89	166	5.86037
89	170	5.03643
89	179	6.26322
89	181	6.09
89	192	6.65021
90	2	3.41992
90	25	4.01982
90	39	3.05449
90	51	4.89969
90	61	4.14298
90	74	3.77901
90	75	3.52344
90	86	4.64547
90	95	3.91678
90	105	4.03463
90	119	4.29284
90	130	5.38015
90	141	5.55737
90	145	4.40219
90	147	5.33655
90	148	4.52392
90	154	5.45573
90	160	5.27411
90	166	5.18116
90	182	5.55628
90	188	5.84752
91	27	3.77059
91	33	3.8023
91	35	3.65959
91	41	3.92936
91	45	3.65853
91	69	4.67785
91	71	4.452
91	73	4.28557
91	83	4.471
91	85	3.8252
91	98	4.47304
91	100	4.49904
91	101	4.72969
91	118	5.09035
91	124	4.46973
91	129	4.9602
91	130	5.04528
91	143	5.28334
91	152	5.24043
91	178	6.00042
91	182	5.96203
92	38	3.8312
92	39	3.38634
92	56	3.09425
92	60	2.97113
92	62	2.68382
92	66	3.72242
92	93	3.6429
92	137	4.2573
92	144	4.13704
92	151	4.38314
92	157	4.88324
92	160	4.73265
92	161	4.76489
92	167	5.14326
92	172	5.03093
92	173	5.42343
92	186	5.75619
92	192	6.25625
92	193	6.01154
92	194	5.85
92	195	6.29521
93	7	2.65727
93	27	3.63008
93	30	3.41654
93	33	3.66179
93	52	3.37261
93	62	3.36492
93	69	3.70564
93	92	3.6429
93	106	4.44602
93	111	4.44305
93	120	4.16577
93	121	4.87274
93	124	4.87962
93	133	4.80278
93	144	4.84785
93	162	5.14562
93	169	5.75973
93	177	6.00792
93	183	6.17373
93	191	6.45527
93	198	6.80847
94	31	2.58555
94	56	3.60809
94	62	3.28046
94	79	3.33474
94	81	3.44066
94	108	4.26895
94	115	4.546
94	123	4.21718
94	125	4.38098
94	138	4.17462
94	141	4.74992
94	147	4.35073
94	160	4.28829
94	165	5.3225
94	170	5.47977
94	172	5.37658
94	174	5.54513
94	179	5.33044
94	185	5.88405
94	189	6.01296
94	195	6.09798
95	5	2.821
95	29	3.44246
95	34	3.47951
95	39	3.59566
95	60	4.51495
95	61	3.6072
95	70	3.7699
95	76	4.61085
95	87	4.72511
95	90	3.91678
95	100	4.53381
95	104	4.70938
95	106	4.32396
95	107	4.82127
95	116	4.97028
95	156	5.31438
95	162	5.60927
95	164	5.23213
95	179	6.12519
95	181	6.49173
95	182	6.09745
95	195	6.54803
96	14	3.37699
96	28	3.16981
96	49	2.94099
96	54	3.57584
96	76	4.06545
96	98	3.94345
96	102	3.91576
96	124	4.44881
96	137	4.6094
96	143	3.42869
96	148	4.0186
96	153	4.32541
96	157	5.23534
96	158	4.96511
96	159	4.92793
96	167	5.49536
96	173	5.77552
96	174	5.81494
96	190	5.78174
96	194	6.1003
96	195	6.64731
96	197	6.63904
97	13	3.8139
97	41	3.89053
97	48	3.54671
97	61	3.5943
97	74	3.88557
97	84	3.83499
97	99	4.90443
97	104	4.27476
97	109	3.74584
97	116	4.53567
97	120	4.35158
97	126	4.53121
97	131	5.07607
97	149	4.80666
97	155	4.96307
97	156	4.87976
97	164	5.21923
97	179	5.69057
97	180	6.14893
97	186	5.75764
97	187	5.84751
97	188	5.95407
98	8	3.21137
98	22	3.57114
98	32	3.41397
98	33	3.71204
98	45	3.17724
98	54	3.53655
98	86	3.88879
98	91	4.47304
98	96	3.94345
98	99	4.85299
98	129	4.47891
98	130	4.56398
98	143	4.80204
98	152	5.15017
98	168	5.73639
98	171	5.42654
98	174	5.93084
98	175	6.18416
98	176	5.77717
98	178	5.51913
98	184	5.77464
98	187	6.07267
99	10	3.658
99	16	4.30562
99	21	4.32897
99	40	3.19166
99	44	4.01223
99	50	4.01021
99	52	3.53348
99	63	3.49957
99	74	4.22894
99	84	4.48064
99	97	4.90443
99	98	4.85299
99	112	4.19469
99	131	5.13766
99	142	5.3446
99	146	4.73872
99	151	5.46795
99	152	5.26234
99	153	5.23495
99	158	5.87465
99	183	6.3346
99	191	6.61615
100	14	3.68248
100	22	3.61611
100	23	3.58043
100	43	3.62801
100	61	3.4106
100	63	4.16561
100	82	3.78518
100	86	3.91479
100	91	4.49904
100	95	4.53381
100	110	3.86334
100	126	5.04233
100	127	4.92503
100	135	4.12108
100	154	4.90058
100	158	5.49113
100	171	5.45254
100	183	5.9445
100	184	5.80064
100	185	6.5267
100	187	6.09867
100	190	6.226
101	11	3.36067
101	23	3.23771
101	46	3.71934
101	54	3.75147
101	72	4.0256
101	80	4.32294
101	83	3.8761
101	85	3.94985
101	91	4.72969
101	103	4.16462
101	108	4.30007
101	115	4.57712
101	123	4.24829
101	134	4.47982
101	141	4.78104
101	167	5.31297
101	177	6.27309
101	180	5.83537
101	185	5.91517
101	186	5.92113
101	188	6.37471
101	189	6.04408
102	48	3.46758
102	67	2.78894
102	70	2.92322
102	81	3.00118
102	96	3.91576
102	107	4.55729
102	121	4.44517
102	128	3.71595
102	132	3.72864
102	148	4.47196
102	150	4.1619
102	159	5.06606
102	163	4.50635
102	168	4.77134
102	170	5.34612
102	173	5.02219
102	180	6.0698
102	184	5.67102
102	193	6.04343
102	194	6.43118
102	196	6.53362
102	197	7.0924
102	198	6.56315
103	12	3.41448
103	19	3.6822
103	28	3.13841
103	39	3.91723
103	42	4.51301
103	46	3.99764
103	70	3.23076
103	80	3.48413
103	87	5.04668
103	89	4.91756
103	101	4.16462
103	120	5.10777
103	133	4.7421
103	148	5.38667
103	155	5.71926
103	159	4.61895
103	169	5.08033
103	172	5.28748
103	176	5.30236
103	182	6.41903
103	188	6.71027
103	190	5.78799
103	197	6.64529
104	6	2.81429
104	12	3.34433
104	17	2.73389
104	34	3.4596
104	42	4.44286
104	46	3.92749
104	75	4.31604
104	89	4.84741
104	95	4.70938
104	97	4.27476
104	105	4.82723
104	110	3.85979
104	111	4.44101
104	122	4.64724
104	126	5.21726
104	138	5.0367
104	156	5.56581
104	180	6.14192
104	184	5.74314
104	186	5.75063
104	195	6.52812
104	196	6.91525
104	199	6.79116
105	16	3.32615
105	51	3.15044
105	56	2.84467
105	60	4.6328
105	90	4.03463
105	104	4.82723
105	120	4.90404
105	122	4.51366
105	132	4.06797
105	148	5.18294
105	156	5.43223
105	157	4.04732
105	163	4.90182
105	166	5.84018
105	169	4.406
105	171	3.96027
105	179	6.24303
105	182	6.2153
105	185	5.3326
105	191	5.11416
105	193	5.59376
105	198	5.70959
105	200	6.04102
106	20	3.45004
106	36	3.27279
106	37	3.34096
106	51	3.24375
106	63	3.54494
106	84	4.52601
106	87	4.27951
106	93	4.44602
106	95	4.32396
106	111	4.64928
106	114	4.31483
106	116	4.16944
106	121	5.07898
106	126	4.83248
106	150	4.71801
106	152	5.30771
106	162	5.35186
106	169	5.96597
106	183	6.37997
106	186	5.54132
106	189	6.2013
106	191	6.66151
106	196	6.70593
107	11	3.74897
107	15	4.09259
107	22	3.73162
107	31	4.06945
107	39	3.95898
107	66	4.32245
107	68	4.2941
107	75	4.42793
107	84	3.94403
107	85	4.29067
107	95	4.82127
107	102	4.55729
107	109	4.54378
107	111	4.55706
107	114	5.07796
107	116	5.3336
107	141	5.11773
107	143	4.07023
107	161	5.65672
107	162	5.70541
107	177	6.21865
107	179	6.48851
107	200	7.35062
108	22	3.31161
108	26	3.53634
108	64	3.67512
108	71	3.73274
108	80	4.5342
108	83	4.08735
108	88	3.95949
108	94	4.26895
108	101	4.30007
108	125	4.62335
108	130	4.5205
108	140	4.57529
108	141	4.99229
108	147	4.4769
108	162	5.28539
108	165	5.56487
108	169	5.2956
108	170	5.72215
108	176	5.51763
108	183	5.64
108	185	6.12642
108	191	6.00376
108	198	6.59918
109	10	3.21707
109	36	3.7132
109	45	3.18826
109	53	3.02358
109	74	4.0427
109	75	3.78712
109	97	3.74584
109	107	4.54378
109	111	3.68544
109	126	4.68834
109	138	4.50778
109	155	5.1202
109	172	5.05114
109	178	5.22516
109	179	5.8477
109	180	5.38634
109	181	5.71625
109	182	5.81996
109	188	6.1112
109	190	5.55165
109	193	6.03174
109	196	6.15967
109	198	6.14757
110	30	3.4468
110	43	3.4476
110	82	3.60478
110	100	3.86334
110	104	3.85979
110	111	3.78744
110	114	3.87057
110	118	4.45465
110	129	4.3245
110	130	4.40958
110	143	4.64764
110	161	4.8871
110	165	4.85926
110	175	5.57501
110	178	5.36472
110	182	5.26262
110	183	5.29039
110	184	5.62023
110	186	5.09706
110	187	5.91826
110	190	6.04559
110	197	6.51095
110	199	6.13759
111	9	2.95918
111	51	3.24079
111	53	3.70681
111	83	4.35281
111	84	4.52304
111	93	4.44305
111	104	4.44101
111	106	4.64928
111	107	4.55706
111	109	3.68544
111	110	3.78744
111	112	4.23709
111	114	4.45179
111	133	5.00605
111	142	5.387
111	145	4.75042
111	156	5.54878
111	162	5.34889
111	169	5.963
111	179	5.68823
111	183	6.377
111	191	6.65854
111	193	6.71497
111	197	7.09217
112	1	3.14022
112	12	3.44034
112	19	3.74213
112	59	4.40648
112	73	4.02053
112	75	3.51115
112	99	4.19469
112	111	4.23709
112	117	5.10811
112	121	4.66678
112	122	4.82888
112	131	4.77083
112	133	4.59682
112	142	4.97777
112	152	4.89551
112	162	4.93966
112	169	5.55377
112	170	5.19904
112	183	5.96777
112	186	5.53143
112	190	6.08802
112	191	6.24932
112	192	6.81282
112	196	6.69604
113	17	3.07942
113	22	3.119
113	27	3.42547
113	29	3.00563
113	63	3.86579
113	89	3.83226
113	122	4.7488
113	127	4.27732
113	138	4.30547
113	144	4.50798
113	151	4.75408
113	156	5.32185
113	157	5.25419
113	160	5.1036
113	167	5.51421
113	173	5.79437
113	174	5.83379
113	179	5.46129
113	181	6.17254
113	182	5.61691
113	183	5.64468
113	186	6.12713
113	189	6.11133
113	195	6.66616
114	10	3.75125
114	16	3.46499
114	18	4.0129
114	32	4.48598
114	40	3.97386
114	56	4.04901
114	66	4.21582
114	85	4.18404
114	106	4.31483
114	107	5.07796
114	110	3.87057
114	111	4.45179
114	117	5.3381
114	119	5.0907
114	120	5.04288
114	126	5.22252
114	136	5.36333
114	145	5.20006
114	148	5.32179
114	156	5.57107
114	168	5.7916
114	178	5.99151
114	188	6.64538
114	197	7.1753
115	20	3.44467
115	23	3.72602
115	51	4.27391
115	55	4.28579
115	64	3.95217
115	67	4.27381
115	77	2.99259
115	89	4.06145
115	94	4.546
115	101	4.57712
115	118	3.85969
115	123	4.7366
115	125	4.9004
115	131	4.99897
115	134	4.96812
115	141	5.26934
115	148	4.47399
115	155	5.16105
115	165	5.84192
115	175	6.1585
115	180	6.32367
115	189	6.53238
115	197	7.09443
115	200	7.16448
116	15	4.24161
116	31	4.21847
116	39	4.10799
116	42	4.70377
116	46	4.1884
116	57	3.36189
116	85	4.43968
116	95	4.97028
116	97	4.53567
116	106	4.16944
116	107	5.3336
116	117	5.19271
116	122	4.90815
116	129	4.72004
116	132	5.12692
116	134	3.71365
116	136	5.21794
116	159	5.00357
116	160	4.58383
116	166	6.23467
116	172	5.67211
116	173	4.95971
116	188	6.90102
116	200	7.09997
117	3	2.26126
117	5	4.2169
117	17	3.54785
117	27	2.23308
117	33	4.57042
117	64	4.18106
117	76	3.35272
117	84	4.64193
117	88	3.10886
117	112	5.10811
117	114	5.3381
117	116	5.19271
117	147	4.24553
117	149	5.77511
117	161	5.07017
117	164	5.0469
117	172	5.37602
117	176	5.55574
117	178	6.79469
117	179	6.57453
117	181	5.4866
117	186	6.56459
117	197	6.76441
117	199	7.01019
117	200	6.98498
118	4	3.5996
118	16	3.33798
118	22	3.03199
118	45	3.79455
118	82	4.3765
118	86	4.5061
118	91	5.09035
118	110	4.45465
118	115	3.85969
118	124	4.60575
118	132	4.67794
118	141	4.4181
118	149	4.37757
118	157	4.6573
118	171	6.04385
118	174	5.39168
118	178	6.13644
118	180	5.55834
118	182	5.33261
118	184	6.39195
118	185	5.94258
118	187	6.68998
118	190	6.81731
118	191	5.72414
118	199	6.20758
119	9	3.6614
119	10	3.87063
119	16	3.58436
119	18	3.89368
119	36	4.36675
119	55	4.24744
119	63	4.05663
119	66	4.33519
119	74	4.69625
119	85	4.30341
119	89	4.97204
119	90	4.29284
119	114	5.0907
119	125	4.78776
119	138	5.16134
119	148	5.44116
119	149	5.61734
119	151	4.97544
119	161	5.43222
119	186	5.64219
119	187	5.73205
119	188	6.76475
119	189	6.30217
119	199	6.68272
119	200	7.12613
120	14	3.42903
120	30	3.2583
120	48	3.28678
120	69	3.5474
120	74	4.64843
120	87	5.05335
120	89	4.92422
120	93	4.16577
120	97	4.35158
120	103	5.10777
120	105	4.90404
120	114	5.04288
120	126	5.29407
120	135	3.86762
120	136	5.09963
120	145	5.27161
120	148	5.39334
120	166	6.05058
120	171	4.90091
120	174	5.72235
120	179	6.45343
120	183	5.69105
120	185	6.27324
120	194	6.37287
120	197	6.9116
121	5	3.40687
121	9	3.38887
121	21	3.94884
121	46	3.55277
121	50	4.4823
121	63	3.97166
121	66	4.50212
121	80	4.00729
121	93	4.87274
121	102	4.44517
121	106	5.07898
121	112	4.66678
121	125	4.90013
121	130	4.82839
121	131	5.60975
121	133	5.43574
121	145	4.8267
121	152	5.73443
121	157	5.24481
121	162	5.77858
121	168	5.78475
121	169	6.39269
121	187	5.84442
121	191	7.08823
121	200	7.2385
122	3	3.67525
122	30	4.04594
122	54	4.11571
122	66	3.89699
122	74	4.25805
122	76	5.12566
122	77	4.43594
122	79	4.06191
122	85	3.86521
122	86	4.62451
122	104	4.64724
122	105	4.51366
122	112	4.82888
122	113	4.7488
122	116	4.90815
122	142	5.35676
122	145	4.88123
122	148	5.00296
122	158	6.02532
122	159	5.67291
122	166	5.6602
122	182	6.03531
122	188	6.32655
122	191	6.84245
122	198	7.43787
123	3	3.5144
123	21	4.31879
123	24	3.27931
123	33	4.13034
123	43	3.96965
123	44	3.33581
123	48	3.91357
123	94	4.21718
123	101	4.24829
123	115	4.7366
123	125	4.57157
123	134	4.6393
123	135	5.08866
123	141	4.94052
123	151	5.45777
123	152	5.56847
123	164	5.5861
123	165	5.51309
123	167	5.51636
123	168	6.1547
123	170	5.67037
123	185	6.07465
123	189	6.20356
123	192	7.4059
123	194	6.99966
124	4	2.97899
124	15	3.2756
124	47	3.31563
124	72	4.31604
124	80	4.4643
124	86	3.88548
124	91	4.46973
124	93	4.87962
124	96	4.44881
124	118	4.60575
124	127	4.89573
124	130	4.56068
124	139	4.82584
124	143	4.79874
124	146	4.81559
124	155	5.69207
124	166	5.70976
124	171	5.42323
124	174	6.4362
124	175	6.68952
124	178	5.51582
124	181	6.93276
124	184	5.77133
124	187	6.06936
124	190	6.19669
125	24	3.44311
125	58	4.06665
125	64	3.78714
125	71	3.84477
125	78	3.47087
125	79	4.14772
125	82	4.54012
125	94	4.38098
125	108	4.62335
125	115	4.9004
125	119	4.78776
125	121	4.90013
125	123	4.57157
125	128	5.07055
125	134	4.8031
125	141	5.10432
125	146	5.38183
125	165	5.67689
125	166	5.63167
125	167	5.52532
125	170	5.83417
125	175	6.61143
125	180	6.15865
125	183	6.32681
125	192	7.41487
126	1	3.88786
126	5	3.32888
126	8	3.78424
126	35	4.33473
126	36	4.49857
126	58	4.21224
126	64	3.89553
126	65	5.7224
126	66	4.46701
126	83	4.95359
126	87	5.23299
126	97	4.53121
126	100	5.04233
126	104	5.21726
126	106	4.83248
126	109	4.68834
126	114	5.22252
126	120	5.29407
126	129	5.38308
126	133	5.78977
126	157	5.76932
126	166	6.23022
126	171	5.68226
126	179	6.63307
126	182	6.60533
126	199	7.3196
127	21	4.00816
127	29	3.48579
127	30	4.50849
127	32	4.32126
127	43	4.5093
127	45	4.08453
127	47	4.22622
127	57	3.55973
127	68	4.68899
127	69	5.10385
127	86	4.79608
127	87	4.55207
127	100	4.92503
127	113	4.27732
127	124	4.89573
127	128	4.75095
127	147	4.8441
127	159	5.20142
127	163	6.15862
127	168	5.84406
127	178	6.42642
127	180	6.20516
127	184	6.68193
127	190	7.10729
127	193	6.85056
127	195	6.59136
128	8	2.15294
128	47	4.48634
128	49	3.66787
128	72	3.31938
128	78	4.44637
128	82	4.33162
128	102	3.71595
128	125	5.07055
128	127	4.75095
128	132	4.1552
128	135	4.29488
128	148	4.71843
128	150	4.58845
128	151	5.25823
128	152	5.36894
128	163	4.9329
128	168	5.1979
128	176	5.99594
128	177	6.27694
128	178	6.15508
128	184	5.91748
128	192	6.50293
128	193	6.46999
128	194	6.85773
128	196	6.96018
128	198	6.98971
129	9	4.11113
129	30	4.08837
129	32	3.90114
129	45	3.66441
129	54	3.92226
129	70	4.09128
129	84	4.16926
129	86	4.37595
129	91	4.9602
129	98	4.47891
129	110	4.3245
129	116	4.72004
129	126	5.38308
129	130	5.05115
129	131	5.41034
129	132	5.60281
129	151	5.42517
129	158	5.83188
129	161	5.88195
129	162	5.93064
129	165	5.85412
129	171	5.9137
129	178	6.00629
129	184	6.26181
129	187	6.55983
129	190	6.68716
130	14	3.99305
130	30	4.17344
130	32	3.98621
130	41	4.19462
130	60	4.05802
130	61	3.95684
130	69	4.7688
130	90	5.38015
130	91	5.04528
130	98	4.56398
130	108	4.5205
130	110	4.40958
130	121	4.82839
130	124	4.56068
130	129	5.05115
130	131	5.38016
130	140	5.19036
130	149	5.27226
130	150	5.23843
130	163	6.40648
130	166	5.55993
130	171	5.99878
130	174	6.28637
130	184	6.34688
130	187	6.64491
130	190	6.77224
131	7	3.39428
131	19	4.68509
131	20	4.21505
131	34	4.0153
131	40	3.7678
131	51	3.77453
131	52	4.10962
131	74	4.40058
131	77	3.61837
131	80	4.55907
131	97	5.07607
131	99	5.13766
131	112	4.77083
131	115	4.99897
131	121	5.60975
131	129	5.41034
131	130	5.38016
131	133	5.53979
131	142	5.92074
131	144	5.49822
131	160	5.27413
131	162	5.88263
131	169	6.49674
131	185	7.08186
131	188	6.75991
131	191	7.19229
132	11	3.93834
132	37	4.29844
132	38	2.52552
132	59	4.14265
132	62	4.20776
132	63	4.91324
132	67	3.22819
132	75	4.47852
132	102	3.72864
132	105	4.06797
132	116	5.12692
132	118	4.67794
132	128	4.1552
132	129	5.60281
132	140	4.49453
132	163	4.9456
132	164	5.96039
132	168	5.2106
132	173	5.84248
132	179	6.50874
132	182	6.66436
132	192	6.51563
132	193	6.48268
132	194	6.87043
132	196	6.97287
132	198	7.00241
133	4	3.93175
133	5	4.15092
133	9	3.31891
133	10	4.02191
133	36	4.23008
133	40	3.59379
133	48	4.28767
133	52	3.93561
133	58	4.43177
133	71	5.15413
133	84	4.88277
133	93	4.80278
133	103	4.7421
133	111	5.00605
133	112	4.59682
133	121	5.43574
133	126	5.78977
133	131	5.53979
133	140	5.62722
133	142	5.74673
133	152	5.66447
133	159	5.88615
133	182	6.66417
133	183	6.73673
133	191	7.01828
133	194	7.37376
134	6	3.52387
134	24	3.51084
134	25	2.79902
134	28	2.99253
134	80	4.71395
134	101	4.47982
134	115	4.96812
134	116	3.71365
134	123	4.6393
134	125	4.8031
134	135	5.32019
134	142	4.15692
134	146	5.44956
134	170	5.9019
134	172	5.1416
134	175	5.56348
134	180	6.22637
134	181	5.80671
134	185	6.30617
134	188	5.5391
134	189	6.43508
134	190	5.64212
134	192	6.36692
134	195	5.86301
134	199	6.12606
134	200	6.56946
135	6	3.97324
135	20	3.79673
135	26	4.16546
135	44	4.01671
135	64	4.30423
135	70	3.35717
135	80	5.16331
135	83	4.71647
135	100	4.12108
135	120	3.86762
135	123	5.08866
135	128	4.29488
135	134	5.32019
135	146	5.89893
135	157	4.84806
135	165	6.19398
135	172	5.41389
135	173	4.70149
135	176	5.42877
135	177	5.70978
135	185	6.75554
135	187	5.44768
135	189	6.88445
135	191	5.9149
135	197	6.7717
135	199	6.39834
136	4	4.02297
136	7	4.66245
136	8	4.09499
136	20	4.49854
136	36	4.32129
136	37	3.13314
136	55	2.86221
136	59	5.46487
136	76	3.41531
136	114	5.36333
136	116	5.21794
136	120	5.09963
136	144	5.78171
136	147	4.30812
136	153	4.55123
136	158	4.88085
136	160	5.55761
136	170	6.25743
136	172	5.43862
136	173	5.9335
136	176	5.61833
136	177	5.58172
136	181	5.54919
136	197	6.827
136	199	7.07278
136	200	7.04757
137	2	3.6668
137	13	3.28442
137	14	3.99408
137	29	3.60388
137	86	4.10577
137	87	4.50482
137	92	4.2573
137	96	4.6094
137	138	4.62074
137	140	4.89524
137	142	4.83802
137	144	5.10623
137	147	4.79685
137	148	4.56007
137	153	4.86688
137	155	5.24713
137	156	5.63712
137	159	5.54503
137	160	5.70184
137	166	5.26482
137	167	6.11245
137	173	6.39262
137	186	6.72538
137	190	6.32322
137	194	6.64177
137	195	7.2644
138	2	2.95562
138	10	3.82188
138	15	4.0566
138	16	3.53562
138	31	4.03345
138	37	3.64167
138	71	4.49755
138	94	4.17462
138	104	5.0367
138	109	4.50778
138	113	4.30547
138	119	5.16134
138	137	4.62074
138	149	5.5686
138	155	5.72501
138	156	5.6417
138	157	5.33228
138	164	5.30362
138	166	6.04966
138	182	6.42477
138	184	5.83453
138	186	5.84203
138	188	6.71601
138	189	6.50201
138	191	6.39911
138	199	6.88256
139	61	3.43883
139	62	3.31114
139	65	2.38177
139	76	3.10095
139	87	4.34037
139	124	4.82584
139	156	5.47268
139	158	4.56649
139	159	4.98972
139	160	4.56997
139	161	4.8184
139	162	5.4409
139	164	4.79513
139	165	5.36438
139	169	5.4511
139	172	5.12426
139	175	5.66749
139	176	5.30397
139	177	5.26736
139	178	5.83228
139	181	5.23483
139	185	6.3777
139	192	6.88357
139	197	6.51264
139	199	6.75842
139	200	6.73321
140	1	2.35373
140	8	2.49227
140	20	4.02524
140	38	2.85216
140	58	3.58136
140	59	4.46929
140	68	4.54393
140	73	3.94875
140	79	4.13077
140	108	4.57529
140	130	5.19036
140	132	4.49453
140	133	5.62722
140	137	4.89524
140	145	5.18866
140	150	4.92778
140	167	5.50837
140	168	5.53723
140	174	6.34115
140	176	6.18748
140	189	6.7765
140	192	6.84226
140	193	6.80932
140	194	7.19706
140	196	7.29951
140	198	7.32904
140	199	7.15705
141	9	4.25816
141	26	4.01731
141	31	3.50401
141	34	3.94792
141	60	4.23523
141	64	4.15609
141	73	4.72806
141	90	5.55737
141	94	4.74992
141	101	4.78104
141	107	5.11773
141	108	4.99229
141	115	5.26934
141	118	4.4181
141	123	4.94052
141	125	5.10432
141	152	5.68292
141	155	5.71946
141	157	5.7292
141	161	6.02899
141	165	6.04584
141	170	6.20312
141	171	5.64214
141	173	5.58263
141	180	6.52759
141	185	6.60739
141	189	6.7363
142	9	3.69986
142	12	3.96822
142	19	4.89204
142	21	4.25358
142	32	4.78386
142	48	3.84837
142	51	3.98147
142	52	4.31657
142	56	4.34689
142	66	4.80686
142	82	4.46595
142	84	5.26372
142	99	5.3446
142	111	5.387
142	112	4.97777
142	122	5.35676
142	131	5.92074
142	133	5.74673
142	134	4.15692
142	137	4.83802
142	148	4.85275
142	162	6.08957
142	183	7.11768
142	186	6.0593
142	191	7.39923
142	194	6.93445
142	197	7.47319
143	28	3.09846
143	30	4.4115
143	45	3.98754
143	68	4.592
143	82	4.56949
143	89	3.57236
143	91	5.28334
143	96	3.42869
143	98	4.80204
143	107	4.07023
143	110	4.64764
143	124	4.79874
143	156	5.06195
143	163	5.53619
143	171	6.23684
143	173	4.53513
143	177	5.54341
143	178	6.32943
143	180	5.58273
143	184	6.58494
143	185	5.96697
143	186	5.19145
143	187	6.88297
143	189	5.85143
143	190	7.0103
143	196	6.35607
143	198	6.34396
144	2	3.54654
144	6	3.24345
144	34	3.88877
144	43	4.02493
144	52	3.32222
144	56	3.94318
144	62	3.88876
144	88	4.69261
144	92	4.13704
144	93	4.84785
144	113	4.50798
144	131	5.49822
144	136	5.78171
144	137	5.10623
144	151	5.23206
144	157	5.73216
144	160	5.58158
144	162	6.01852
144	164	5.64139
144	166	5.67799
144	167	5.99218
144	173	6.27235
144	174	6.31176
144	181	6.90098
144	186	6.60511
144	191	6.73688
144	195	7.14413
145	14	3.99136
145	15	4.21469
145	18	4.31153
145	25	3.77354
145	31	4.19155
145	36	4.4761
145	39	4.08107
145	60	5.00036
145	79	4.60946
145	90	4.40219
145	111	4.75042
145	114	5.20006
145	120	5.27161
145	121	4.8267
145	122	4.88123
145	140	5.18866
145	148	5.55051
145	152	5.50401
145	153	5.1603
145	155	5.8831
145	156	5.79979
145	162	5.89877
145	165	5.82225
145	182	6.58287
145	191	6.61713
145	193	7.09673
145	196	7.22466
146	20	3.9261
146	24	4.08957
146	26	4.29483
146	43	3.43707
146	62	4.28132
146	67	4.1852
146	71	4.49123
146	72	3.6964
146	80	5.29268
146	87	4.33013
146	88	4.10475
146	99	4.73872
146	124	4.81559
146	125	5.38183
146	134	5.44956
146	135	5.89893
146	160	4.55973
146	162	5.43065
146	165	6.32335
146	168	5.62212
146	174	5.81656
146	180	6.80511
146	181	6.31312
146	185	6.88491
146	188	6.04551
146	189	7.01382
146	200	7.07587
147	47	4.57949
147	75	3.99786
147	80	4.27087
147	81	4.1383
147	85	4.04686
147	88	3.26613
147	90	5.33655
147	94	4.35073
147	108	4.4769
147	117	4.24553
147	127	4.8441
147	136	4.30812
147	137	4.79685
147	153	4.6459
147	158	4.97553
147	161	5.22744
147	164	5.20417
147	169	5.86706
147	176	5.71301
147	177	5.6764
147	181	5.64387
147	182	6.1837
147	189	6.67812
147	191	6.57522
147	197	6.92168
147	199	7.16746
147	200	7.14225
148	2	2.89495
148	8	3.28652
148	35	4.434
148	67	4.37462
148	79	4.73119
148	90	4.52392
148	96	4.0186
148	102	4.47196
148	103	5.38667
148	105	5.18294
148	114	5.32179
148	115	4.47399
148	119	5.44116
148	120	5.39334
148	122	5.00296
148	128	4.71843
148	137	4.56007
148	142	4.85275
148	145	5.55051
148	149	5.84842
148	161	5.57139
148	166	6.32948
148	181	6.50254
148	188	6.99583
148	189	6.44133
148	192	7.06274
148	198	6.93387
149	4	3.63157
149	5	3.60433
149	25	3.91192
149	26	3.64943
149	31	4.48946
149	37	3.99807
149	45	4.39163
149	46	4.45939
149	60	5.29827
149	77	5.2814
149	79	4.90737
149	88	4.71124
149	97	4.80666
149	117	5.77511
149	118	4.37757
149	119	5.61734
149	130	5.27226
149	138	5.5686
149	148	5.84842
149	151	5.53168
149	154	5.34784
149	155	6.18101
149	179	6.90851
149	184	6.19093
149	187	6.28829
149	188	7.17201
149	194	7.07358
150	15	3.22863
150	18	4.41608
150	23	3.99385
150	33	2.59879
150	57	3.83305
150	70	3.79573
150	75	4.14432
150	78	4.89232
150	81	3.87368
150	82	4.57124
150	102	4.1619
150	106	4.71801
150	128	4.58845
150	130	5.23843
150	140	4.92778
150	156	6.03509
150	163	5.37885
150	167	5.55644
150	169	6.01352
150	174	6.38923
150	176	6.23556
150	182	6.33016
150	192	6.94888
150	193	6.91594
150	194	7.30368
150	196	7.40613
150	198	7.43566
150	199	7.20513
151	2	3.79264
151	22	3.84308
151	28	3.91274
151	35	4.18428
151	36	4.05263
151	41	3.58342
151	44	4.1987
151	71	4.97669
151	81	4.44133
151	92	4.38314
151	99	5.46795
151	113	4.75408
151	119	4.97544
151	123	5.45777
151	128	5.25823
151	129	5.42517
151	144	5.23206
151	149	5.53168
151	154	5.59099
151	157	5.97827
151	159	5.67086
151	168	6.35135
151	173	6.51845
151	174	6.55787
151	177	6.67313
151	185	7.09669
151	186	6.85121
151	195	7.39024
152	5	4.08418
152	7	3.51896
152	40	3.89248
152	50	4.71103
152	51	3.89921
152	56	4.71946
152	63	4.20039
152	77	3.74391
152	86	4.77102
152	89	4.81278
152	91	5.24043
152	98	5.15017
152	99	5.26234
152	106	5.30771
152	112	4.89551
152	121	5.73443
152	123	5.56847
152	128	5.36894
152	133	5.66447
152	141	5.68292
152	145	5.50401
152	160	5.39966
152	162	6.00731
152	168	6.46206
152	169	6.62142
152	183	7.03542
152	191	7.31697
152	198	7.58438
153	18	2.59857
153	53	3.369
153	62	3.79713
153	65	3.03391
153	72	4.19263
153	73	4.57727
153	74	4.18241
153	96	4.32541
153	99	5.23495
153	136	4.55123
153	137	4.86688
153	145	5.1603
153	147	4.6459
153	158	5.21864
153	161	5.47055
153	164	5.44728
153	170	5.75577
153	171	5.49135
153	176	5.95612
153	177	5.91951
153	181	5.88698
153	183	6.28149
153	184	6.08067
153	195	6.86565
153	196	7.25278
153	197	7.16479
153	199	7.41057
153	200	7.38535
154	14	4.23274
154	17	3.91632
154	28	4.02556
154	30	3.8979
154	42	3.29863
154	46	3.93553
154	48	4.54397
154	49	3.79674
154	55	4.74256
154	64	3.75378
154	65	5.58065
154	68	4.56473
154	90	5.45573
154	100	4.90058
154	149	5.34784
154	151	5.59099
154	156	6.00781
154	157	6.09109
154	159	5.78368
154	160	5.9405
154	167	6.35111
154	169	5.98624
154	173	6.63128
154	174	6.67069
154	178	6.36741
154	186	6.96404
154	191	6.6944
154	195	7.50306
154	197	7.5512
155	1	4.07721
155	5	3.76073
155	6	3.53207
155	11	4.32538
155	15	4.66901
155	35	4.76658
155	42	5.13117
155	44	4.34595
155	68	4.89582
155	74	5.25992
155	88	4.98123
155	97	4.96307
155	103	5.71926
155	109	5.1202
155	115	5.16105
155	124	5.69207
155	137	5.24713
155	138	5.72501
155	141	5.71946
155	145	5.8831
155	149	6.18101
155	156	6.25411
155	160	5.43621
155	167	5.86026
155	170	6.13602
155	178	6.69851
155	179	7.06492
155	188	7.32842
155	190	7.025
155	194	7.34356
156	2	3.972
156	12	3.94933
156	15	4.5857
156	19	5.30921
156	24	4.48752
156	29	4.53032
156	35	4.68328
156	44	4.73595
156	75	4.92104
156	77	5.35451
156	86	5.19755
156	95	5.31438
156	97	4.87976
156	104	5.56581
156	105	5.43223
156	111	5.54878
156	113	5.32185
156	114	5.57107
156	137	5.63712
156	138	5.6417
156	139	5.47268
156	143	5.06195
156	145	5.79979
156	150	6.03509
156	154	6.00781
156	155	6.25411
156	169	6.70733
156	182	6.95388
156	188	7.24512
156	192	8.1398
157	13	3.91036
157	19	4.92896
157	33	4.48398
157	37	4.2778
157	41	4.08352
157	49	4.18402
157	54	4.81888
157	56	4.68938
157	82	4.8848
157	92	4.88324
157	96	5.23534
157	105	4.04732
157	113	5.25419
157	118	4.6573
157	121	5.24481
157	126	5.76932
157	135	4.84806
157	138	5.33228
157	141	5.7292
157	144	5.73216
157	151	5.97827
157	154	6.09109
157	159	6.17096
157	167	6.73839
157	173	7.01856
157	178	6.70825
157	179	6.4881
157	185	7.25368
157	186	7.35132
157	193	7.51484
158	40	4.94031
158	48	4.51693
158	49	4.47076
158	50	4.9258
158	53	3.69862
158	55	3.52962
158	57	4.47373
158	65	3.36354
158	69	4.77756
158	74	4.82211
158	76	4.08272
158	96	4.96511
158	99	5.87465
158	100	5.49113
158	122	6.02532
158	129	5.83188
158	136	4.88085
158	139	4.56649
158	147	4.97553
158	153	5.21864
158	172	6.10603
158	173	6.07155
158	176	6.28574
158	177	6.24913
158	178	6.95797
158	181	6.2166
158	192	8.00926
158	197	7.49441
158	199	7.74019
158	200	7.71498
159	17	3.99619
159	29	3.92241
159	41	3.77612
159	48	4.62385
159	49	3.87661
159	53	4.40398
159	74	4.4697
159	76	5.21576
159	83	5.04998
159	96	4.92793
159	102	5.06606
159	103	4.61895
159	116	5.00357
159	122	5.67291
159	127	5.20142
159	133	5.88615
159	137	5.54503
159	139	4.98972
159	151	5.67086
159	154	5.78368
159	157	6.17096
159	160	6.02038
159	167	6.43098
159	168	6.40564
159	174	6.75056
159	183	6.56878
159	184	6.36796
159	186	7.04391
159	194	7.2506
159	195	7.58293
160	13	3.75977
160	14	4.46943
160	17	4.15301
160	22	4.19259
160	29	4.07922
160	51	4.54907
160	90	5.27411
160	92	4.73265
160	94	4.28829
160	113	5.1036
160	116	4.58383
160	131	5.27413
160	136	5.55761
160	137	5.70184
160	139	4.56997
160	144	5.58158
160	146	4.55973
160	152	5.39966
160	154	5.9405
160	155	5.43621
160	159	6.02038
160	167	6.5878
160	170	5.62331
160	173	6.86797
160	186	7.20073
160	188	6.40928
160	191	6.51279
160	193	6.99239
160	195	7.73975
160	196	7.12032
161	10	4.30125
161	12	4.68686
161	15	3.84198
161	16	4.94887
161	24	4.40706
161	37	4.05246
161	53	3.95053
161	65	3.61544
161	85	4.80667
161	88	4.09077
161	92	4.76489
161	107	5.65672
161	110	4.8871
161	117	5.07017
161	119	5.43222
161	129	5.88195
161	139	4.8184
161	141	6.02899
161	147	5.22744
161	148	5.57139
161	153	5.47055
161	171	6.18113
161	172	6.35793
161	175	6.90117
161	176	6.53765
161	181	6.46851
161	182	6.94351
161	196	7.94256
161	197	7.74632
161	199	7.9921
161	200	7.96689
162	7	3.56311
162	9	3.66175
162	30	4.58721
162	36	4.5581
162	51	3.94336
162	63	4.24454
162	74	4.92087
162	79	4.84087
162	84	5.22561
162	93	5.14562
162	95	5.60927
162	106	5.35186
162	107	5.70541
162	108	5.28539
162	111	5.34889
162	112	4.93966
162	121	5.77858
162	129	5.93064
162	131	5.88263
162	139	5.4409
162	142	6.08957
162	144	6.01852
162	145	5.89877
162	146	5.43065
162	152	6.00731
162	169	6.66557
162	176	6.89759
162	177	7.17859
162	183	7.07957
162	191	7.36112
162	196	7.99125
163	11	4.77219
163	17	4.31591
163	26	4.78365
163	28	5.23965
163	33	2.94324
163	38	3.30323
163	52	4.47507
163	56	5.62024
163	58	4.03243
163	64	4.94911
163	67	4.00589
163	72	4.10978
163	73	4.39982
163	80	5.58538
163	102	4.50635
163	105	4.90182
163	127	6.15862
163	128	4.9329
163	130	6.40648
163	132	4.9456
163	143	5.53619
163	150	5.37885
163	168	5.9883
163	184	7.32515
163	187	7.42251
163	192	7.29333
163	193	7.26039
163	194	7.64813
163	196	7.75058
163	198	7.78011
163	200	8.81659
164	18	3.15684
164	25	3.3145
164	27	3.19172
164	37	4.02919
164	47	5.01085
164	64	4.06596
164	78	3.78688
164	85	4.47822
164	95	5.23213
164	97	5.21923
164	117	5.0469
164	123	5.5861
164	132	5.96039
164	138	5.30362
164	139	4.79513
164	144	5.64139
164	147	5.20417
164	153	5.44728
164	166	5.94769
164	171	5.85268
164	172	6.33467
164	175	6.8779
164	176	6.51438
164	177	6.47777
164	181	6.44524
164	184	6.442
164	190	7.00609
164	192	7.73089
164	195	7.22698
164	197	7.72305
164	199	7.96883
164	200	7.94362
165	6	4.39767
165	20	4.22116
165	23	4.50251
165	28	4.65712
165	31	4.01516
165	39	5.16159
165	40	4.96255
165	54	4.58045
165	62	4.57637
165	64	4.72866
165	78	4.0875
165	84	4.82745
165	94	5.3225
165	108	5.56487
165	110	4.85926
165	115	5.84192
165	123	5.51309
165	125	5.67689
165	129	5.85412
165	135	6.19398
165	139	5.36438
165	141	6.04584
165	145	5.82225
165	146	6.32335
165	175	7.22806
165	179	6.76005
165	180	7.10017
165	185	7.17996
165	186	6.75011
165	189	7.30887
165	193	7.7868
165	199	7.79064
166	5	4.08539
166	9	4.50531
166	11	4.65003
166	25	4.1996
166	31	4.97052
166	42	5.45582
166	51	5.07947
166	59	5.36115
166	75	5.32899
166	78	3.82349
166	85	5.19173
166	88	4.99892
166	89	5.86037
166	90	5.18116
166	105	5.84018
166	116	6.23467
166	120	6.05058
166	122	5.6602
166	124	5.70976
166	125	5.63167
166	126	6.23022
166	130	5.55993
166	137	5.26482
166	138	6.04966
166	144	5.67799
166	148	6.32948
166	164	5.94769
166	178	6.7162
166	179	7.38957
166	180	6.87739
166	195	7.26358
166	197	7.89999
167	10	3.90306
167	13	4.17038
167	14	4.88004
167	17	4.56362
167	41	4.34354
167	45	4.57296
167	54	5.0789
167	56	4.9494
167	61	4.21641
167	68	4.80716
167	92	5.14326
167	96	5.49536
167	101	5.31297
167	113	5.51421
167	123	5.51636
167	125	5.52532
167	137	6.11245
167	140	5.50837
167	144	5.99218
167	150	5.55644
167	154	6.35111
167	155	5.86026
167	157	6.73839
167	159	6.43098
167	160	6.5878
167	170	6.04736
167	176	6.45071
167	180	6.77104
167	183	6.57308
167	187	6.46962
167	195	8.15036
167	199	7.42028
168	12	4.92701
168	13	5.07435
168	21	3.62866
168	24	4.64721
168	30	4.77868
168	33	3.20824
168	38	3.56823
168	57	4.4425
168	63	5.43254
168	69	5.06778
168	72	4.37478
168	78	5.50177
168	98	5.73639
168	102	4.77134
168	114	5.7916
168	121	5.78475
168	123	6.1547
168	127	5.84406
168	128	5.1979
168	132	5.2106
168	140	5.53723
168	146	5.62212
168	151	6.35135
168	152	6.46206
168	159	6.40564
168	163	5.9883
168	171	6.42128
168	192	7.55833
168	193	7.52538
168	194	7.91313
168	196	8.01558
168	198	8.04511
169	3	4.22672
169	7	4.17722
169	18	5.08832
169	25	4.55033
169	35	4.69995
169	40	4.55074
169	50	5.36929
169	52	4.89257
169	63	4.85865
169	77	4.14887
169	81	4.957
169	84	5.83972
169	93	5.75973
169	103	5.08033
169	105	4.406
169	106	5.96597
169	108	5.2956
169	111	5.963
169	112	5.55377
169	121	6.39269
169	131	6.49674
169	139	5.4511
169	147	5.86706
169	150	6.01352
169	152	6.62142
169	154	5.98624
169	156	6.70733
169	162	6.66557
169	183	7.69368
169	188	7.29041
169	190	7.39343
169	191	7.97523
169	195	7.61432
170	20	4.37844
170	23	4.65979
170	24	4.54191
170	26	4.74716
170	44	4.59841
170	46	4.45373
170	55	5.26076
170	57	4.40138
170	62	4.73365
170	65	6.09885
170	71	4.94357
170	83	5.29818
170	89	5.03643
170	94	5.47977
170	102	5.34612
170	108	5.72215
170	112	5.19904
170	123	5.67037
170	125	5.83417
170	134	5.9019
170	136	6.25743
170	141	6.20312
170	153	5.75577
170	155	6.13602
170	160	5.62331
170	167	6.04736
170	172	6.7116
170	180	7.25744
170	185	7.33724
170	188	7.1091
170	189	7.46615
170	191	7.2126
170	200	8.13946
171	4	4.41709
171	7	4.46373
171	23	4.22035
171	38	5.24744
171	39	4.80258
171	60	4.38738
171	61	4.81939
171	68	5.2165
171	82	5.19398
171	83	5.06562
171	86	5.32358
171	98	5.42654
171	100	5.45254
171	105	3.96027
171	118	6.04385
171	120	4.90091
171	124	5.42323
171	126	5.68226
171	129	5.9137
171	130	5.99878
171	141	5.64214
171	143	6.23684
171	153	5.49135
171	161	6.18113
171	164	5.85268
171	168	6.42128
171	178	6.95392
171	184	7.20943
171	187	7.50746
171	190	7.63479
171	195	7.16858
171	199	7.43163
171	200	7.87503
172	7	5.11662
172	8	4.54915
172	18	3.48596
172	23	4.87324
172	37	4.35832
172	40	5.25642
172	53	4.25639
172	77	4.35603
172	82	5.45063
172	88	4.39663
172	92	5.03093
172	94	5.37658
172	103	5.28748
172	109	5.05114
172	116	5.67211
172	117	5.37602
172	134	5.1416
172	135	5.41389
172	136	5.43862
172	139	5.12426
172	158	6.10603
172	161	6.35793
172	164	6.33467
172	170	6.7116
172	175	7.20703
172	176	6.8435
172	177	6.8069
172	178	7.27408
172	179	7.05393
172	181	6.77436
172	189	7.70396
172	196	8.2086
172	197	8.05217
172	199	8.29796
172	200	8.27274
173	2	4.83293
173	16	4.50252
173	22	4.88337
173	24	3.9607
173	37	4.13123
173	48	5.47144
173	49	4.72421
173	54	5.35906
173	56	5.22957
173	58	4.26476
173	92	5.42343
173	96	5.77552
173	102	5.02219
173	113	5.79437
173	116	4.95971
173	132	5.84248
173	135	4.70149
173	136	5.9335
173	137	6.39262
173	141	5.58263
173	143	4.53513
173	144	6.27235
173	151	6.51845
173	154	6.63128
173	157	7.01856
173	158	6.07155
173	160	6.86797
173	186	7.8915
173	187	6.42145
173	193	7.36827
173	194	7.20674
173	195	8.43052
173	197	7.74547
173	198	7.4841
173	200	7.81553
174	2	4.87234
174	13	4.48996
174	17	4.8832
174	22	4.92278
174	28	4.99244
174	29	4.80941
174	41	4.66312
174	44	5.09008
174	48	5.51085
174	49	4.76362
174	56	5.26898
174	67	5.80581
174	72	5.31701
174	75	5.19227
174	84	5.28988
174	94	5.54513
174	96	5.81494
174	98	5.93084
174	113	5.83379
174	118	5.39168
174	120	5.72235
174	124	6.4362
174	130	6.28637
174	140	6.34115
174	144	6.31176
174	146	5.81656
174	150	6.38923
174	151	6.55787
174	154	6.67069
174	159	6.75056
174	179	7.22248
174	186	7.93092
174	188	7.66612
174	194	8.08769
174	195	8.46994
175	2	4.57946
175	3	4.09227
175	8	4.97103
175	18	4.02919
175	19	5.91666
175	25	4.18686
175	27	4.06408
175	38	6.32221
175	53	4.79963
175	55	4.63062
175	61	5.30252
175	64	5.08233
175	65	4.46454
175	74	5.5601
175	76	5.18372
175	78	4.80325
175	79	5.4801
175	88	4.93986
175	98	6.18416
175	110	5.57501
175	115	6.1585
175	124	6.68952
175	125	6.61143
175	134	5.56348
175	139	5.66749
175	161	6.90117
175	164	6.8779
175	165	7.22806
175	172	7.20703
175	177	7.35013
175	179	7.4758
175	181	7.3176
175	193	8.50255
175	197	8.59541
175	199	8.84119
175	200	8.81598
176	3	3.72874
176	5	4.71118
176	13	5.11512
176	14	4.99018
176	31	4.32392
176	48	4.84793
176	55	4.2671
176	65	4.10101
176	76	4.8202
176	88	4.57634
176	98	5.77717
176	103	5.30236
176	108	5.51763
176	117	5.55574
176	128	5.99594
176	135	5.42877
176	136	5.61833
176	139	5.30397
176	140	6.18748
176	147	5.71301
176	150	6.23556
176	153	5.95612
176	158	6.28574
176	161	6.53765
176	162	6.89759
176	164	6.51438
176	167	6.45071
176	172	6.8435
176	177	6.98661
176	184	7.05137
176	187	7.14873
176	193	8.09556
176	194	7.93402
176	197	8.23189
176	199	8.47767
176	200	8.45246
177	6	4.40353
177	18	3.62906
177	24	4.96898
177	25	3.78673
177	27	3.66395
177	30	5.10045
177	38	6.19622
177	43	5.18501
177	52	4.48229
177	65	4.06441
177	66	6.08743
177	86	5.67902
177	88	4.53973
177	93	6.00792
177	101	6.27309
177	107	6.21865
177	128	6.27694
177	135	5.70978
177	136	5.58172
177	139	5.26736
177	143	5.54341
177	147	5.6764
177	151	6.67313
177	153	5.91951
177	158	6.24913
177	162	7.17859
177	164	6.47777
177	172	6.8069
177	175	7.35013
177	176	6.98661
177	181	6.91747
177	191	7.89696
177	195	8.11736
177	197	8.19528
177	199	8.44106
177	200	8.41585
178	33	5.22383
178	37	5.01765
178	40	5.43044
178	42	4.37932
178	43	5.12939
178	45	4.70463
178	47	4.84632
178	49	4.96089
178	54	5.04835
178	69	5.72394
178	82	5.28657
178	86	5.41618
178	91	6.00042
178	98	5.51913
178	109	5.22516
178	110	5.36472
178	114	5.99151
178	117	6.79469
178	118	6.13644
178	124	5.51582
178	127	6.42642
178	128	6.15508
178	129	6.00629
178	139	5.83228
178	143	6.32943
178	154	6.36741
178	155	6.69851
178	157	6.70825
178	158	6.95797
178	166	6.7162
178	171	6.95392
178	172	7.27408
178	184	7.30203
178	186	7.218
178	187	7.60006
178	190	7.72738
179	5	4.48824
179	10	5.1618
179	11	5.05288
179	16	4.87553
179	41	5.13073
179	49	4.74074
179	52	4.14027
179	54	4.82819
179	58	4.93102
179	74	5.98742
179	75	5.73184
179	81	5.11801
179	85	5.59458
179	89	6.26322
179	94	5.33044
179	95	6.12519
179	97	5.69057
179	105	6.24303
179	107	6.48851
179	109	5.8477
179	111	5.68823
179	113	5.46129
179	117	6.57453
179	120	6.45343
179	126	6.63307
179	132	6.50874
179	149	6.90851
179	155	7.06492
179	157	6.4881
179	165	6.76005
179	166	7.38957
179	172	7.05393
179	174	7.22248
179	175	7.4758
179	184	6.99035
179	191	7.55493
180	3	4.76908
180	6	4.87942
180	20	4.70292
180	23	4.98427
180	24	4.86638
180	35	5.24231
180	39	5.79068
180	42	4.54051
180	44	4.92289
180	50	5.57713
180	62	5.05813
180	71	5.26804
180	72	5.48366
180	75	5.35892
180	83	5.62265
180	97	6.14893
180	101	5.83537
180	102	6.0698
180	104	6.14192
180	109	5.38634
180	115	6.32367
180	118	5.55834
180	125	6.15865
180	127	6.20516
180	134	6.22637
180	141	6.52759
180	143	5.58273
180	146	6.80511
180	165	7.10017
180	166	6.87739
180	167	6.77104
180	170	7.25744
180	185	7.66172
180	188	7.83277
180	189	7.79063
180	192	8.66058
181	3	3.6596
181	10	5.2324
181	25	3.75419
181	27	3.63142
181	49	5.45198
181	50	5.90703
181	53	4.36696
181	55	4.19796
181	78	5.04648
181	80	5.96183
181	81	5.82926
181	84	5.78643
181	89	6.09
181	95	6.49173
181	109	5.71625
181	113	6.17254
181	117	5.4866
181	124	6.93276
181	134	5.80671
181	136	5.54919
181	139	5.23483
181	144	6.90098
181	146	6.31312
181	147	5.64387
181	148	6.50254
181	153	5.88698
181	158	6.2166
181	161	6.46851
181	164	6.44524
181	172	6.77436
181	175	7.3176
181	177	6.91747
181	183	7.90243
181	195	8.48658
181	197	8.16275
181	199	8.40853
181	200	8.38332
182	3	4.54336
182	12	4.7324
182	16	4.8478
182	26	4.60447
182	34	4.86244
182	46	5.31556
182	60	6.15445
182	61	4.99013
182	66	5.59863
182	67	5.74674
182	75	5.70411
182	77	6.13758
182	79	5.76355
182	85	5.56685
182	90	5.55628
182	91	5.96203
182	95	6.09745
182	103	6.41903
182	105	6.2153
182	109	5.81996
182	110	5.26262
182	113	5.61691
182	118	5.33261
182	122	6.03531
182	126	6.60533
182	132	6.66436
182	133	6.66417
182	138	6.42477
182	145	6.58287
182	147	6.1837
182	150	6.33016
182	156	6.95388
182	161	6.94351
182	185	7.929
182	194	8.02862
182	197	8.56736
182	198	8.30598
183	1	4.79003
183	7	4.59122
183	9	4.68986
183	17	4.1645
183	26	4.63224
183	40	4.96474
183	46	4.97945
183	50	5.78329
183	51	4.97147
183	52	5.30656
183	63	5.27265
183	73	5.67034
183	84	6.25372
183	93	6.17373
183	99	6.3346
183	100	5.9445
183	106	6.37997
183	108	5.64
183	110	5.29039
183	111	6.377
183	112	5.96777
183	113	5.64468
183	120	5.69105
183	125	6.32681
183	133	6.73673
183	142	7.11768
183	152	7.03542
183	153	6.28149
183	159	6.56878
183	162	7.07957
183	167	6.57308
183	169	7.69368
183	181	7.90243
183	187	7.2711
183	190	7.73783
183	191	8.38923
183	194	8.05639
183	195	7.95872
184	12	4.88933
184	29	4.65233
184	32	5.19687
184	45	4.96014
184	47	5.10183
184	53	5.00894
184	57	4.72627
184	61	5.16749
184	68	5.5646
184	81	5.10058
184	82	5.54208
184	98	5.77464
184	100	5.80064
184	102	5.67102
184	104	5.74314
184	110	5.62023
184	118	6.39195
184	124	5.77133
184	127	6.68193
184	128	5.91748
184	129	6.26181
184	130	6.34688
184	138	5.83453
184	143	6.58494
184	149	6.19093
184	153	6.08067
184	159	6.36796
184	163	7.32515
184	164	6.442
184	171	7.20943
184	176	7.05137
184	178	7.30203
184	179	6.99035
184	186	6.98041
184	187	7.85557
184	190	7.9829
184	195	7.75789
184	197	8.3943
185	6	4.95922
185	14	5.69475
185	17	4.74669
185	20	4.78271
185	24	4.94618
185	27	5.73756
185	44	5.00269
185	62	5.13793
185	64	5.29022
185	69	5.81312
185	71	5.34784
185	73	6.25254
185	78	5.10082
185	81	5.8836
185	83	5.70245
185	94	5.88405
185	100	6.5267
185	101	5.91517
185	105	5.3326
185	108	6.12642
185	118	5.94258
185	120	6.27324
185	123	6.07465
185	131	7.08186
185	134	6.30617
185	135	6.75554
185	139	6.3777
185	141	6.60739
185	143	5.96697
185	146	6.88491
185	151	7.09669
185	157	7.25368
185	165	7.17996
185	170	7.33724
185	180	7.66172
185	182	7.929
185	187	7.8533
185	189	7.87043
185	198	8.91595
186	13	4.78331
186	17	5.17655
186	28	5.28579
186	29	5.10276
186	41	4.95647
186	42	4.14922
186	54	5.69182
186	56	5.56233
186	58	4.92107
186	64	4.60437
186	92	5.75619
186	97	5.75764
186	101	5.92113
186	104	5.75063
186	106	5.54132
186	110	5.09706
186	112	5.53143
186	113	6.12713
186	117	6.56459
186	119	5.64219
186	137	6.72538
186	138	5.84203
186	142	6.0593
186	143	5.19145
186	144	6.60511
186	151	6.85121
186	154	6.96404
186	157	7.35132
186	159	7.04391
186	160	7.20073
186	165	6.75011
186	173	7.8915
186	174	7.93092
186	178	7.218
186	184	6.98041
186	189	7.64788
186	195	8.76328
186	198	8.14042
186	200	8.47184
187	1	4.68657
187	4	5.06322
187	16	5.2487
187	22	4.94271
187	43	5.68293
187	46	4.87598
187	47	5.39986
187	61	5.46552
187	62	4.78674
187	64	4.69424
187	68	5.86263
187	69	6.27748
187	82	5.84011
187	85	5.1065
187	97	5.84751
187	98	6.07267
187	100	6.09867
187	110	5.91826
187	118	6.68998
187	119	5.73205
187	121	5.84442
187	124	6.06936
187	129	6.55983
187	130	6.64491
187	135	5.44768
187	143	6.88297
187	149	6.28829
187	163	7.42251
187	167	6.46962
187	171	7.50746
187	173	6.42145
187	176	7.14873
187	178	7.60006
187	183	7.2711
187	184	7.85557
187	185	7.8533
187	189	7.73775
187	190	8.28092
187	194	7.95292
188	5	4.75174
188	12	5.02364
188	16	5.13904
188	31	5.63687
188	33	5.44732
188	35	5.75759
188	39	5.52639
188	43	5.28663
188	51	6.03485
188	57	5.18735
188	63	5.85593
188	70	5.44084
188	79	6.05479
188	81	5.56165
188	83	6.11601
188	87	6.65584
188	90	5.84752
188	97	5.95407
188	101	6.37471
188	103	6.71027
188	109	6.1112
188	114	6.64538
188	116	6.90102
188	119	6.76475
188	122	6.32655
188	131	6.75991
188	134	5.5391
188	138	6.71601
188	146	6.04551
188	148	6.99583
188	149	7.17201
188	155	7.32842
188	156	7.24512
188	160	6.40928
188	169	7.29041
188	170	7.1091
188	174	7.66612
188	180	7.83277
188	195	8.21897
188	196	8.6061
188	199	8.48202
189	6	5.08813
189	7	5.72052
189	8	5.15305
189	23	5.19298
189	26	5.28035
189	41	5.78077
189	42	4.8092
189	44	5.1316
189	54	5.47823
189	62	5.26684
189	64	5.41913
189	71	5.47675
189	77	4.95993
189	80	6.2782
189	83	5.83136
189	94	6.01296
189	101	6.04408
189	106	6.2013
189	113	6.11133
189	115	6.53238
189	119	6.30217
189	123	6.20356
189	134	6.43508
189	135	6.88445
189	138	6.50201
189	140	6.7765
189	141	6.7363
189	143	5.85143
189	146	7.01382
189	147	6.67812
189	148	6.44133
189	165	7.30887
189	170	7.46615
189	172	7.70396
189	180	7.79063
189	185	7.87043
189	186	7.64788
189	187	7.73775
189	190	8.20448
189	193	8.68457
189	194	8.52304
190	4	5.19055
190	21	5.73878
190	24	5.17361
190	30	5.80946
190	32	5.62223
190	35	5.40762
190	39	5.95598
190	43	5.81026
190	47	5.52719
190	55	6.14975
190	58	5.47767
190	61	5.59285
190	68	5.98996
190	72	5.64897
190	82	5.96744
190	86	6.09704
190	87	6.28269
190	96	5.78174
190	100	6.226
190	103	5.78799
190	109	5.55165
190	110	6.04559
190	112	6.08802
190	118	6.81731
190	124	6.19669
190	127	7.10729
190	129	6.68716
190	130	6.77224
190	134	5.64212
190	137	6.32322
190	143	7.0103
190	155	7.025
190	164	7.00609
190	169	7.39343
190	171	7.63479
190	178	7.72738
190	183	7.73783
190	184	7.9829
190	187	8.28092
190	189	8.20448
190	198	8.69701
190	200	9.02844
191	1	5.15379
191	7	4.87276
191	9	4.9714
191	19	6.16358
191	31	4.81005
191	34	5.25396
191	40	5.24629
191	45	5.7382
191	50	6.06484
191	51	5.25301
191	52	5.58811
191	63	5.5542
191	80	5.79773
191	93	6.45527
191	99	6.61615
191	105	5.11416
191	106	6.66151
191	108	6.00376
191	111	6.65854
191	112	6.24932
191	118	5.72414
191	121	7.08823
191	122	6.84245
191	131	7.19229
191	133	7.01828
191	135	5.9149
191	138	6.39911
191	142	7.39923
191	144	6.73688
191	145	6.61713
191	147	6.57522
191	152	7.31697
191	154	6.6944
191	160	6.51279
191	162	7.36112
191	169	7.97523
191	170	7.2126
191	177	7.89696
191	179	7.55493
191	183	8.38923
191	197	8.95888
191	199	8.58552
192	1	4.37483
192	6	5.33296
192	8	4.51337
192	17	5.25256
192	21	4.93369
192	22	6.13423
192	31	5.53435
192	33	4.51327
192	34	5.27109
192	36	6.00077
192	38	4.87326
192	46	6.06751
192	57	5.74753
192	58	5.60246
192	62	5.97826
192	67	5.57592
192	70	5.71021
192	72	5.67981
192	81	5.78816
192	83	6.94383
192	84	6.34664
192	89	6.65021
192	92	6.25625
192	112	6.81282
192	123	7.4059
192	125	7.41487
192	128	6.50293
192	132	6.51563
192	134	6.36692
192	139	6.88357
192	140	6.84226
192	148	7.06274
192	150	6.94888
192	156	8.1398
192	158	8.00926
192	163	7.29333
192	164	7.73089
192	168	7.55833
192	180	8.66058
192	193	8.83041
192	194	9.21816
192	196	9.3206
192	198	9.35014
193	1	4.34188
193	8	4.48043
193	13	6.08085
193	21	4.90075
193	29	5.69651
193	33	4.48032
193	34	5.23814
193	36	5.75607
193	38	4.84031
193	44	5.90214
193	56	6.31219
193	67	5.54298
193	70	5.67726
193	72	5.64686
193	73	5.93691
193	74	6.11884
193	77	5.33664
193	81	5.75521
193	88	6.53741
193	92	6.01154
193	102	6.04343
193	105	5.59376
193	109	6.03174
193	111	6.71497
193	127	6.85056
193	128	6.46999
193	132	6.48268
193	140	6.80932
193	145	7.09673
193	150	6.91594
193	157	7.51484
193	160	6.99239
193	163	7.26039
193	165	7.7868
193	168	7.52538
193	173	7.36827
193	175	8.50255
193	176	8.09556
193	189	8.68457
193	192	8.83041
193	194	9.18522
193	196	9.28766
193	198	9.31719
194	1	4.72963
194	8	4.86817
194	10	5.38637
194	17	4.84632
194	21	5.2885
194	31	5.12811
194	33	4.86807
194	34	5.62589
194	38	5.22806
194	42	5.02437
194	58	5.95726
194	59	6.84518
194	70	6.06501
194	72	6.03461
194	73	6.32465
194	76	6.70336
194	77	5.1751
194	81	6.14296
194	92	5.85
194	96	6.1003
194	102	6.43118
194	120	6.37287
194	123	6.99966
194	128	6.85773
194	132	6.87043
194	133	7.37376
194	137	6.64177
194	140	7.19706
194	142	6.93445
194	149	7.07358
194	150	7.30368
194	155	7.34356
194	159	7.2506
194	163	7.64813
194	168	7.91313
194	173	7.20674
194	174	8.08769
194	176	7.93402
194	182	8.02862
194	183	8.05639
194	187	7.95292
194	189	8.52304
194	192	9.21816
194	193	9.18522
194	196	9.67541
194	198	9.70494
195	2	5.70471
195	9	5.7846
195	13	5.32233
195	14	6.03199
195	22	5.75515
195	25	5.47889
195	28	5.82481
195	29	5.64178
195	41	5.49549
195	48	6.34322
195	49	5.59599
195	54	6.23085
195	69	5.81508
195	70	5.76475
195	75	5.74512
195	77	5.07743
195	78	5.10278
195	92	6.29521
195	94	6.09798
195	95	6.54803
195	96	6.64731
195	104	6.52812
195	113	6.66616
195	127	6.59136
195	134	5.86301
195	137	7.2644
195	144	7.14413
195	151	7.39024
195	153	6.86565
195	154	7.50306
195	159	7.58293
195	160	7.73975
195	164	7.22698
195	166	7.26358
195	167	8.15036
195	169	7.61432
195	171	7.16858
195	173	8.43052
195	174	8.46994
195	177	8.11736
195	181	8.48658
195	183	7.95872
195	184	7.75789
195	186	8.76328
195	188	8.21897
195	198	8.9179
196	1	4.83207
196	2	5.26612
196	4	5.58567
196	5	5.80483
196	8	4.97062
196	15	5.21656
196	21	5.39094
196	23	5.98178
196	32	6.87708
196	33	4.97051
196	34	5.72833
196	45	6.34573
196	53	6.18105
196	57	6.20478
196	58	6.05971
196	59	6.94763
196	66	6.90009
196	67	6.03317
196	70	6.16745
196	73	6.4271
196	78	7.26404
196	81	6.24541
196	85	6.18125
196	102	6.53362
196	104	6.91525
196	106	6.70593
196	109	6.15967
196	112	6.69604
196	128	6.96018
196	132	6.97287
196	140	7.29951
196	143	6.35607
196	145	7.22466
196	150	7.40613
196	153	7.25278
196	160	7.12032
196	161	7.94256
196	162	7.99125
196	163	7.75058
196	168	8.01558
196	172	8.2086
196	188	8.6061
196	192	9.3206
196	193	9.28766
196	194	9.67541
196	197	9.56641
196	198	9.80739
196	199	9.19305
197	3	4.93741
197	18	4.87434
197	25	5.032
197	26	5.8528
197	27	4.90923
197	28	6.3088
197	35	6.26491
197	37	5.7467
197	53	5.64477
197	55	5.47577
197	60	6.39807
197	65	5.30969
197	76	6.02887
197	78	5.73918
197	79	6.41604
197	85	6.43052
197	88	5.78501
197	96	6.63904
197	102	7.0924
197	103	6.64529
197	110	6.51095
197	111	7.09217
197	114	7.1753
197	115	7.09443
197	117	6.76441
197	120	6.9116
197	135	6.7717
197	136	6.827
197	139	6.51264
197	142	7.47319
197	147	6.92168
197	153	7.16479
197	154	7.5512
197	158	7.49441
197	161	7.74632
197	164	7.72305
197	166	7.89999
197	172	8.05217
197	173	7.74547
197	175	8.59541
197	176	8.23189
197	177	8.19528
197	181	8.16275
197	182	8.56736
197	184	8.3943
197	191	8.95888
197	196	9.56641
197	199	9.68634
197	200	9.66113
198	1	4.86161
198	8	5.00015
198	15	5.20445
198	21	5.42047
198	27	6.11454
198	33	5.00005
198	34	5.75787
198	38	5.36004
198	52	5.28284
198	53	6.16895
198	57	6.23431
198	58	6.08924
198	61	5.97708
198	67	6.0627
198	70	6.19699
198	71	6.79595
198	72	6.16659
198	73	6.45663
198	78	7.29358
198	81	6.27494
198	86	6.47957
198	88	6.65324
198	93	6.80847
198	102	6.56315
198	105	5.70959
198	108	6.59918
198	109	6.14757
198	122	7.43787
198	128	6.98971
198	132	7.00241
198	140	7.32904
198	143	6.34396
198	148	6.93387
198	150	7.43566
198	152	7.58438
198	163	7.78011
198	168	8.04511
198	173	7.4841
198	182	8.30598
198	185	8.91595
198	186	8.14042
198	190	8.69701
198	192	9.35014
198	193	9.31719
198	194	9.70494
198	195	8.9179
198	196	9.80739
198	199	9.18095
198	200	9.62436
199	3	5.1832
199	6	5.0921
199	11	5.46798
199	18	5.12012
199	25	5.27779
199	27	5.15501
199	37	5.99248
199	41	6.16132
199	55	5.72155
199	65	5.55547
199	70	6.0278
199	75	6.00816
199	76	6.27465
199	77	5.34048
199	79	6.04268
199	86	6.36759
199	88	6.03079
199	104	6.79116
199	110	6.13759
199	117	7.01019
199	118	6.20758
199	119	6.68272
199	126	7.3196
199	134	6.12606
199	135	6.39834
199	136	7.07278
199	138	6.88256
199	139	6.75842
199	140	7.15705
199	147	7.16746
199	150	7.20513
199	153	7.41057
199	158	7.74019
199	161	7.9921
199	164	7.96883
199	165	7.79064
199	167	7.42028
199	171	7.43163
199	172	8.29796
199	175	8.84119
199	176	8.47767
199	177	8.44106
199	181	8.40853
199	188	8.48202
199	191	8.58552
199	196	9.19305
199	197	9.68634
199	198	9.18095
199	200	9.90691
200	3	5.15798
200	4	5.90499
200	11	5.91138
200	15	5.53588
200	18	5.09491
200	20	6.38057
200	25	5.25257
200	27	5.1298
200	37	5.96727
200	49	6.21474
200	52	5.61426
200	53	5.86534
200	55	5.69634
200	57	6.21771
200	62	6.18081
200	65	5.53025
200	76	6.24944
200	82	6.87849
200	85	6.50057
200	88	6.00558
200	105	6.04102
200	107	7.35062
200	115	7.16448
200	116	7.09997
200	117	6.98498
200	119	7.12613
200	121	7.2385
200	134	6.56946
200	136	7.04757
200	139	6.73321
200	146	7.07587
200	147	7.14225
200	153	7.38535
200	158	7.71498
200	161	7.96689
200	163	8.81659
200	164	7.94362
200	170	8.13946
200	171	7.87503
200	172	8.27274
200	173	7.81553
200	175	8.81598
200	176	8.45246
200	177	8.41585
200	181	8.38332
200	186	8.47184
200	190	9.02844
200	197	9.66113
200	198	9.62436
200	199	9.90691
