1	129	2.14913
1	145	2.57942
1	180	2.08776
1	199	1.60538
1	215	3.28578
1	227	2.56687
1	234	3.32329
1	287	5.02435
2	21	3.39081
2	56	2.67728
2	83	1.82846
2	178	3.20342
2	202	2.11365
2	207	2.30402
2	240	2.80389
2	281	4.37226
3	209	1.85004
3	251	2.39879
3	252	3.10829
3	253	2.93397
3	258	2.30071
3	261	2.75679
3	266	3.05902
3	284	4.1965
4	6	0.968467
4	40	1.7573
4	157	0.967488
4	212	1.85216
4	245	3.68716
4	285	4.91446
4	290	4.64172
4	298	3.84316
5	48	0.852991
5	104	0.971721
5	120	0.942548
5	172	1.12802
5	278	4.31779
5	285	4.88477
5	289	4.30565
5	296	5.19719
6	4	0.968467
6	24	1.75416
6	178	2.55746
6	253	2.2979
6	257	3.53797
6	267	3.5079
6	280	4.21696
6	292	3.83385
7	79	2.62234
7	180	2.70937
7	197	2.87241
7	199	2.22699
7	201	2.47572
7	233	2.01954
7	237	3.45623
7	285	4.23464
8	145	1.54122
8	155	2.12906
8	208	1.85223
8	225	2.30694
8	242	3.71371
8	253	3.03079
8	256	3.91335
8	283	4.09152
9	32	2.26402
9	128	2.8364
9	136	2.8364
9	150	2.42659
9	168	3.20581
9	245	2.532
9	253	2.30329
9	288	4.23134
10	58	2.70772
10	97	1.82947
10	142	1.20599
10	173	1.94494
10	229	4.05188
10	242	3.68229
10	256	3.88193
10	277	3.32565
11	103	0.0163947
11	111	1.63686
11	220	2.51209
11	233	2.60526
11	275	3.68029
11	276	3.30384
11	285	4.31594
11	297	4.56189
12	24	0.103779
12	41	0.795547
12	240	2.8131
12	263	2.85806
12	264	3.28758
12	292	4.39259
12	296	3.97269
12	300	4.37217
13	57	1.86857
13	74	2.12346
13	178	1.93422
13	195	2.27752
13	215	2.75746
13	262	2.51276
13	274	5.22658
13	294	3.91298
14	91	1.75578
14	183	3.33971
14	222	2.66162
14	246	3.53137
14	272	2.00585
14	289	2.77417
14	293	3.25152
14	299	3.30474
15	27	2.8788
15	46	1.38015
15	186	1.84587
15	206	2.91662
15	230	3.16345
15	231	3.32334
15	247	3.70206
15	249	3.38972
16	106	2.82679
16	112	1.64562
16	128	2.27243
16	216	1.45757
16	251	4.55446
16	263	2.40873
16	296	3.52336
16	300	3.92285
17	28	2.59855
17	157	2.86897
17	182	2.52996
17	192	2.60458
17	217	2.66775
17	222	2.1477
17	265	3.3357
17	267	3.96554
18	121	2.09225
18	140	1.78411
18	189	3.01547
18	249	4.35037
18	258	2.06043
18	271	2.71207
18	279	2.94879
18	288	3.62426
19	129	1.54088
19	195	1.63295
19	208	1.6927
19	225	3.54757
19	246	2.69265
19	252	2.05509
19	274	4.582
19	298	4.86553
20	24	3.00049
20	80	1.71749
20	227	3.13751
20	258	2.01456
20	260	3.45851
20	271	2.6662
20	277	3.08404
20	288	3.57839
21	2	3.39081
21	121	1.40223
21	134	0.714683
21	205	2.57204
21	253	2.52528
21	269	3.93694
21	280	4.44433
21	298	3.62522
22	111	1.80409
22	146	2.39013
22	173	3.28269
22	185	1.92974
22	209	3.37792
22	212	1.56398
22	219	3.74612
22	282	4.5019
23	91	0.952443
23	211	1.55574
23	256	3.62701
23	259	2.07785
23	263	3.44448
23	269	3.27266
23	280	3.85127
23	290	3.83073
24	6	1.75416
24	12	0.103779
24	20	3.00049
24	140	2.07331
24	148	3.34197
24	163	3.19968
24	283	4.07385
24	300	5.0614
25	97	2.21807
25	163	1.2916
25	166	2.51961
25	173	2.33354
25	179	2.16494
25	256	4.27053
25	273	3.68098
25	286	4.16433
26	53	1.65397
26	124	1.25025
26	146	1.99073
26	194	2.58547
26	208	2.99736
26	209	2.97852
26	219	3.34672
26	293	5.76362
27	15	2.8788
27	123	0.638318
27	272	1.79605
27	281	3.45756
27	294	3.13981
27	297	3.31987
27	298	4.34974
27	299	3.09494
28	17	2.59855
28	40	1.30171
28	74	1.21298
28	89	2.29958
28	110	2.01016
28	118	2.36857
28	250	5.08351
28	295	5.70974
29	37	1.88655
29	147	2.75871
29	176	3.05749
29	254	3.64605
29	289	2.37337
29	294	2.94881
29	297	3.12887
29	299	2.90394
30	43	2.47941
30	149	2.7228
30	201	2.55739
30	204	2.41402
30	228	3.09502
30	243	3.24682
30	254	2.75771
30	278	3.36926
31	57	1.04716
31	147	1.96681
31	150	0.874833
31	195	1.45612
31	248	4.26336
31	265	3.73281
31	273	4.55398
31	293	4.76538
32	9	2.26402
32	124	1.43392
32	128	1.45357
32	244	1.4337
32	251	3.7356
32	261	3.83992
32	280	4.22955
32	290	4.20901
33	103	2.36453
33	118	1.99099
33	126	1.65397
33	166	1.48282
33	193	2.58115
33	206	3.29865
33	249	3.77175
33	291	5.4806
34	54	1.0986
34	94	1.49793
34	229	2.72105
34	234	2.10737
34	260	4.18813
34	275	3.19857
34	281	4.53711
34	283	3.2998
35	129	1.04824
35	153	1.9249
35	165	3.11142
35	186	1.64206
35	241	2.92282
35	265	3.4811
35	273	4.23817
35	299	4.27063
36	198	0.67376
36	241	1.95405
36	248	2.97879
36	273	3.2694
36	274	3.12059
36	288	3.65828
36	290	3.26341
36	291	3.7274
37	29	1.88655
37	157	2.46154
37	164	2.73928
37	192	2.19715
37	219	3.55504
37	225	3.11053
37	250	2.20932
37	285	4.48641
38	127	1.80938
38	145	2.51286
38	225	2.66458
38	275	4.34792
38	293	2.73249
38	294	2.83057
38	297	3.01063
38	299	2.78571
39	225	2.05353
39	248	2.94616
39	273	3.23677
39	274	3.08796
39	276	2.79504
39	280	1.66339
39	288	3.48015
39	295	3.40083
40	4	1.7573
40	28	1.30171
40	122	1.64659
40	274	4.78293
40	276	2.5849
40	278	3.03003
40	285	3.597
40	291	2.99065
40	297	5.31664
41	12	0.795547
41	128	2.61718
41	136	2.61718
41	150	2.20737
41	161	3.06164
41	168	2.98659
41	251	3.79388
41	257	4.24279
41	276	4.68616
42	50	3.17343
42	108	0.970455
42	137	2.1651
42	174	1.92331
42	259	4.23282
42	262	1.93316
42	282	4.0596
42	283	3.4078
42	298	5.18714
43	30	2.47941
43	58	0.680946
43	157	0.594544
43	185	2.22587
43	236	3.83011
43	254	3.53927
43	273	3.83857
43	284	4.34803
43	298	5.44484
44	83	1.95032
44	128	2.64649
44	154	0.0122815
44	181	3.83748
44	217	0.3248
44	261	5.03284
44	289	4.03755
44	293	4.51491
44	294	4.61298
45	89	1.3178
45	134	2.87112
45	136	1.58688
45	147	2.00821
45	188	2.72397
45	190	2.35706
45	211	4.30524
45	235	4.29868
45	291	5.48112
46	15	1.38015
46	83	2.18171
46	204	3.45957
46	210	2.24562
46	214	3.37439
46	220	2.4302
46	231	3.21595
46	256	4.00281
46	281	4.72551
47	117	1.98506
47	152	0.154806
47	226	2.43817
47	234	3.44954
47	243	2.64971
47	251	3.29672
47	261	3.65473
47	266	3.95696
47	295	5.42996
48	5	0.852991
48	116	1.57935
48	151	2.91197
48	163	3.17897
48	181	2.26385
48	200	3.66762
48	222	3.74292
48	281	4.10632
48	282	4.71676
49	212	1.257
49	223	2.42248
49	241	2.8262
49	248	2.97333
49	290	4.01558
49	293	3.27907
49	294	3.37714
49	297	3.5572
49	299	3.33228
50	42	3.17343
50	130	1.94502
50	135	2.13521
50	166	2.35488
50	260	3.82926
50	264	2.6564
50	277	3.51991
50	279	3.33879
50	288	4.01426
51	101	1.82312
51	124	2.02885
51	165	2.49543
51	211	2.52895
51	244	2.02863
51	254	2.09981
51	269	3.83245
51	288	5.39449
51	290	4.80394
52	96	1.72881
52	147	2.24441
52	175	1.45022
52	180	2.2294
52	204	3.53522
52	218	1.92773
52	273	4.11117
52	282	4.64786
52	295	5.18177
53	26	1.65397
53	64	1.6958
53	101	1.75214
53	202	2.96805
53	206	3.26981
53	230	3.51665
53	249	3.74291
53	265	4.04775
53	266	4.41062
54	34	1.0986
54	115	2.52056
54	129	2.6659
54	198	2.91528
54	207	2.55807
54	215	2.54459
54	223	3.01803
54	260	4.27733
54	299	5.41357
55	126	1.42815
55	167	1.74569
55	212	2.14226
55	224	2.86283
55	235	2.65027
55	237	2.7219
55	292	4.56925
55	293	4.73791
55	298	4.13325
56	2	2.67728
56	81	2.61239
56	170	0.539284
56	193	4.21827
56	196	1.84924
56	207	3.96392
56	245	2.60137
56	282	3.9994
56	287	4.51753
57	13	1.86857
57	31	1.04716
57	65	1.68653
57	129	2.54491
57	178	2.29367
57	179	3.84438
57	203	4.16541
57	220	3.7551
57	273	5.73484
58	10	2.70772
58	43	0.680946
58	105	2.43888
58	115	3.50686
58	203	1.02431
58	232	4.84416
58	286	3.44033
58	290	4.35892
58	292	3.99635
59	73	1.7535
59	114	2.6115
59	123	2.17999
59	170	2.43288
59	191	2.61966
59	197	3.63759
59	199	2.99216
59	217	3.36884
59	285	5.35316
60	77	2.44373
60	83	1.15913
60	103	2.66777
60	166	2.59905
60	173	2.41299
60	175	3.26309
60	242	4.15034
60	256	4.34998
60	271	3.95255
61	139	2.08732
61	169	0.285559
61	198	2.57517
61	233	2.51775
61	252	3.69952
61	256	4.35199
61	261	3.34802
61	266	3.65025
61	287	4.49749
62	69	2.17057
62	150	3.2317
62	161	4.08597
62	168	4.01092
62	173	2.91636
62	215	2.25384
62	232	2.30915
62	235	2.35789
62	292	3.64307
63	93	1.27268
63	108	1.21758
63	148	3.16312
63	151	2.09786
63	181	2.20506
63	195	3.85926
63	219	4.3778
63	260	4.22694
63	281	4.57592
64	53	1.6958
64	99	2.30457
64	107	2.29918
64	131	1.84525
64	212	2.89518
64	246	3.23354
64	250	3.37457
64	271	4.28645
64	291	5.04532
65	57	1.68653
65	86	1.63038
65	145	2.16249
65	154	2.67978
65	155	2.75033
65	173	2.59763
65	242	4.33498
65	288	4.82747
65	299	4.34123
66	149	2.07145
66	236	1.02155
66	279	3.50936
66	280	3.45538
66	284	3.59524
66	286	2.51626
66	290	3.43485
66	291	4.32988
66	292	3.07228
67	167	2.70477
67	190	2.88523
67	216	1.59471
67	250	4.1304
67	255	2.06107
67	262	2.71541
67	277	3.76787
67	283	3.07244
67	300	4.05999
68	104	1.64963
68	134	1.37892
68	169	2.513
68	217	3.44777
68	218	1.80118
68	235	2.80648
68	259	3.33514
68	286	4.16943
68	288	5.90413
69	62	2.17057
69	117	1.92168
69	128	2.6269
69	136	2.6269
69	161	3.07136
69	164	2.42275
69	168	2.99631
69	257	4.31742
69	300	4.84992
70	182	2.94724
70	193	2.0414
70	202	2.45713
70	206	2.75889
70	230	3.00572
70	242	2.54584
70	249	3.23199
70	266	4.6285
70	277	3.36909
71	114	1.72938
71	164	2.81579
71	185	3.05126
71	186	2.72415
71	188	3.15091
71	216	2.66583
71	234	2.566
71	269	3.53891
71	296	4.73162
72	95	2.05139
72	125	2.11318
72	141	1.20176
72	239	3.37922
72	258	2.50189
72	277	3.57137
72	279	3.39026
72	288	4.06572
72	292	4.70411
73	59	1.7535
73	79	3.16993
73	114	0.86456
73	159	1.98311
73	211	2.61491
73	251	3.67688
73	282	4.14605
73	283	4.38695
73	284	4.36888
73	295	4.67996
74	13	2.12346
74	28	1.21298
74	149	2.91094
74	197	2.55363
74	217	2.64389
74	227	2.86969
74	244	2.74076
74	266	4.18736
74	284	5.03187
74	295	5.34295
75	165	2.85181
75	216	1.7637
75	225	2.79531
75	241	2.6632
75	248	3.68794
75	259	2.87145
75	274	3.82974
75	287	3.41871
75	292	3.77289
75	299	3.99468
76	205	1.55649
76	229	1.42756
76	263	3.09321
76	264	2.97957
76	271	3.42524
76	275	3.51487
76	279	3.66196
76	287	3.42123
76	288	4.33743
76	293	4.24024
77	60	2.44373
77	79	1.03092
77	146	2.49673
77	165	3.50627
77	175	3.9537
77	204	3.2479
77	214	3.39919
77	221	3.52498
77	228	3.92889
77	243	4.0807
78	180	1.35945
78	204	2.78752
78	239	2.50554
78	245	2.37989
78	255	2.31114
78	282	3.77791
78	284	4.00074
78	287	4.29604
78	291	4.60758
78	294	3.59672
79	7	2.62234
79	73	3.16993
79	77	1.03092
79	201	2.76947
79	212	4.43856
79	213	2.34206
79	221	2.90318
79	228	3.30709
79	239	5.55908
79	243	3.4589
80	20	1.71749
80	99	1.73697
80	125	2.15156
80	163	3.35704
80	179	2.53552
80	200	3.84569
80	222	3.92099
80	237	3.22184
80	272	4.04922
80	296	5.08117
81	56	2.61239
81	151	3.02061
81	163	3.28761
81	165	2.34846
81	171	2.66433
81	177	3.0652
81	199	3.22129
81	200	3.77627
81	203	2.87753
81	285	4.77549
82	89	2.2765
82	127	2.86362
82	175	0.353652
82	184	2.0803
82	214	3.36456
82	267	5.21215
82	282	3.55129
82	284	3.77411
82	287	4.06942
82	295	4.0852
83	2	1.82846
83	44	1.95032
83	46	2.18171
83	60	1.15913
83	142	2.82687
83	207	3.45279
83	265	3.84499
83	281	5.52103
83	289	3.82935
83	295	5.04142
84	225	2.56888
84	241	2.43677
84	248	3.46151
84	249	2.27068
84	255	1.88199
84	273	3.75212
84	274	3.60331
84	279	3.35791
84	288	4.10931
84	291	4.17842
85	109	1.13939
85	183	3.45195
85	195	3.02435
85	237	1.85011
85	245	2.12368
85	271	3.98809
85	278	4.20742
85	284	3.74453
85	287	4.03984
85	295	4.05561
86	65	1.63038
86	92	2.64821
86	101	2.56088
86	118	2.1932
86	173	2.77611
86	187	2.39298
86	200	3.43792
86	242	4.51346
86	256	4.7131
86	265	4.8565
87	185	1.64047
87	205	1.65899
87	208	2.11068
87	225	2.5654
87	238	2.97201
87	268	3.4692
87	272	3.78548
87	283	4.34997
87	285	4.82593
87	291	4.21958
88	123	2.17681
88	163	1.92609
88	170	1.82883
88	175	3.03882
88	189	2.40542
88	202	3.30384
88	230	3.85243
88	249	4.0787
88	251	3.91306
88	296	5.09059
89	28	2.29958
89	45	1.3178
89	82	2.2765
89	192	2.30561
89	249	3.7435
89	268	3.23814
89	270	4.31197
89	272	4.15032
89	275	3.95922
89	278	4.02789
90	97	1.678
90	203	2.91366
90	213	2.93843
90	239	0.353902
90	256	4.07596
90	287	4.22146
90	293	3.7667
90	294	3.86478
90	297	4.04483
90	299	3.81991
91	14	1.75578
91	23	0.952443
91	95	2.43334
91	148	0.0196555
91	229	2.05612
91	275	4.82553
91	277	4.47164
91	279	4.29052
91	288	4.96599
91	298	5.8603
92	86	2.64821
92	100	2.46531
92	107	1.46841
92	122	1.79175
92	211	3.14488
92	212	2.63031
92	235	3.13833
92	238	3.94701
92	270	4.92215
92	290	5.41987
93	63	1.27268
93	99	1.93271
93	183	3.37845
93	223	3.1533
93	224	3.55851
93	237	3.41758
93	240	3.19322
93	247	3.43291
93	254	3.52237
93	281	4.76159
94	34	1.49793
94	108	1.66731
94	199	2.65003
94	215	2.94392
94	229	3.23019
94	248	3.23915
94	256	3.46857
94	260	4.67666
94	272	3.24445
94	281	5.02565
95	72	2.05139
95	91	2.43334
95	176	3.57263
95	178	1.37767
95	195	1.72098
95	241	3.50348
95	247	4.17167
95	248	4.52822
95	252	3.57138
95	274	4.67003
96	52	1.72881
96	148	2.69692
96	161	1.4436
96	226	3.79812
96	257	1.14256
96	288	6.11899
96	289	3.22204
96	293	3.6994
96	294	3.79748
96	297	3.97753
97	10	1.82947
97	25	2.21807
97	90	1.678
97	113	2.40089
97	155	3.78057
97	177	2.18256
97	185	3.283
97	193	3.24775
97	256	5.56487
97	284	5.40516
98	103	1.79831
98	187	3.13867
98	201	2.32877
98	205	3.11163
98	240	2.27222
98	241	2.97548
98	257	3.43124
98	261	3.08666
98	268	4.92185
98	276	5.26647
98	296	4.15986
99	64	2.30457
99	80	1.73697
99	93	1.93271
99	168	2.30597
99	173	4.49755
99	233	2.9265
99	251	3.39876
99	252	4.10826
99	261	3.75676
99	266	4.05899
99	299	5.44605
100	92	2.46531
100	102	2.8512
100	226	2.11668
100	231	3.42669
100	233	2.50298
100	251	2.97524
100	252	3.68474
100	261	3.33324
100	266	3.63547
100	272	4.51753
100	294	5.0076
101	51	1.82312
101	53	1.75214
101	86	2.56088
101	140	1.70008
101	196	1.67968
101	249	4.26634
101	282	3.82984
101	284	4.05267
101	287	4.34797
101	288	6.10497
101	295	4.36375
102	100	2.8512
102	131	1.14265
102	146	2.66959
102	148	3.15613
102	157	2.92419
102	192	2.6598
102	238	4.33291
102	250	2.67197
102	263	5.18797
102	276	3.93696
102	285	4.94906
103	11	0.0163947
103	33	2.36453
103	60	2.66777
103	98	1.79831
103	144	2.65936
103	232	2.55456
103	239	4.59646
103	275	4.53998
103	276	4.16353
103	285	5.17563
103	286	5.93775
104	5	0.971721
104	68	1.64963
104	134	1.72038
104	194	2.0005
104	210	2.63793
104	223	3.43387
104	268	4.38612
104	275	5.1072
104	284	4.75631
104	291	5.13649
104	297	4.69133
105	58	2.43888
105	156	1.48009
105	165	2.33005
105	226	2.85336
105	230	2.8769
105	233	3.23966
105	251	3.71192
105	261	4.06992
105	263	3.8389
105	266	4.37215
105	298	5.29533
106	16	2.82679
106	114	0.41631
106	125	3.07232
106	187	2.632
106	227	1.75845
106	255	4.14396
106	281	5.54532
106	282	3.6978
106	284	3.92063
106	287	4.21594
106	295	4.23171
107	64	2.29918
107	92	1.46841
107	137	2.14931
107	139	1.25084
107	193	3.10396
107	227	3.15161
107	236	3.55662
107	259	4.21704
107	272	4.49508
107	292	5.60735
107	297	5.19638
108	42	0.970455
108	63	1.21758
108	94	1.66731
108	174	3.62816
108	203	4.00168
108	223	3.0982
108	231	3.19693
108	260	4.3575
108	264	4.55865
108	265	5.09592
108	281	4.70649
109	85	1.13939
109	196	2.50782
109	227	2.29018
109	237	2.80627
109	258	2.99358
109	264	3.19954
109	271	3.64522
109	279	3.88194
109	288	4.55741
109	290	4.67059
109	293	4.82228
110	28	2.01016
110	140	1.92989
110	145	3.09382
110	234	2.35287
110	248	4.46032
110	262	3.5734
110	267	3.13299
110	269	3.32578
110	274	4.63322
110	280	4.08067
110	283	3.93043
111	11	1.63686
111	22	1.80409
111	143	2.38099
111	168	2.39449
111	190	3.08987
111	208	3.54519
111	209	3.52634
111	219	3.89454
111	220	3.24049
111	267	4.86223
111	291	6.08991
112	16	1.64562
112	129	1.9562
112	156	1.034
112	159	1.034
112	181	2.52168
112	229	3.83001
112	247	3.04618
112	266	4.27722
112	277	6.24552
112	279	6.06441
112	290	4.79524
113	97	2.40089
113	118	1.93346
113	166	2.70243
113	173	2.51636
113	177	1.62769
113	213	3.17059
113	229	4.06974
113	242	4.25371
113	256	4.45335
113	270	4.24566
113	290	5.12094
114	59	2.6115
114	71	1.72938
114	73	0.86456
114	106	0.41631
114	213	3.22155
114	245	3.60604
114	255	3.33945
114	284	5.22689
114	287	5.52219
114	293	5.32359
114	294	4.62503
115	54	2.52056
115	58	3.50686
115	135	0.25052
115	165	3.051
115	176	3.55412
115	224	4.17883
115	241	2.86239
115	248	3.88713
115	264	4.48407
115	273	4.17774
115	274	4.02893
116	48	1.57935
116	141	2.11304
116	189	3.14989
116	198	3.3389
116	226	2.61755
116	237	4.06422
116	244	3.96393
116	251	3.4761
116	252	4.18561
116	261	3.83411
116	266	4.13634
117	47	1.98506
117	69	1.92168
117	163	3.14286
117	171	2.51958
117	177	2.92045
117	179	2.32134
117	200	3.63151
117	219	3.94472
117	222	3.70681
117	223	4.16414
117	291	6.22123
118	28	2.36857
118	33	1.99099
118	86	2.1932
118	113	1.93346
118	155	3.31314
118	166	3.34651
118	179	3.56482
118	218	2.89742
118	242	4.8978
118	256	5.09744
118	263	4.86562
118	273	5.08085
119	129	2.75006
119	144	2.01394
119	216	3.26676
119	225	3.33207
119	250	4.17419
119	258	2.74106
119	264	2.94703
119	271	3.3927
119	277	3.81054
119	279	3.62943
119	288	4.30489
119	297	5.25346
120	5	0.942548
120	138	3.10632
120	143	2.63012
120	190	3.339
120	208	3.79432
120	209	3.77548
120	219	4.14368
120	238	2.77655
120	268	3.78592
120	286	4.3302
120	292	4.31381
120	296	4.62197
121	18	2.09225
121	21	1.40223
121	220	1.94273
121	229	4.13352
121	238	2.20666
121	250	3.76982
121	263	3.56964
121	267	3.29877
121	271	3.81741
121	288	5.57959
121	296	4.68427
121	300	5.08376
122	40	1.64659
122	92	1.79175
122	130	1.06461
122	160	2.1107
122	174	2.53227
122	255	3.41525
122	270	3.76448
122	281	4.44983
122	293	5.0326
122	296	5.01468
122	298	5.342
122	300	5.41416
123	27	0.638318
123	59	2.17999
123	88	2.17681
123	126	2.75365
123	158	1.70816
123	189	3.19815
123	193	3.68084
123	202	4.09657
123	249	4.87143
123	279	5.27973
123	286	5.3395
123	296	5.63127
124	26	1.25025
124	32	1.43392
124	51	2.02885
124	174	3.08389
124	176	2.7302
124	223	2.93182
124	236	4.733
124	248	3.48268
124	256	3.7121
124	291	4.9889
124	292	6.78373
124	299	4.43356
125	72	2.11318
125	80	2.15156
125	106	3.07232
125	126	2.82444
125	151	3.59176
125	154	4.2297
125	171	3.23548
125	179	3.03724
125	197	2.97204
125	200	4.34741
125	222	4.42272
125	279	5.62599
126	33	1.65397
126	55	1.42815
126	123	2.75365
126	125	2.82444
126	169	2.73227
126	186	3.11169
126	206	4.18244
126	219	3.91601
126	230	4.42927
126	249	4.65554
126	278	4.58054
126	281	5.29743
127	38	1.80938
127	82	2.86362
127	148	2.74718
127	224	1.91041
127	228	3.04641
127	265	2.96731
127	276	3.51335
127	278	3.95848
127	280	4.35247
127	282	5.95372
127	285	4.52546
127	291	3.91911
128	9	2.8364
128	16	2.27243
128	32	1.45357
128	41	2.61718
128	44	2.64649
128	69	2.6269
128	150	3.68804
128	161	4.54231
128	168	4.46726
128	280	4.00015
128	285	5.34488
128	297	5.08641
129	1	2.14913
129	19	1.54088
129	35	1.04824
129	54	2.6659
129	57	2.54491
129	112	1.9562
129	119	2.75006
129	225	4.86848
129	241	4.73637
129	273	6.05172
129	279	5.69103
129	283	5.57511
130	50	1.94502
130	122	1.06461
130	174	2.59429
130	235	3.3446
130	257	4.20931
130	262	3.63566
130	267	3.19525
130	270	3.33055
130	274	4.07359
130	276	4.65269
130	296	4.58075
130	300	4.98024
131	64	1.84525
131	102	1.14265
131	169	2.72701
131	175	3.6665
131	184	1.82772
131	224	3.23443
131	246	3.43136
131	258	3.55682
131	260	3.66385
131	278	5.2825
131	281	5.29218
131	285	5.84948
132	182	2.67115
132	201	3.43587
132	213	3.00846
132	221	3.56958
132	228	3.9735
132	229	3.26084
132	243	4.1253
132	244	2.34743
132	259	3.09746
132	270	3.43676
132	286	4.01529
132	295	4.62759
133	139	2.2584
133	189	2.55725
133	201	3.49981
133	227	2.95549
133	258	2.74106
133	264	2.94703
133	270	4.46062
133	271	3.3927
133	277	3.81054
133	279	3.62943
133	286	5.03914
133	288	4.30489
134	21	0.714683
134	45	2.87112
134	68	1.37892
134	104	1.72038
134	164	2.95172
134	188	3.28684
134	190	2.91993
134	247	3.83095
134	253	4.31376
134	286	5.29368
134	290	6.21228
134	291	6.04399
135	50	2.13521
135	115	0.25052
135	165	4.18768
135	178	1.87326
135	182	2.93385
135	193	2.70507
135	219	3.32062
135	241	3.99907
135	257	4.39951
135	273	5.31443
135	274	5.16562
135	282	5.31248
136	9	2.8364
136	41	2.61718
136	45	1.58688
136	69	2.6269
136	150	3.68804
136	161	4.54231
136	168	4.46726
136	191	2.64568
136	197	2.44587
136	214	2.84506
136	285	5.37918
136	298	5.91743
137	42	2.1651
137	107	2.14931
137	188	2.22049
137	236	3.68748
137	243	2.04896
137	253	4.20226
137	254	3.39663
137	263	3.51832
137	273	3.73355
137	285	4.4365
137	286	5.18218
137	295	4.82921
138	120	3.10632
138	154	3.27311
138	162	0.811399
138	190	3.99454
138	191	2.21526
138	208	4.44986
138	209	4.43101
138	219	4.79921
138	224	3.30254
138	230	3.06859
138	250	3.61102
138	266	4.50791
139	61	2.08732
139	107	1.25084
139	133	2.2584
139	170	2.54235
139	210	3.23908
139	218	1.91546
139	236	2.789
139	270	4.93382
139	280	5.22284
139	285	5.73194
139	290	5.2023
139	298	4.40373
140	18	1.78411
140	24	2.07331
140	101	1.70008
140	110	1.92989
140	204	3.52051
140	220	3.20067
140	234	3.7766
140	238	3.46461
140	274	4.00724
140	288	5.27145
140	297	4.54094
140	300	6.34171
141	72	1.20176
141	116	2.11304
141	158	1.49576
141	232	3.42401
141	255	3.22411
141	265	4.19021
141	267	3.43805
141	270	3.57335
141	283	4.23548
141	284	4.80044
141	290	5.07109
141	296	4.82354
142	10	1.20599
142	83	2.82687
142	165	2.48531
142	181	2.99981
142	211	2.74502
142	215	3.28895
142	223	3.76239
142	231	3.86112
142	247	4.042
142	275	4.41582
142	282	5.16885
142	300	4.78838
143	111	2.38099
143	120	2.63012
143	190	3.51834
143	208	3.97366
143	209	3.95482
143	219	4.32302
143	226	2.55837
143	231	2.35658
143	235	2.88603
143	273	3.70425
143	290	4.48436
143	295	4.79991
144	103	2.65936
144	119	2.01394
144	153	2.87436
144	236	3.32914
144	266	4.79342
144	272	2.44175
144	289	3.21008
144	293	3.68743
144	294	3.78551
144	297	3.96557
144	299	3.74065
144	300	5.11032
145	1	2.57942
145	8	1.54122
145	38	2.51286
145	65	2.16249
145	110	3.09382
145	166	3.49428
145	173	3.30821
145	192	2.58383
145	219	4.66534
145	242	5.04556
145	256	5.2452
145	278	5.32987
146	22	2.39013
146	26	1.99073
146	77	2.49673
146	102	2.66959
146	190	3.6759
146	196	3.21009
146	199	3.7415
146	208	4.13122
146	209	4.11238
146	219	4.48058
146	220	2.98743
146	295	5.68841
147	29	2.75871
147	31	1.96681
147	45	2.00821
147	52	2.24441
147	183	1.7554
147	211	3.07438
147	222	3.65817
147	241	5.05034
147	259	3.59648
147	278	5.09173
147	280	5.3699
147	292	4.9868
148	24	3.34197
148	63	3.16312
148	91	0.0196555
148	96	2.69692
148	102	3.15613
148	127	2.74718
148	178	4.14527
148	232	4.21233
148	258	3.99188
148	264	4.19785
148	271	4.64352
148	277	5.06135
148	288	5.55571
149	30	2.7228
149	66	2.07145
149	74	2.91094
149	164	4.46387
149	196	4.92938
149	239	1.01552
149	257	1.87148
149	267	6.32846
149	272	3.18264
149	289	3.95096
149	293	4.42832
149	294	4.5264
149	299	4.48153
150	9	2.42659
150	31	0.874833
150	41	2.20737
150	62	3.2317
150	128	3.68804
150	136	3.68804
150	161	4.13249
150	168	4.05745
150	175	3.09098
150	272	4.1108
150	290	5.14774
150	294	4.60087
150	298	5.60883
151	48	2.91197
151	63	2.09786
151	81	3.02061
151	125	3.59176
151	177	4.57483
151	179	3.97572
151	210	2.22413
151	222	5.3612
151	241	3.60477
151	249	3.35039
151	262	2.84706
151	267	4.03045
151	291	5.25813
152	47	0.154806
152	194	2.73058
152	200	3.45759
152	207	3.07464
152	226	2.95666
152	233	3.34295
152	234	4.09217
152	251	3.81521
152	252	4.52472
152	261	4.17321
152	266	4.47545
152	273	4.97693
152	287	5.08972
153	35	1.9249
153	144	2.87436
153	195	4.11846
153	211	4.20502
153	215	4.74713
153	224	1.73364
153	265	2.79054
153	274	5.58017
153	275	3.71304
153	276	3.33659
153	278	3.78171
153	285	4.34869
153	291	3.74234
154	44	0.0122815
154	65	2.67978
154	125	4.2297
154	138	3.27311
154	184	3.23823
154	207	4.45137
154	235	5.53544
154	257	1.79254
154	289	3.87202
154	293	4.34937
154	294	4.44745
154	297	4.62751
154	299	4.40259
155	8	2.12906
155	65	2.75033
155	97	3.78057
155	118	3.31314
155	191	1.87869
155	209	2.07225
155	213	2.73901
155	242	5.6334
155	254	2.92982
155	256	5.83304
155	266	4.17134
155	291	5.15335
155	300	4.48824
156	105	1.48009
156	112	1.034
156	229	1.8863
156	239	3.89439
156	262	3.58535
156	263	4.53709
156	264	3.4383
156	271	3.88398
156	277	4.30181
156	278	4.38446
156	279	4.1207
156	288	4.79617
156	290	5.53244
157	4	0.967488
157	17	2.86897
157	37	2.46154
157	43	0.594544
157	102	2.92419
157	172	3.87426
157	215	3.16007
157	224	5.01597
157	259	3.64787
157	268	6.27429
157	282	5.04181
157	295	5.178
157	296	4.85746
158	123	1.70816
158	141	1.49576
158	183	3.05504
158	200	2.65904
158	234	3.03742
158	235	3.36016
158	245	3.65402
158	256	4.14567
158	263	4.08841
158	269	4.01033
158	296	5.20304
158	299	4.86713
158	300	5.60253
159	73	1.98311
159	112	1.034
159	161	1.7298
159	207	3.3279
159	229	1.8863
159	248	4.96807
159	264	3.4383
159	271	3.88398
159	276	5.72007
159	277	4.30181
159	279	4.1207
159	288	4.79617
159	292	5.69716
160	122	2.1107
160	182	3.26095
160	200	3.16078
160	221	3.10291
160	228	2.73228
160	237	3.59591
160	238	3.14924
160	239	3.82219
160	246	3.74845
160	255	4.02742
160	262	4.68176
160	269	4.43414
160	283	5.03879
161	41	3.06164
161	62	4.08597
161	69	3.07136
161	96	1.4436
161	128	4.54231
161	136	4.54231
161	150	4.13249
161	159	1.7298
161	268	3.76504
161	274	3.73674
161	276	4.31584
161	289	3.70956
161	293	4.75777
162	138	0.811399
162	178	2.95793
162	204	3.316
162	217	0.650372
162	272	3.5948
162	275	4.09838
162	280	3.25017
162	285	4.5949
162	289	4.36312
162	293	4.84048
162	297	5.11861
162	299	4.89369
162	300	4.47094
163	24	3.19968
163	25	1.2916
163	48	3.17897
163	80	3.35704
163	81	3.28761
163	88	1.92609
163	117	3.14286
163	177	4.84182
163	207	3.0347
163	222	5.62819
163	271	4.3498
163	278	4.56912
163	287	5.04978
164	37	2.73928
164	69	2.42275
164	71	2.81579
164	134	2.95172
164	149	4.46387
164	214	3.57469
164	215	2.84409
164	223	3.31753
164	240	3.35744
164	247	3.59713
164	248	5.21607
164	260	4.57683
164	281	4.92581
164	287	5.59099
165	35	3.11142
165	51	2.49543
165	75	2.85181
165	77	3.50627
165	81	2.34846
165	105	2.33005
165	115	3.051
165	135	4.18768
165	142	2.48531
165	195	5.01704
165	206	3.58377
165	211	4.13791
165	261	5.3042
165	274	7.96609
166	25	2.51961
166	33	1.48282
166	50	2.35488
166	60	2.59905
166	113	2.70243
166	118	3.34651
166	145	3.49428
166	183	3.44935
166	241	4.16343
166	242	5.66677
166	256	5.86641
166	269	4.18563
166	292	5.03965
166	293	5.50449
167	55	1.74569
167	67	2.70477
167	181	3.7725
167	187	2.19429
167	195	3.71501
167	206	3.24743
167	224	2.71914
167	232	2.71312
167	265	3.77604
167	273	5.26595
167	275	4.69855
167	278	4.76722
167	285	5.33419
167	286	5.7493
168	9	3.20581
168	41	2.98659
168	62	4.01092
168	69	2.99631
168	99	2.30597
168	111	2.39449
168	128	4.46726
168	136	4.46726
168	150	4.05745
168	180	2.8395
168	244	3.69054
168	272	4.61821
168	278	4.50717
168	282	5.8345
169	61	0.285559
169	68	2.513
169	126	2.73227
169	131	2.72701
169	222	3.3088
169	226	3.39412
169	233	3.78041
169	250	4.47543
169	251	4.25267
169	252	4.96218
169	253	4.35716
169	261	4.61068
169	266	4.91291
169	282	6.06969
170	56	0.539284
170	59	2.43288
170	88	1.82883
170	139	2.54235
170	196	2.67528
170	203	3.64472
170	229	4.56864
170	236	3.63754
170	268	4.7788
170	281	5.18876
170	282	4.82544
170	284	5.04827
170	287	5.34357
170	295	5.35935
171	81	2.66433
171	117	2.51958
171	125	3.23548
171	177	4.21855
171	179	3.61944
171	200	4.92961
171	221	2.66778
171	222	5.00491
171	223	3.43201
171	253	3.49193
171	255	3.19266
171	268	4.18406
171	286	4.72835
171	294	4.47824
172	5	1.12802
172	157	3.87426
172	185	2.71368
172	192	3.60988
172	201	3.03901
172	219	3.06258
172	245	3.57063
172	261	3.7969
172	265	4.34099
172	269	3.70793
172	275	5.26349
172	282	5.05445
172	289	3.97857
172	291	5.29279
173	10	1.94494
173	22	3.28269
173	25	2.33354
173	60	2.41299
173	62	2.91636
173	65	2.59763
173	86	2.77611
173	99	4.49755
173	113	2.51636
173	145	3.30821
173	198	5.25709
173	201	6.01065
173	242	5.4807
173	256	5.68034
173	257	7.11312
174	42	1.92331
174	108	3.62816
174	122	2.53227
174	124	3.08389
174	130	2.59429
174	196	4.37518
174	203	2.52437
174	218	2.57214
174	236	3.44569
174	252	4.18861
174	278	5.38997
174	286	4.94039
174	292	5.49642
174	298	5.06042
174	300	6.33683
175	52	1.45022
175	60	3.26309
175	77	3.9537
175	82	0.353652
175	88	3.03882
175	131	3.6665
175	150	3.09098
175	199	2.18708
175	237	3.41633
175	264	5.41168
175	282	5.08792
175	284	5.31075
175	287	5.60605
175	295	5.62183
175	300	6.62871
176	29	3.05749
176	95	3.57263
176	115	3.55412
176	124	2.7302
176	186	3.81857
176	202	3.7346
176	203	2.17068
176	235	3.22375
176	244	2.72997
176	250	5.12359
176	259	3.7524
176	286	4.58669
176	292	5.14272
176	297	6.20286
176	298	4.70672
177	81	3.0652
177	97	2.18256
177	113	1.62769
177	117	2.92045
177	151	4.57483
177	163	4.84182
177	171	4.21855
177	179	4.02031
177	214	2.78206
177	222	5.40578
177	229	4.34214
177	248	4.3511
177	280	3.97145
177	285	5.31618
177	289	4.49681
178	2	3.20342
178	6	2.55746
178	13	1.93422
178	57	2.29367
178	95	1.37767
178	135	1.87326
178	148	4.14527
178	162	2.95793
178	218	4.20891
178	225	4.61724
178	248	5.50987
178	262	5.22538
178	273	5.80048
178	274	5.65167
178	281	6.74138
179	25	2.16494
179	57	3.84438
179	80	2.53552
179	117	2.32134
179	118	3.56482
179	125	3.03724
179	151	3.97572
179	171	3.61944
179	177	4.02031
179	182	4.39116
179	200	4.73137
179	222	4.80667
179	226	4.66445
179	246	4.87866
179	248	5.54821
180	1	2.08776
180	7	2.70937
180	52	2.2294
180	78	1.35945
180	168	2.8395
180	186	3.35102
180	190	3.41087
180	227	3.92774
180	230	4.1136
180	245	4.46907
180	268	5.2299
180	269	4.90378
180	274	5.2016
180	282	5.86709
180	295	6.401
181	44	3.83748
181	48	2.26385
181	63	2.20506
181	112	2.52168
181	142	2.99981
181	167	3.7725
181	206	3.8144
181	214	4.34284
181	217	4.55155
181	223	4.08567
181	231	4.18441
181	234	4.94816
181	240	4.12559
181	247	4.36528
181	281	5.69396
181	292	6.29989
182	17	2.52996
182	70	2.94724
182	132	2.67115
182	135	2.93385
182	160	3.26095
182	179	4.39116
182	184	3.35832
182	194	3.35807
182	204	4.22173
182	213	3.9377
182	221	4.49881
182	228	4.90273
182	243	5.05454
182	246	4.97552
182	263	5.69197
182	264	5.26916
183	14	3.33971
183	85	3.45195
183	93	3.37845
183	147	1.7554
183	158	3.05504
183	166	3.44935
183	205	4.45108
183	211	4.05243
183	228	4.25519
183	235	4.04587
183	244	3.5521
183	253	4.4289
183	254	3.62328
183	259	4.57453
183	279	6.62662
183	292	5.96485
184	82	2.0803
184	131	1.82772
184	154	3.23823
184	182	3.35832
184	194	3.116
184	201	4.12303
184	204	3.97966
184	213	3.69563
184	221	4.25674
184	228	4.66066
184	243	4.81246
184	275	4.41737
184	276	4.70081
184	282	5.1704
184	293	5.14274
184	298	5.45214
185	22	1.92974
185	43	2.22587
185	71	3.05126
185	87	1.64047
185	97	3.283
185	172	2.71368
185	187	3.33053
185	205	3.30349
185	234	4.8289
185	240	4.60114
185	250	4.19334
185	268	5.11371
185	275	5.83479
185	279	6.13725
185	291	5.86408
185	294	5.94691
186	15	1.84587
186	35	1.64206
186	71	2.72415
186	126	3.11169
186	176	3.81857
186	180	3.35102
186	189	3.55619
186	193	4.03887
186	200	3.86721
186	202	4.45461
186	206	4.75637
186	230	5.0032
186	249	5.22947
186	259	4.95208
186	278	5.01869
186	298	6.62776
187	86	2.39298
187	98	3.13867
187	106	2.632
187	167	2.19429
187	185	3.33053
187	210	3.41108
187	224	3.90094
187	225	3.28517
187	253	4.00901
187	258	3.37575
187	265	4.95784
187	266	5.02417
187	268	5.15927
187	286	5.24543
187	291	5.90964
187	298	6.00328
188	45	2.72397
188	71	3.15091
188	134	3.28684
188	137	2.22049
188	198	0.857319
188	236	4.61112
188	239	2.08943
188	241	5.40405
188	246	4.88164
188	257	2.94539
188	272	4.25655
188	274	5.72409
188	289	5.02487
188	293	5.50223
188	297	5.78036
188	299	5.55544
189	18	3.01547
189	88	2.40542
189	116	3.14989
189	123	3.19815
189	133	2.55725
189	186	3.55619
189	190	3.44787
189	193	3.90944
189	199	4.47658
189	202	4.32518
189	206	4.62694
189	230	4.87377
189	232	4.46087
189	245	4.80347
189	249	5.10004
189	296	6.10295
190	45	2.35706
190	67	2.88523
190	111	3.08987
190	120	3.339
190	134	2.91993
190	138	3.99454
190	143	3.51834
190	146	3.6759
190	180	3.41087
190	189	3.44787
190	208	4.68254
190	209	4.66369
190	219	5.0319
190	264	4.80837
190	281	5.79543
190	293	6.37821
191	59	2.61966
191	136	2.64568
191	138	2.21526
191	155	1.87869
191	210	2.64017
191	232	3.124
191	246	3.32695
191	248	5.03369
191	250	3.46798
191	267	5.31223
191	268	4.38835
191	276	4.73297
191	278	5.1781
191	291	5.13873
191	292	5.76278
191	298	6.53702
192	17	2.60458
192	37	2.19715
192	89	2.30561
192	102	2.6598
192	145	2.58383
192	172	3.60988
192	245	3.68811
192	250	5.08954
192	252	2.64323
192	257	4.25896
192	270	4.1173
192	275	6.73098
192	278	6.79965
192	279	4.63605
192	295	5.30812
192	300	4.79146
193	33	2.58115
193	56	4.21827
193	70	2.0414
193	97	3.24775
193	107	3.10396
193	123	3.68084
193	135	2.70507
193	186	4.03887
193	189	3.90944
193	202	4.80786
193	216	4.1362
193	230	5.35645
193	243	3.99383
193	249	5.58272
193	260	4.39912
193	284	6.18788
194	26	2.58547
194	104	2.0005
194	152	2.73058
194	182	3.35807
194	184	3.116
194	201	4.12279
194	204	3.97942
194	213	3.69538
194	221	4.2565
194	228	4.66041
194	243	4.81222
194	257	5.12651
194	259	4.64554
194	264	4.44198
194	270	4.98485
194	279	5.5036
195	13	2.27752
195	19	1.63295
195	31	1.45612
195	63	3.85926
195	85	3.02435
195	95	1.72098
195	153	4.11846
195	165	5.01704
195	167	3.71501
195	225	4.96055
195	231	4.42776
195	248	5.85318
195	253	5.02236
195	273	6.14379
195	274	5.99498
195	277	4.77811
195	283	6.08309
196	56	1.84924
196	101	1.67968
196	109	2.50782
196	146	3.21009
196	149	4.92938
196	170	2.67528
196	174	4.37518
196	197	3.87998
196	199	3.23456
196	226	4.79783
196	227	4.19604
196	230	4.76648
196	237	4.4638
196	255	4.89138
196	269	5.55666
196	284	6.35822
196	295	6.6693
197	7	2.87241
197	59	3.63759
197	74	2.55363
197	125	2.97204
197	136	2.44587
197	196	3.87998
197	222	3.29458
197	237	4.35855
197	238	4.02571
197	242	3.27544
197	245	4.63212
197	258	3.70968
197	260	3.81671
197	286	5.57937
197	287	6.54827
197	290	5.87613
197	295	6.56405
198	36	0.67376
198	54	2.91528
198	61	2.57517
198	116	3.3389
198	173	5.25709
198	188	0.857319
198	239	2.51281
198	240	4.40431
198	251	5.11443
198	257	3.36877
198	263	5.3016
198	268	5.4559
198	272	4.67992
198	289	5.44825
198	294	6.02368
198	297	6.20374
198	299	5.97882
199	1	1.60538
199	7	2.22699
199	59	2.99216
199	81	3.22129
199	94	2.65003
199	146	3.7415
199	175	2.18708
199	189	4.47658
199	196	3.23456
199	204	5.89917
199	219	5.44272
199	233	4.96297
199	242	4.65455
199	282	5.38472
199	284	5.60755
199	287	5.90285
199	295	5.91863
200	48	3.66762
200	80	3.84569
200	81	3.77627
200	86	3.43792
200	117	3.63151
200	125	4.34741
200	152	3.45759
200	158	2.65904
200	160	3.16078
200	171	4.92961
200	179	4.73137
200	186	3.86721
200	203	4.61202
200	221	4.22981
200	222	6.11685
200	231	4.45936
200	280	5.16524
201	7	2.47572
201	30	2.55739
201	79	2.76947
201	98	2.32877
201	132	3.43587
201	133	3.49981
201	172	3.03901
201	173	6.01065
201	184	4.12303
201	194	4.12279
201	204	4.98645
201	206	4.25187
201	213	4.70241
201	227	4.6701
201	228	5.66744
201	243	5.81925
201	249	5.60675
201	267	6.28681
202	2	2.11365
202	53	2.96805
202	70	2.45713
202	88	3.30384
202	123	4.09657
202	176	3.7346
202	186	4.45461
202	189	4.32518
202	193	4.80786
202	207	3.40029
202	230	5.77219
202	232	4.43562
202	235	4.48436
202	249	5.99846
202	251	4.90018
202	260	4.02328
202	265	5.20181
202	300	5.88158
203	57	4.16541
203	58	1.02431
203	81	2.87753
203	90	2.91366
203	108	4.00168
203	170	3.64472
203	174	2.52437
203	176	2.17068
203	200	4.61202
203	211	4.31178
203	213	4.96113
203	226	4.98548
203	254	3.88264
203	265	6.03059
203	286	5.66818
203	290	6.58677
203	292	6.22421
203	298	5.78821
204	30	2.41402
204	46	3.45957
204	52	3.53522
204	77	3.2479
204	78	2.78752
204	140	3.52051
204	162	3.316
204	182	4.22173
204	184	3.97966
204	194	3.97942
204	199	5.89917
204	201	4.98645
204	213	4.55904
204	221	5.12016
204	233	5.23826
204	242	4.92985
204	243	5.67588
204	260	5.47111
205	21	2.57204
205	76	1.55649
205	87	1.65899
205	98	3.11163
205	183	4.45108
205	185	3.30349
205	228	3.62657
205	232	3.86788
205	236	4.37222
205	237	4.49021
205	246	4.07083
205	253	4.82135
205	265	4.9308
205	275	5.85331
205	276	5.47685
205	278	5.92197
205	289	5.458
205	298	6.81562
206	15	2.91662
206	33	3.29865
206	53	3.26981
206	70	2.75889
206	126	4.18244
206	165	3.58377
206	167	3.24743
206	181	3.8144
206	186	4.75637
206	189	4.62694
206	201	4.25187
206	226	4.16196
206	230	6.07395
206	244	4.12334
206	249	6.30022
206	259	4.87337
206	260	4.02854
206	296	6.08296
207	2	2.30402
207	54	2.55807
207	56	3.96392
207	83	3.45279
207	152	3.07464
207	154	4.45137
207	159	3.3279
207	163	3.0347
207	202	3.40029
207	214	4.64547
207	231	4.48703
207	235	4.60585
207	240	4.42822
207	247	4.66791
207	260	5.6476
207	281	5.99659
207	283	5.73174
207	288	6.59906
208	8	1.85223
208	19	1.6927
208	26	2.99736
208	87	2.11068
208	111	3.54519
208	120	3.79432
208	138	4.44986
208	143	3.97366
208	146	4.13122
208	190	4.68254
208	209	5.11902
208	219	5.48722
208	249	4.7311
208	266	5.65683
208	268	5.33381
208	276	5.88461
208	280	4.75296
208	290	6.17486
209	3	1.85004
209	22	3.37792
209	26	2.97852
209	111	3.52634
209	120	3.77548
209	138	4.43101
209	143	3.95482
209	146	4.11238
209	155	2.07225
209	190	4.66369
209	208	5.11902
209	210	3.69947
209	213	4.31914
209	219	5.46837
209	273	5.48937
209	275	5.6958
209	284	5.99883
209	294	5.72261
209	295	6.58503
210	46	2.24562
210	104	2.63793
210	139	3.23908
210	151	2.22413
210	187	3.41108
210	191	2.64017
210	209	3.69947
210	214	3.7053
210	246	4.13286
210	247	4.56753
210	261	5.23838
210	265	4.99283
210	266	5.79856
210	268	5.19426
210	269	5.14941
210	273	5.53646
210	275	5.91533
210	285	6.55098
210	291	5.94463
211	23	1.55574
211	45	4.30524
211	51	2.52895
211	73	2.61491
211	92	3.14488
211	142	2.74502
211	147	3.07438
211	153	4.20502
211	165	4.13791
211	183	4.05243
211	203	4.31178
211	212	4.85683
211	232	4.99503
211	245	5.33764
211	250	5.2272
211	267	5.87841
211	279	6.28558
211	286	6.7278
211	298	6.84783
212	4	1.85216
212	22	1.56398
212	49	1.257
212	55	2.14226
212	64	2.89518
212	79	4.43856
212	92	2.63031
212	211	4.85683
212	234	4.46315
212	248	5.08578
212	253	5.23331
212	256	5.3152
212	259	5.37894
212	267	5.36433
212	270	5.25274
212	286	6.21323
212	292	6.76926
212	297	5.79239
212	298	6.33326
213	79	2.34206
213	90	2.93843
213	113	3.17059
213	114	3.22155
213	132	3.00846
213	155	2.73901
213	182	3.9377
213	184	3.69563
213	194	3.69538
213	201	4.70241
213	203	4.96113
213	204	4.55904
213	209	4.31914
213	221	4.83612
213	228	5.24004
213	243	5.39184
213	287	6.26893
213	291	7.40024
213	294	6.38938
214	46	3.37439
214	77	3.39919
214	82	3.36456
214	136	2.84506
214	164	3.57469
214	177	2.78206
214	181	4.34284
214	207	4.64547
214	210	3.7053
214	215	4.63198
214	222	3.69377
214	223	5.10542
214	231	5.20415
214	240	5.14533
214	247	5.38503
214	254	4.51578
214	280	4.85342
214	282	6.45467
214	283	5.80286
215	1	3.28578
215	13	2.75746
215	54	2.54459
215	62	2.25384
215	94	2.94392
215	142	3.28895
215	153	4.74713
215	157	3.16007
215	164	2.84409
215	214	4.63198
215	224	5.46082
215	231	4.47355
215	240	4.41473
215	246	5.47242
215	247	4.65443
215	260	5.63412
215	281	5.98311
215	285	7.10705
215	296	7.17922
216	16	1.45757
216	67	1.59471
216	71	2.66583
216	75	1.7637
216	119	3.26676
216	193	4.1362
216	231	4.43648
216	233	4.27199
216	238	3.98742
216	242	3.96357
216	244	4.59964
216	262	5.51994
216	266	6.04624
216	267	5.07953
216	270	5.21483
216	271	5.19695
216	283	5.87697
216	296	6.46503
216	298	7.02534
216	300	6.86452
217	17	2.66775
217	44	0.3248
217	59	3.36884
217	68	3.44777
217	74	2.64389
217	162	0.650372
217	181	4.55155
217	236	4.8428
217	239	2.96761
217	248	5.78287
217	251	5.64259
217	252	4.47576
217	257	3.82357
217	272	5.13473
217	289	5.90305
217	291	7.28909
217	293	6.38041
217	294	6.47848
217	297	6.65854
217	299	6.43362
218	52	1.92773
218	68	1.80118
218	118	2.89742
218	139	1.91546
218	174	2.57214
218	178	4.20891
218	235	4.353
218	247	4.17399
218	253	4.73602
218	259	4.88166
218	261	4.84484
218	267	5.15935
218	271	4.55573
218	276	5.6328
218	281	5.49195
218	286	5.71595
218	290	6.63454
218	292	6.27197
218	298	5.83597
218	299	5.83168
219	22	3.74612
219	26	3.34672
219	37	3.55504
219	63	4.3778
219	111	3.89454
219	117	3.94472
219	120	4.14368
219	126	3.91601
219	135	3.32062
219	138	4.79921
219	143	4.32302
219	145	4.66534
219	146	4.48058
219	172	3.06258
219	190	5.0319
219	199	5.44272
219	208	5.48722
219	209	5.46837
219	250	5.65917
219	286	6.77732
220	11	2.51209
220	46	2.4302
220	57	3.7551
220	111	3.24049
220	121	1.94273
220	140	3.20067
220	146	2.98743
220	255	4.18985
220	259	5.28657
220	263	4.67465
220	267	4.40378
220	269	4.59657
220	270	4.53908
220	275	5.92748
220	276	6.21092
220	283	5.20122
220	284	6.23051
220	296	5.78928
220	297	6.16552
220	300	6.18876
221	77	3.52498
221	79	2.90318
221	132	3.56958
221	160	3.10291
221	171	2.66778
221	182	4.49881
221	184	4.25674
221	194	4.2565
221	200	4.22981
221	204	5.12016
221	213	4.83612
221	226	4.60327
221	228	5.80116
221	230	4.57192
221	234	4.86439
221	240	4.63663
221	241	5.33989
221	243	5.95296
221	258	4.36282
221	300	6.32815
222	14	2.66162
222	17	2.1477
222	48	3.74292
222	80	3.92099
222	117	3.70681
222	125	4.42272
222	147	3.65817
222	151	5.3612
222	163	5.62819
222	169	3.3088
222	171	5.00491
222	177	5.40578
222	179	4.80667
222	197	3.29458
222	200	6.11685
222	214	3.69377
222	263	5.30971
222	271	4.93774
222	284	6.0344
222	290	6.30505
222	298	6.76614
223	49	2.42248
223	54	3.01803
223	93	3.1533
223	104	3.43387
223	108	3.0982
223	117	4.16414
223	124	2.93182
223	142	3.76239
223	164	3.31753
223	171	3.43201
223	181	4.08567
223	214	5.10542
223	240	4.88817
223	244	5.32888
223	247	5.12786
223	256	6.48068
223	260	6.10756
223	266	6.77548
223	278	6.14551
223	281	6.45654
223	286	6.99674
224	55	2.86283
224	93	3.55851
224	115	4.17883
224	127	1.91041
224	131	3.23443
224	138	3.30254
224	153	1.73364
224	157	5.01597
224	167	2.71914
224	187	3.90094
224	215	5.46082
224	225	4.90618
224	232	4.41977
224	247	5.41415
224	252	4.81386
224	268	5.68412
224	270	6.28792
224	276	6.02874
224	285	7.04084
224	291	6.43449
224	293	7.31489
225	8	2.30694
225	19	3.54757
225	37	3.11053
225	38	2.66458
225	39	2.05353
225	75	2.79531
225	84	2.56888
225	87	2.5654
225	119	3.33207
225	129	4.86848
225	178	4.61724
225	187	3.28517
225	195	4.96055
225	224	4.90618
225	241	6.74306
225	273	8.05841
225	274	7.9096
225	285	6.55241
225	286	6.33281
225	293	6.78126
225	297	6.29393
226	47	2.43817
226	96	3.79812
226	100	2.11668
226	105	2.85336
226	116	2.61755
226	143	2.55837
226	152	2.95666
226	169	3.39412
226	179	4.66445
226	196	4.79783
226	203	4.98548
226	206	4.16196
226	221	4.60327
226	233	5.62631
226	237	5.09628
226	251	6.09857
226	252	6.80808
226	261	6.45658
226	266	6.75881
226	284	6.68994
226	300	6.75948
227	1	2.56687
227	20	3.13751
227	74	2.86969
227	106	1.75845
227	107	3.15161
227	109	2.29018
227	133	2.95549
227	180	3.92774
227	196	4.19604
227	201	4.6701
227	237	4.67461
227	245	4.94818
227	246	4.79439
227	269	5.33901
227	276	6.21594
227	282	6.3462
227	284	6.56903
227	287	6.86433
227	288	6.90106
227	292	6.19303
227	294	5.95932
227	295	6.88011
228	30	3.09502
228	77	3.92889
228	79	3.30709
228	127	3.04641
228	132	3.9735
228	160	2.73228
228	182	4.90273
228	183	4.25519
228	184	4.66066
228	194	4.66041
228	201	5.66744
228	205	3.62657
228	213	5.24004
228	221	5.80116
228	233	3.86637
228	243	6.35688
228	245	4.85417
228	283	5.68619
228	289	5.26211
228	290	6.15864
228	296	6.15364
228	300	5.95752
229	10	4.05188
229	34	2.72105
229	76	1.42756
229	91	2.05612
229	94	3.23019
229	112	3.83001
229	113	4.06974
229	121	4.13352
229	132	3.26084
229	156	1.8863
229	159	1.8863
229	170	4.56864
229	177	4.34214
229	254	6.07586
229	258	6.02834
229	264	6.23431
229	271	6.67998
229	277	7.09782
229	279	6.91671
229	281	7.4043
229	288	7.59217
229	299	7.74403
230	15	3.16345
230	53	3.51665
230	70	3.00572
230	88	3.85243
230	105	2.8769
230	126	4.42927
230	138	3.06859
230	180	4.1136
230	186	5.0032
230	189	4.87377
230	193	5.35645
230	196	4.76648
230	202	5.77219
230	206	6.07395
230	221	4.57192
230	243	4.46455
230	249	6.54705
230	252	4.57991
230	257	6.19563
230	262	4.98216
230	268	6.0882
230	272	5.89231
231	15	3.32334
231	46	3.21595
231	100	3.42669
231	108	3.19693
231	142	3.86112
231	143	2.35658
231	181	4.18441
231	195	4.42776
231	200	4.45936
231	207	4.48703
231	214	5.20415
231	215	4.47355
231	216	4.43648
231	240	4.9869
231	247	5.22659
231	260	6.20629
231	261	5.68062
231	272	5.72188
231	273	5.9787
231	280	5.33692
231	281	6.55527
231	292	6.44567
232	58	4.84416
232	62	2.30915
232	103	2.55456
232	141	3.42401
232	148	4.21233
232	167	2.71312
232	189	4.46087
232	191	3.124
232	202	4.43562
232	205	3.86788
232	211	4.99503
232	224	4.41977
232	240	5.34688
232	242	4.63884
232	246	4.61669
232	250	4.75773
232	268	5.67809
232	275	6.39917
232	285	7.03482
232	287	6.5722
232	289	6.34299
232	291	6.42847
233	7	2.01954
233	11	2.60526
233	61	2.51775
233	99	2.9265
233	100	2.50298
233	105	3.23966
233	152	3.34295
233	169	3.78041
233	199	4.96297
233	204	5.23826
233	216	4.27199
233	226	5.62631
233	228	3.86637
233	248	5.55209
233	251	6.48487
233	252	7.19437
233	254	4.83479
233	261	6.84287
233	266	7.1451
233	274	5.72499
233	292	6.28118
233	297	6.25869
234	1	3.32329
234	34	2.10737
234	47	3.44954
234	71	2.566
234	110	2.35287
234	140	3.7766
234	152	4.09217
234	158	3.03742
234	181	4.94816
234	185	4.8289
234	212	4.46315
234	221	4.86439
234	249	5.77797
234	262	5.42011
234	263	5.25057
234	265	6.34083
234	269	5.17249
234	270	5.115
234	282	7.40107
234	283	5.77714
234	296	6.3652
234	300	6.76469
235	45	4.29868
235	55	2.65027
235	62	2.35789
235	68	2.80648
235	92	3.13833
235	130	3.3446
235	143	2.88603
235	154	5.53544
235	158	3.36016
235	176	3.22375
235	183	4.04587
235	202	4.48436
235	207	4.60585
235	218	4.353
235	246	5.57647
235	254	4.9357
235	277	5.51083
235	280	7.66038
235	290	7.63984
235	294	6.74139
235	298	6.84128
235	299	7.1969
236	43	3.83011
236	66	1.02155
236	107	3.55662
236	124	4.733
236	137	3.68748
236	139	2.789
236	144	3.32914
236	170	3.63754
236	174	3.44569
236	188	4.61112
236	205	4.37222
236	217	4.8428
236	243	4.43959
236	244	4.73277
236	253	5.60957
236	257	6.17067
236	268	6.06324
236	277	5.12686
236	280	7.52862
236	289	6.00776
236	290	7.50809
236	297	6.56865
236	298	6.70952
237	7	3.45623
237	55	2.7219
237	80	3.22184
237	85	1.85011
237	93	3.41758
237	109	2.80627
237	116	4.06422
237	160	3.59591
237	175	3.41633
237	196	4.4638
237	197	4.35855
237	205	4.49021
237	226	5.09628
237	227	4.67461
237	245	5.21594
237	274	6.15293
237	277	5.24484
237	282	6.61396
237	284	6.83679
237	285	6.94511
237	287	7.13209
237	288	7.41714
237	295	7.14787
238	87	2.97201
238	92	3.94701
238	102	4.33291
238	120	2.77655
238	121	2.20666
238	140	3.46461
238	160	3.14924
238	197	4.02571
238	216	3.98742
238	242	4.4355
238	262	5.10813
238	263	4.93859
238	267	4.66772
238	268	6.19513
238	269	4.86051
238	270	4.80302
238	272	5.99924
238	283	5.46515
238	290	7.03618
238	294	6.48931
238	296	6.05322
238	299	6.94482
238	300	6.4527
239	72	3.37922
239	78	2.50554
239	79	5.55908
239	90	0.353902
239	103	4.59646
239	149	1.01552
239	156	3.89439
239	160	3.82219
239	188	2.08943
239	198	2.51281
239	217	2.96761
239	257	4.60088
239	272	5.91204
239	274	6.37921
239	276	6.95831
239	277	5.47112
239	280	5.82665
239	283	6.7761
239	289	6.68036
239	293	7.15772
239	294	7.25579
239	297	7.43585
239	299	7.21093
240	2	2.80389
240	12	2.8131
240	93	3.19322
240	98	2.27222
240	164	3.35744
240	181	4.12559
240	185	4.60114
240	198	4.40431
240	207	4.42822
240	214	5.14533
240	215	4.41473
240	221	4.63663
240	223	4.88817
240	231	4.9869
240	232	5.34688
240	247	5.16778
240	256	6.18114
240	260	6.14747
240	264	5.5758
240	265	6.11307
240	281	6.49646
240	287	6.32663
240	299	6.9026
241	35	2.92282
241	36	1.95405
241	49	2.8262
241	75	2.6632
241	84	2.43677
241	95	3.50348
241	98	2.97548
241	115	2.86239
241	129	4.73637
241	135	3.99907
241	147	5.05034
241	151	3.60477
241	166	4.16343
241	188	5.40405
241	221	5.33989
241	225	6.74306
241	248	7.63568
241	254	5.93769
241	257	6.9636
241	262	5.75013
241	273	7.9263
241	274	7.77749
241	294	7.15035
242	8	3.71371
242	10	3.68229
242	60	4.15034
242	65	4.33498
242	70	2.54584
242	86	4.51346
242	113	4.25371
242	118	4.8978
242	145	5.04556
242	155	5.6334
242	166	5.66677
242	173	5.4807
242	197	3.27544
242	199	4.65455
242	204	4.92985
242	216	3.96357
242	232	4.63884
242	238	4.4355
242	256	7.41769
242	268	5.44487
242	295	6.60146
242	296	6.28092
242	297	5.95028
242	300	6.08479
243	30	3.24682
243	47	2.64971
243	77	4.0807
243	79	3.4589
243	132	4.1253
243	137	2.04896
243	182	5.05454
243	184	4.81246
243	193	3.99383
243	194	4.81222
243	201	5.81925
243	204	5.67588
243	213	5.39184
243	221	5.95296
243	228	6.35688
243	230	4.46455
243	236	4.43959
243	261	5.34369
243	264	5.00374
243	283	5.94944
243	289	5.52537
243	290	6.4219
243	295	6.73744
243	300	6.22077
244	32	1.4337
244	51	2.02863
244	74	2.74076
244	116	3.96393
244	132	2.34743
244	168	3.69054
244	176	2.72997
244	183	3.5521
244	206	4.12334
244	216	4.59964
244	223	5.32888
244	236	4.73277
244	253	5.24755
244	259	5.39319
244	268	6.08093
244	279	6.56545
244	280	7.16661
244	283	6.44952
244	284	6.65132
244	286	6.22748
244	287	6.25465
244	290	7.14607
244	292	6.7835
244	298	6.3475
245	4	3.68716
245	9	2.532
245	56	2.60137
245	78	2.37989
245	85	2.12368
245	114	3.60604
245	158	3.65402
245	172	3.57063
245	180	4.46907
245	189	4.80347
245	192	3.68811
245	197	4.63212
245	211	5.33764
245	227	4.94818
245	228	4.85417
245	237	5.21594
245	255	5.74968
245	269	6.41496
245	275	7.00845
245	282	6.88753
245	284	7.11036
245	287	7.40566
245	295	7.42144
245	299	7.49077
246	14	3.53137
246	19	2.69265
246	64	3.23354
246	131	3.43136
246	160	3.74845
246	179	4.87866
246	182	4.97552
246	188	4.88164
246	191	3.32695
246	205	4.07083
246	210	4.13286
246	215	5.47242
246	227	4.79439
246	232	4.61669
246	235	5.57647
246	250	4.96068
246	262	5.22772
246	265	5.67962
246	268	5.88104
246	270	6.29952
246	275	6.60212
246	276	6.22566
246	283	6.70235
246	291	6.63142
247	15	3.70206
247	93	3.43291
247	95	4.17167
247	112	3.04618
247	134	3.83095
247	142	4.042
247	164	3.59713
247	181	4.36528
247	207	4.66791
247	210	4.56753
247	214	5.38503
247	215	4.65443
247	218	4.17399
247	223	5.12786
247	224	5.41415
247	231	5.22659
247	240	5.16778
247	252	4.7882
247	259	5.92295
247	260	6.38717
247	280	5.71565
247	281	6.73615
247	284	6.86689
247	294	6.59067
248	31	4.26336
248	36	2.97879
248	39	2.94616
248	49	2.97333
248	75	3.68794
248	84	3.46151
248	94	3.23915
248	95	4.52822
248	110	4.46032
248	115	3.88713
248	124	3.48268
248	159	4.96807
248	164	5.21607
248	177	4.3511
248	178	5.50987
248	179	5.54821
248	191	5.03369
248	195	5.85318
248	212	5.08578
248	217	5.78287
248	233	5.55209
248	241	7.63568
248	272	6.80741
248	273	8.95104
248	274	8.80223
249	15	3.38972
249	18	4.35037
249	33	3.77175
249	53	3.74291
249	70	3.23199
249	84	2.27068
249	88	4.0787
249	89	3.7435
249	101	4.26634
249	123	4.87143
249	126	4.65554
249	151	3.35039
249	186	5.22947
249	189	5.10004
249	193	5.58272
249	201	5.60675
249	202	5.99846
249	206	6.30022
249	208	4.7311
249	230	6.54705
249	234	5.77797
249	277	5.66541
249	279	7.08631
249	295	7.75839
249	298	7.90393
250	28	5.08351
250	37	2.20932
250	64	3.37457
250	67	4.1304
250	102	2.67197
250	119	4.17419
250	121	3.76982
250	138	3.61102
250	169	4.47543
250	176	5.12359
250	185	4.19334
250	191	3.46798
250	192	5.08954
250	211	5.2272
250	219	5.65917
250	232	4.75773
250	246	4.96068
250	260	5.41227
250	269	6.30452
250	275	6.74315
250	276	6.3667
250	278	6.81182
250	291	6.77245
250	296	7.46669
250	297	7.13605
251	3	2.39879
251	16	4.55446
251	32	3.7356
251	41	3.79388
251	47	3.29672
251	73	3.67688
251	88	3.91306
251	99	3.39876
251	100	2.97524
251	105	3.71192
251	116	3.4761
251	152	3.81521
251	169	4.25267
251	198	5.11443
251	202	4.90018
251	217	5.64259
251	226	6.09857
251	233	6.48487
251	252	7.66663
251	259	6.48949
251	260	5.64466
251	261	7.31513
251	266	7.61736
251	276	7.41383
251	285	7.62691
252	3	3.10829
252	19	2.05509
252	61	3.69952
252	95	3.57138
252	99	4.10826
252	100	3.68474
252	116	4.18561
252	152	4.52472
252	169	4.96218
252	174	4.18861
252	192	2.64323
252	217	4.47576
252	224	4.81386
252	226	6.80808
252	230	4.57991
252	233	7.19437
252	247	4.7882
252	251	7.66663
252	259	5.32266
252	261	8.02464
252	264	5.1191
252	266	8.32687
252	268	5.6962
252	274	5.66791
252	295	6.8528
252	296	6.53226
253	3	2.93397
253	6	2.2979
253	8	3.03079
253	9	2.30329
253	21	2.52528
253	134	4.31376
253	137	4.20226
253	169	4.35716
253	171	3.49193
253	183	4.4289
253	187	4.00901
253	195	5.02236
253	205	4.82135
253	212	5.23331
253	218	4.73602
253	236	5.60957
253	244	5.24755
253	254	5.31873
253	256	6.5406
253	280	8.0434
253	282	7.53277
253	286	7.10428
253	288	7.74829
253	293	7.5051
253	297	7.01778
253	298	7.2243
254	29	3.64605
254	30	2.75771
254	43	3.53927
254	51	2.09981
254	93	3.52237
254	137	3.39663
254	155	2.92982
254	183	3.62328
254	203	3.88264
254	214	4.51578
254	229	6.07586
254	233	4.83479
254	235	4.9357
254	241	5.93769
254	253	5.31873
254	259	5.46436
254	271	5.75975
254	273	6.34694
254	278	5.97908
254	280	7.23778
254	281	6.69597
254	286	6.29865
254	290	7.21725
254	292	6.85468
254	293	7.27875
254	298	6.41868
255	67	2.06107
255	78	2.31114
255	84	1.88199
255	106	4.14396
255	114	3.33945
255	122	3.41525
255	141	3.22411
255	160	4.02742
255	171	3.19266
255	196	4.89138
255	220	4.18985
255	245	5.74968
255	257	6.32053
255	262	5.9863
255	263	5.81676
255	267	5.5459
255	269	5.73869
255	270	5.6812
255	279	6.69762
255	283	6.34333
255	289	6.15762
255	292	6.741
255	295	7.36969
255	296	6.93139
255	298	7.51523
255	300	7.33088
256	8	3.91335
256	10	3.88193
256	23	3.62701
256	25	4.27053
256	46	4.00281
256	60	4.34998
256	61	4.35199
256	86	4.7131
256	90	4.07596
256	94	3.46857
256	97	5.56487
256	113	4.45335
256	118	5.09744
256	124	3.7121
256	145	5.2452
256	155	5.83304
256	158	4.14567
256	166	5.86641
256	173	5.68034
256	212	5.3152
256	223	6.48068
256	240	6.18114
256	242	7.41769
256	253	6.5406
256	264	6.65562
256	297	7.73814
257	6	3.53797
257	41	4.24279
257	69	4.31742
257	96	1.14256
257	98	3.43124
257	130	4.20931
257	135	4.39951
257	149	1.87148
257	154	1.79254
257	173	7.11312
257	188	2.94539
257	192	4.25896
257	194	5.12651
257	198	3.36877
257	217	3.82357
257	230	6.19563
257	236	6.17067
257	239	4.60088
257	241	6.9636
257	255	6.32053
257	272	6.768
257	289	7.53632
257	293	8.01367
257	294	8.11175
257	297	8.29181
257	299	8.06689
258	3	2.30071
258	18	2.06043
258	20	2.01456
258	72	2.50189
258	109	2.99358
258	119	2.74106
258	131	3.55682
258	133	2.74106
258	148	3.99188
258	187	3.37575
258	197	3.70968
258	221	4.36282
258	229	6.02834
258	261	5.64195
258	264	7.58035
258	271	8.02602
258	272	5.68321
258	274	5.85081
258	275	6.14647
258	276	6.42991
258	277	8.44386
258	279	8.26275
258	284	6.4495
258	286	6.42339
258	288	8.93822
258	297	6.38451
259	23	2.07785
259	42	4.23282
259	68	3.33514
259	75	2.87145
259	107	4.21704
259	132	3.09746
259	147	3.59648
259	157	3.64787
259	176	3.7524
259	183	4.57453
259	186	4.95208
259	194	4.64554
259	206	4.87337
259	212	5.37894
259	218	4.88166
259	220	5.28657
259	244	5.39319
259	247	5.92295
259	251	6.48949
259	252	5.32266
259	254	5.46436
259	279	7.31548
259	280	8.18904
259	286	7.24991
259	288	8.06688
259	292	7.80593
259	296	7.66701
260	20	3.45851
260	34	4.18813
260	50	3.82926
260	54	4.27733
260	63	4.22694
260	94	4.67666
260	108	4.3575
260	131	3.66385
260	164	4.57683
260	193	4.39912
260	197	3.81671
260	202	4.02328
260	204	5.47111
260	206	4.02854
260	207	5.6476
260	215	5.63412
260	223	6.10756
260	231	6.20629
260	240	6.14747
260	247	6.38717
260	250	5.41227
260	251	5.64466
260	266	6.30916
260	281	7.71584
260	285	6.75002
260	299	6.73582
260	300	6.62606
261	3	2.75679
261	32	3.83992
261	44	5.03284
261	47	3.65473
261	61	3.34802
261	98	3.08666
261	99	3.75676
261	100	3.33324
261	105	4.06992
261	116	3.83411
261	152	4.17321
261	165	5.3042
261	169	4.61068
261	172	3.7969
261	210	5.23838
261	218	4.84484
261	226	6.45658
261	231	5.68062
261	233	6.84287
261	243	5.34369
261	251	7.31513
261	252	8.02464
261	258	5.64195
261	266	7.97537
261	269	6.64123
261	288	8.20327
261	292	7.49525
262	13	2.51276
262	42	1.93316
262	67	2.71541
262	110	3.5734
262	130	3.63566
262	151	2.84706
262	156	3.58535
262	160	4.68176
262	178	5.22538
262	216	5.51994
262	230	4.98216
262	234	5.42011
262	238	5.10813
262	241	5.75013
262	246	5.22772
262	255	5.9863
262	264	5.52135
262	267	6.20024
262	269	6.39303
262	270	6.33554
262	276	6.64927
262	277	5.16208
262	281	6.50842
262	283	6.99767
262	285	6.86234
262	296	7.58574
262	298	7.4006
263	12	2.85806
263	16	2.40873
263	23	3.44448
263	76	3.09321
263	102	5.18797
263	105	3.8389
263	118	4.86562
263	121	3.56964
263	137	3.51832
263	156	4.53709
263	158	4.08841
263	182	5.69197
263	198	5.3016
263	220	4.67465
263	222	5.30971
263	234	5.25057
263	238	4.93859
263	255	5.81676
263	267	6.0307
263	269	6.22349
263	270	6.166
263	271	6.52394
263	283	6.82813
263	284	7.62059
263	285	7.81408
263	294	7.34438
263	296	7.4162
263	300	7.81568
264	12	3.28758
264	50	2.6564
264	76	2.97957
264	108	4.55865
264	109	3.19954
264	115	4.48407
264	119	2.94703
264	133	2.94703
264	148	4.19785
264	156	3.4383
264	159	3.4383
264	175	5.41168
264	182	5.26916
264	190	4.80837
264	194	4.44198
264	229	6.23431
264	240	5.5758
264	243	5.00374
264	252	5.1191
264	256	6.65562
264	258	7.58035
264	262	5.52135
264	271	8.23199
264	277	8.64983
264	278	6.32046
264	279	8.46871
264	288	9.14418
264	293	7.62013
265	17	3.3357
265	31	3.73281
265	35	3.4811
265	53	4.04775
265	83	3.84499
265	86	4.8565
265	108	5.09592
265	127	2.96731
265	141	4.19021
265	153	2.79054
265	167	3.77604
265	172	4.34099
265	187	4.95784
265	202	5.20181
265	203	6.03059
265	205	4.9308
265	210	4.99283
265	234	6.34083
265	240	6.11307
265	246	5.67962
265	268	6.74102
265	275	7.4621
265	276	7.08564
265	278	7.53077
265	280	6.58382
265	289	7.10918
265	291	7.49139
265	294	7.45884
266	3	3.05902
266	47	3.95696
266	53	4.41062
266	61	3.65025
266	70	4.6285
266	74	4.18736
266	99	4.05899
266	100	3.63547
266	105	4.37215
266	112	4.27722
266	116	4.13634
266	138	4.50791
266	144	4.79342
266	152	4.47545
266	155	4.17134
266	169	4.91291
266	187	5.02417
266	208	5.65683
266	210	5.79856
266	216	6.04624
266	223	6.77548
266	226	6.75881
266	233	7.1451
266	251	7.61736
266	252	8.32687
266	260	6.30916
266	261	7.97537
266	270	7.49329
267	6	3.5079
267	17	3.96554
267	82	5.21215
267	110	3.13299
267	111	4.86223
267	121	3.29877
267	130	3.19525
267	141	3.43805
267	149	6.32846
267	151	4.03045
267	191	5.31223
267	201	6.28681
267	211	5.87841
267	212	5.36433
267	216	5.07953
267	218	5.15935
267	220	4.40378
267	238	4.66772
267	255	5.5459
267	262	6.20024
267	263	6.0307
267	269	5.95262
267	270	5.89513
267	280	6.701
267	283	6.55726
267	287	7.45558
267	296	7.14533
267	299	8.03154
267	300	7.54481
268	87	3.4692
268	89	3.23814
268	98	4.92185
268	104	4.38612
268	120	3.78592
268	157	6.27429
268	161	3.76504
268	170	4.7788
268	171	4.18406
268	180	5.2299
268	185	5.11371
268	187	5.15927
268	191	4.38835
268	198	5.4559
268	208	5.33381
268	210	5.19426
268	224	5.68412
268	230	6.0882
268	232	5.67809
268	236	6.06324
268	238	6.19513
268	242	5.44487
268	244	6.08093
268	246	5.88104
268	252	5.6962
268	265	6.74102
268	271	6.67824
268	278	7.73219
268	285	8.29917
268	287	7.37823
269	21	3.93694
269	23	3.27266
269	51	3.83245
269	71	3.53891
269	110	3.32578
269	158	4.01033
269	160	4.43414
269	166	4.18563
269	172	3.70793
269	180	4.90378
269	196	5.55666
269	210	5.14941
269	220	4.59657
269	227	5.33901
269	234	5.17249
269	238	4.86051
269	245	6.41496
269	250	6.30452
269	255	5.73869
269	261	6.64123
269	262	6.39303
269	263	6.22349
269	267	5.95262
269	270	6.08792
269	279	7.3629
269	283	6.75005
269	296	7.33812
269	297	7.38379
269	298	8.18051
269	300	7.7376
270	89	4.31197
270	92	4.92215
270	113	4.24566
270	122	3.76448
270	130	3.33055
270	132	3.43676
270	133	4.46062
270	139	4.93382
270	141	3.57335
270	192	4.1173
270	194	4.98485
270	212	5.25274
270	216	5.21483
270	220	4.53908
270	224	6.28792
270	234	5.115
270	238	4.80302
270	246	6.29952
270	255	5.6812
270	262	6.33554
270	263	6.166
270	266	7.49329
270	267	5.89513
270	269	6.08792
270	275	7.43763
270	278	6.86333
270	283	6.69256
270	289	7.11479
270	296	7.28063
270	300	7.68011
271	18	2.71207
271	20	2.6662
271	60	3.95255
271	64	4.28645
271	76	3.42524
271	85	3.98809
271	109	3.64522
271	119	3.3927
271	121	3.81741
271	133	3.3927
271	148	4.64352
271	156	3.88398
271	159	3.88398
271	163	4.3498
271	216	5.19695
271	218	4.55573
271	222	4.93774
271	229	6.67998
271	254	5.75975
271	258	8.02602
271	263	6.52394
271	264	8.23199
271	268	6.67824
271	273	6.73917
271	275	6.94561
271	277	9.0955
271	279	8.91439
271	286	7.22253
271	288	9.58985
271	292	7.20614
272	14	2.00585
272	27	1.79605
272	80	4.04922
272	87	3.78548
272	89	4.15032
272	94	3.24445
272	100	4.51753
272	107	4.49508
272	144	2.44175
272	149	3.18264
272	150	4.1108
272	162	3.5948
272	168	4.61821
272	188	4.25655
272	198	4.67992
272	217	5.13473
272	230	5.89231
272	231	5.72188
272	238	5.99924
272	239	5.91204
272	248	6.80741
272	257	6.768
272	258	5.68321
272	273	7.06954
272	289	8.84748
272	290	7.84966
272	293	9.32483
272	294	9.42291
272	297	9.60297
272	298	8.31074
272	299	9.37804
273	25	3.68098
273	31	4.55398
273	35	4.23817
273	36	3.2694
273	39	3.23677
273	43	3.83857
273	52	4.11117
273	57	5.73484
273	84	3.75212
273	115	4.17774
273	118	5.08085
273	129	6.05172
273	135	5.31443
273	137	3.73355
273	143	3.70425
273	152	4.97693
273	167	5.26595
273	178	5.80048
273	195	6.14379
273	209	5.48937
273	210	5.53646
273	225	8.05841
273	231	5.9787
273	241	7.9263
273	248	8.95104
273	254	6.34694
273	271	6.73917
273	272	7.06954
273	274	9.09284
273	277	6.32905
273	295	8.42202
274	13	5.22658
274	19	4.582
274	36	3.12059
274	39	3.08796
274	40	4.78293
274	75	3.82974
274	84	3.60331
274	95	4.67003
274	110	4.63322
274	115	4.02893
274	130	4.07359
274	135	5.16562
274	140	4.00724
274	153	5.58017
274	161	3.73674
274	165	7.96609
274	178	5.65167
274	180	5.2016
274	188	5.72409
274	195	5.99498
274	225	7.9096
274	233	5.72499
274	237	6.15293
274	239	6.37921
274	241	7.77749
274	248	8.80223
274	252	5.66791
274	258	5.85081
274	273	9.09284
274	289	7.12073
274	292	7.70411
274	293	8.16894
275	11	3.68029
275	34	3.19857
275	38	4.34792
275	76	3.51487
275	89	3.95922
275	91	4.82553
275	103	4.53998
275	104	5.1072
275	142	4.41582
275	153	3.71304
275	162	4.09838
275	167	4.69855
275	172	5.26349
275	184	4.41737
275	185	5.83479
275	192	6.73098
275	205	5.85331
275	209	5.6958
275	210	5.91533
275	220	5.92748
275	232	6.39917
275	245	7.00845
275	246	6.60212
275	250	6.74315
275	258	6.14647
275	265	7.4621
275	270	7.43763
275	271	6.94561
275	276	8.00814
275	277	6.53548
275	281	7.88183
275	300	8.1118
276	11	3.30384
276	39	2.79504
276	40	2.5849
276	41	4.68616
276	98	5.26647
276	102	3.93696
276	103	4.16353
276	127	3.51335
276	130	4.65269
276	153	3.33659
276	159	5.72007
276	161	4.31584
276	184	4.70081
276	191	4.73297
276	205	5.47685
276	208	5.88461
276	218	5.6328
276	220	6.21092
276	224	6.02874
276	227	6.21594
276	239	6.95831
276	246	6.22566
276	250	6.3667
276	251	7.41383
276	258	6.42991
276	262	6.64927
276	265	7.08564
276	275	8.00814
276	278	8.07681
276	285	8.64379
276	287	7.92903
276	291	8.03744
276	296	8.59136
277	10	3.32565
277	20	3.08404
277	50	3.51991
277	67	3.76787
277	70	3.36909
277	72	3.57137
277	91	4.47164
277	112	6.24552
277	119	3.81054
277	133	3.81054
277	148	5.06135
277	156	4.30181
277	159	4.30181
277	195	4.77811
277	229	7.09782
277	235	5.51083
277	236	5.12686
277	237	5.24484
277	239	5.47112
277	249	5.66541
277	258	8.44386
277	262	5.16208
277	264	8.64983
277	271	9.0955
277	273	6.32905
277	275	6.53548
277	279	9.33222
277	281	6.67808
277	287	6.44184
277	288	10.0077
277	290	7.10917
277	293	7.26085
277	299	7.0178
278	5	4.31779
278	30	3.36926
278	40	3.03003
278	85	4.20742
278	89	4.02789
278	126	4.58054
278	127	3.95848
278	131	5.2825
278	145	5.32987
278	147	5.09173
278	153	3.78171
278	156	4.38446
278	163	4.56912
278	167	4.76722
278	168	4.50717
278	174	5.38997
278	186	5.01869
278	191	5.1781
278	192	6.79965
278	205	5.92197
278	223	6.14551
278	250	6.81182
278	254	5.97908
278	264	6.32046
278	265	7.53077
278	268	7.73219
278	270	6.86333
278	276	8.07681
278	282	7.91796
278	285	9.08892
278	287	7.07129
278	291	8.48256
278	295	8.05416
279	18	2.94879
279	50	3.33879
279	66	3.50936
279	72	3.39026
279	76	3.66196
279	84	3.35791
279	91	4.29052
279	109	3.88194
279	112	6.06441
279	119	3.62943
279	123	5.27973
279	125	5.62599
279	129	5.69103
279	133	3.62943
279	156	4.1207
279	159	4.1207
279	183	6.62662
279	185	6.13725
279	192	4.63605
279	194	5.5036
279	211	6.28558
279	229	6.91671
279	244	6.56545
279	249	7.08631
279	255	6.69762
279	258	8.26275
279	259	7.31548
279	264	8.46871
279	269	7.3629
279	271	8.91439
279	277	9.33222
279	280	7.10817
279	288	9.82658
280	6	4.21696
280	21	4.44433
280	23	3.85127
280	32	4.22955
280	39	1.66339
280	66	3.45538
280	110	4.08067
280	127	4.35247
280	128	4.00015
280	139	5.22284
280	147	5.3699
280	162	3.25017
280	177	3.97145
280	200	5.16524
280	208	4.75296
280	214	4.85342
280	231	5.33692
280	235	7.66038
280	236	7.52862
280	239	5.82665
280	244	7.16661
280	247	5.71565
280	253	8.0434
280	254	7.23778
280	259	8.18904
280	265	6.58382
280	267	6.701
280	279	7.10817
280	286	9.02333
280	287	6.79738
280	298	9.14335
280	299	7.37334
280	300	7.26358
281	2	4.37226
281	27	3.45756
281	34	4.53711
281	46	4.72551
281	48	4.10632
281	63	4.57592
281	83	5.52103
281	93	4.76159
281	94	5.02565
281	106	5.54532
281	108	4.70649
281	122	4.44983
281	126	5.29743
281	131	5.29218
281	164	4.92581
281	170	5.18876
281	178	6.74138
281	181	5.69396
281	190	5.79543
281	207	5.99659
281	215	5.98311
281	218	5.49195
281	223	6.45654
281	229	7.4043
281	231	6.55527
281	240	6.49646
281	247	6.73615
281	254	6.69597
281	260	7.71584
281	262	6.50842
281	275	7.88183
281	277	6.67808
281	300	8.25439
282	22	4.5019
282	42	4.0596
282	48	4.71676
282	52	4.64786
282	56	3.9994
282	73	4.14605
282	78	3.77791
282	82	3.55129
282	101	3.82984
282	106	3.6978
282	127	5.95372
282	135	5.31248
282	142	5.16885
282	157	5.04181
282	168	5.8345
282	169	6.06969
282	170	4.82544
282	172	5.05445
282	175	5.08792
282	180	5.86709
282	184	5.1704
282	199	5.38472
282	214	6.45467
282	227	6.3462
282	234	7.40107
282	237	6.61396
282	245	6.88753
282	253	7.53277
282	278	7.91796
282	283	8.59349
282	284	8.50838
282	287	8.80368
282	295	8.81946
283	8	4.09152
283	24	4.07385
283	34	3.2998
283	42	3.4078
283	67	3.07244
283	73	4.38695
283	87	4.34997
283	110	3.93043
283	129	5.57511
283	141	4.23548
283	160	5.03879
283	195	6.08309
283	207	5.73174
283	214	5.80286
283	216	5.87697
283	220	5.20122
283	228	5.68619
283	234	5.77714
283	238	5.46515
283	239	6.7761
283	243	5.94944
283	244	6.44952
283	246	6.70235
283	255	6.34333
283	262	6.99767
283	263	6.82813
283	267	6.55726
283	269	6.75005
283	270	6.69256
283	282	8.59349
283	289	7.51762
283	295	8.72969
283	296	7.94276
283	300	8.34225
284	3	4.1965
284	43	4.34803
284	66	3.59524
284	73	4.36888
284	74	5.03187
284	78	4.00074
284	82	3.77411
284	85	3.74453
284	97	5.40516
284	101	4.05267
284	104	4.75631
284	106	3.92063
284	114	5.22689
284	141	4.80044
284	170	5.04827
284	175	5.31075
284	193	6.18788
284	196	6.35822
284	199	5.60755
284	209	5.99883
284	220	6.23051
284	222	6.0344
284	226	6.68994
284	227	6.56903
284	237	6.83679
284	244	6.65132
284	245	7.11036
284	247	6.86689
284	258	6.4495
284	263	7.62059
284	282	8.50838
284	287	9.02651
284	290	8.61594
284	291	9.07993
284	295	9.04229
285	4	4.91446
285	5	4.88477
285	7	4.23464
285	11	4.31594
285	37	4.48641
285	40	3.597
285	59	5.35316
285	81	4.77549
285	87	4.82593
285	102	4.94906
285	103	5.17563
285	127	4.52546
285	128	5.34488
285	131	5.84948
285	136	5.37918
285	137	4.4365
285	139	5.73194
285	153	4.34869
285	162	4.5949
285	167	5.33419
285	177	5.31618
285	210	6.55098
285	215	7.10705
285	224	7.04084
285	225	6.55241
285	232	7.03482
285	237	6.94511
285	251	7.62691
285	260	6.75002
285	262	6.86234
285	263	7.81408
285	268	8.29917
285	276	8.64379
285	278	9.08892
285	291	9.04954
285	294	8.26256
286	25	4.16433
286	58	3.44033
286	66	2.51626
286	68	4.16943
286	103	5.93775
286	120	4.3302
286	123	5.3395
286	132	4.01529
286	133	5.03914
286	134	5.29368
286	137	5.18218
286	167	5.7493
286	171	4.72835
286	174	4.94039
286	176	4.58669
286	187	5.24543
286	197	5.57937
286	203	5.66818
286	211	6.7278
286	212	6.21323
286	218	5.71595
286	219	6.77732
286	223	6.99674
286	225	6.33281
286	244	6.22748
286	253	7.10428
286	254	6.29865
286	258	6.42339
286	259	7.24991
286	271	7.22253
286	280	9.02333
286	289	7.69331
286	290	9.00279
286	292	8.64022
286	294	8.04297
286	300	8.38872
287	1	5.02435
287	56	4.51753
287	61	4.49749
287	75	3.41871
287	76	3.42123
287	78	4.29604
287	82	4.06942
287	85	4.03984
287	90	4.22146
287	101	4.34797
287	106	4.21594
287	114	5.52219
287	152	5.08972
287	163	5.04978
287	164	5.59099
287	170	5.34357
287	175	5.60605
287	197	6.54827
287	199	5.90285
287	213	6.26893
287	227	6.86433
287	232	6.5722
287	237	7.13209
287	240	6.32663
287	244	6.25465
287	245	7.40566
287	267	7.45558
287	268	7.37823
287	276	7.92903
287	277	6.44184
287	278	7.07129
287	280	6.79738
287	282	8.80368
287	284	9.02651
287	295	9.33759
287	296	8.21428
288	9	4.23134
288	18	3.62426
288	20	3.57839
288	36	3.65828
288	39	3.48015
288	50	4.01426
288	51	5.39449
288	65	4.82747
288	68	5.90413
288	72	4.06572
288	76	4.33743
288	84	4.10931
288	91	4.96599
288	96	6.11899
288	101	6.10497
288	109	4.55741
288	119	4.30489
288	121	5.57959
288	133	4.30489
288	140	5.27145
288	148	5.55571
288	156	4.79617
288	159	4.79617
288	207	6.59906
288	227	6.90106
288	229	7.59217
288	237	7.41714
288	253	7.74829
288	258	8.93822
288	259	8.06688
288	261	8.20327
288	264	9.14418
288	271	9.58985
288	277	10.0077
288	279	9.82658
288	289	8.38494
289	5	4.30565
289	14	2.77417
289	29	2.37337
289	44	4.03755
289	83	3.82935
289	96	3.22204
289	144	3.21008
289	149	3.95096
289	154	3.87202
289	161	3.70956
289	162	4.36312
289	172	3.97857
289	177	4.49681
289	188	5.02487
289	198	5.44825
289	205	5.458
289	217	5.90305
289	228	5.26211
289	232	6.34299
289	236	6.00776
289	239	6.68036
289	243	5.52537
289	255	6.15762
289	257	7.53632
289	265	7.10918
289	270	7.11479
289	272	8.84748
289	274	7.12073
289	283	7.51762
289	286	7.69331
289	288	8.38494
289	293	10.0932
289	294	10.1912
289	296	7.98507
289	297	10.3713
289	299	10.1464
290	4	4.64172
290	23	3.83073
290	32	4.20901
290	36	3.26341
290	49	4.01558
290	51	4.80394
290	58	4.35892
290	66	3.43485
290	92	5.41987
290	109	4.67059
290	112	4.79524
290	113	5.12094
290	134	6.21228
290	139	5.2023
290	141	5.07109
290	143	4.48436
290	150	5.14774
290	156	5.53244
290	197	5.87613
290	203	6.58677
290	208	6.17486
290	218	6.63454
290	222	6.30505
290	228	6.15864
290	235	7.63984
290	236	7.50809
290	238	7.03618
290	243	6.4219
290	244	7.14607
290	254	7.21725
290	272	7.84966
290	277	7.10917
290	284	8.61594
290	286	9.00279
290	292	9.55882
290	296	8.8816
290	298	9.12282
291	33	5.4806
291	36	3.7274
291	40	2.99065
291	45	5.48112
291	64	5.04532
291	66	4.32988
291	78	4.60758
291	84	4.17842
291	87	4.21958
291	104	5.13649
291	111	6.08991
291	117	6.22123
291	124	4.9889
291	127	3.91911
291	134	6.04399
291	151	5.25813
291	153	3.74234
291	155	5.15335
291	172	5.29279
291	185	5.86408
291	187	5.90964
291	191	5.13873
291	210	5.94463
291	213	7.40024
291	217	7.28909
291	224	6.43449
291	232	6.42847
291	246	6.63142
291	250	6.77245
291	265	7.49139
291	276	8.03744
291	278	8.48256
291	284	9.07993
291	285	9.04954
291	294	8.80371
291	299	9.25922
291	300	9.14946
292	6	3.83385
292	12	4.39259
292	55	4.56925
292	58	3.99635
292	62	3.64307
292	66	3.07228
292	72	4.70411
292	75	3.77289
292	107	5.60735
292	120	4.31381
292	124	6.78373
292	147	4.9868
292	159	5.69716
292	166	5.03965
292	174	5.49642
292	176	5.14272
292	181	6.29989
292	183	5.96485
292	191	5.76278
292	203	6.22421
292	212	6.76926
292	218	6.27197
292	227	6.19303
292	231	6.44567
292	233	6.28118
292	244	6.7835
292	254	6.85468
292	255	6.741
292	259	7.80593
292	261	7.49525
292	271	7.20614
292	274	7.70411
292	286	8.64022
292	290	9.55882
292	293	8.72513
292	297	8.23781
292	298	8.76025
292	299	8.48209
293	14	3.25152
293	26	5.76362
293	31	4.76538
293	38	2.73249
293	44	4.51491
293	49	3.27907
293	55	4.73791
293	76	4.24024
293	90	3.7667
293	96	3.6994
293	109	4.82228
293	114	5.32359
293	122	5.0326
293	144	3.68743
293	149	4.42832
293	154	4.34937
293	161	4.75777
293	162	4.84048
293	166	5.50449
293	184	5.14274
293	188	5.50223
293	190	6.37821
293	217	6.38041
293	224	7.31489
293	225	6.78126
293	239	7.15772
293	253	7.5051
293	254	7.27875
293	257	8.01367
293	264	7.62013
293	272	9.32483
293	274	8.16894
293	277	7.26085
293	289	10.0932
293	292	8.72513
293	294	10.6686
293	297	10.8486
293	299	10.6237
294	13	3.91298
294	27	3.13981
294	29	2.94881
294	38	2.83057
294	44	4.61298
294	49	3.37714
294	78	3.59672
294	90	3.86478
294	96	3.79748
294	100	5.0076
294	114	4.62503
294	144	3.78551
294	149	4.5264
294	150	4.60087
294	154	4.44745
294	171	4.47824
294	185	5.94691
294	198	6.02368
294	209	5.72261
294	213	6.38938
294	217	6.47848
294	227	5.95932
294	235	6.74139
294	238	6.48931
294	239	7.25579
294	241	7.15035
294	247	6.59067
294	257	8.11175
294	263	7.34438
294	265	7.45884
294	272	9.42291
294	285	8.26256
294	286	8.04297
294	289	10.1912
294	291	8.80371
294	293	10.6686
294	297	10.9467
294	299	10.7218
295	28	5.70974
295	39	3.40083
295	47	5.42996
295	52	5.18177
295	73	4.67996
295	74	5.34295
295	82	4.0852
295	83	5.04142
295	85	4.05561
295	101	4.36375
295	106	4.23171
295	132	4.62759
295	137	4.82921
295	143	4.79991
295	146	5.68841
295	157	5.178
295	170	5.35935
295	175	5.62183
295	180	6.401
295	192	5.30812
295	196	6.6693
295	197	6.56405
295	199	5.91863
295	209	6.58503
295	227	6.88011
295	237	7.14787
295	242	6.60146
295	243	6.73744
295	245	7.42144
295	249	7.75839
295	252	6.8528
295	255	7.36969
295	273	8.42202
295	278	8.05416
295	282	8.81946
295	283	8.72969
295	284	9.04229
295	287	9.33759
296	5	5.19719
296	12	3.97269
296	16	3.52336
296	71	4.73162
296	80	5.08117
296	88	5.09059
296	98	4.15986
296	120	4.62197
296	121	4.68427
296	122	5.01468
296	123	5.63127
296	130	4.58075
296	141	4.82354
296	157	4.85746
296	158	5.20304
296	189	6.10295
296	206	6.08296
296	215	7.17922
296	216	6.46503
296	220	5.78928
296	228	6.15364
296	234	6.3652
296	238	6.05322
296	242	6.28092
296	250	7.46669
296	252	6.53226
296	255	6.93139
296	259	7.66701
296	262	7.58574
296	263	7.4162
296	267	7.14533
296	269	7.33812
296	270	7.28063
296	276	8.59136
296	283	7.94276
296	287	8.21428
296	289	7.98507
296	290	8.8816
296	300	8.93031
297	11	4.56189
297	27	3.31987
297	29	3.12887
297	38	3.01063
297	40	5.31664
297	49	3.5572
297	90	4.04483
297	96	3.97753
297	104	4.69133
297	107	5.19638
297	119	5.25346
297	128	5.08641
297	140	4.54094
297	144	3.96557
297	154	4.62751
297	162	5.11861
297	176	6.20286
297	188	5.78036
297	198	6.20374
297	212	5.79239
297	217	6.65854
297	220	6.16552
297	225	6.29393
297	233	6.25869
297	236	6.56865
297	239	7.43585
297	242	5.95028
297	250	7.13605
297	253	7.01778
297	256	7.73814
297	257	8.29181
297	258	6.38451
297	269	7.38379
297	272	9.60297
297	289	10.3713
297	292	8.23781
297	293	10.8486
297	294	10.9467
297	299	10.9019
298	4	3.84316
298	19	4.86553
298	21	3.62522
298	27	4.34974
298	42	5.18714
298	43	5.44484
298	55	4.13325
298	91	5.8603
298	105	5.29533
298	122	5.342
298	136	5.91743
298	139	4.40373
298	150	5.60883
298	174	5.06042
298	176	4.70672
298	184	5.45214
298	186	6.62776
298	187	6.00328
298	191	6.53702
298	203	5.78821
298	205	6.81562
298	211	6.84783
298	212	6.33326
298	216	7.02534
298	218	5.83597
298	222	6.76614
298	235	6.84128
298	236	6.70952
298	244	6.3475
298	249	7.90393
298	253	7.2243
298	254	6.41868
298	255	7.51523
298	262	7.4006
298	269	8.18051
298	272	8.31074
298	280	9.14335
298	290	9.12282
298	292	8.76025
299	14	3.30474
299	27	3.09494
299	29	2.90394
299	35	4.27063
299	38	2.78571
299	49	3.33228
299	54	5.41357
299	65	4.34123
299	75	3.99468
299	90	3.81991
299	99	5.44605
299	124	4.43356
299	144	3.74065
299	149	4.48153
299	154	4.40259
299	158	4.86713
299	162	4.89369
299	188	5.55544
299	198	5.97882
299	217	6.43362
299	218	5.83168
299	229	7.74403
299	235	7.1969
299	238	6.94482
299	239	7.21093
299	240	6.9026
299	245	7.49077
299	257	8.06689
299	260	6.73582
299	267	8.03154
299	272	9.37804
299	277	7.0178
299	280	7.37334
299	289	10.1464
299	291	9.25922
299	292	8.48209
299	293	10.6237
299	294	10.7218
299	297	10.9019
300	12	4.37217
300	16	3.92285
300	24	5.0614
300	67	4.05999
300	69	4.84992
300	121	5.08376
300	122	5.41416
300	130	4.98024
300	140	6.34171
300	142	4.78838
300	144	5.11032
300	155	4.48824
300	158	5.60253
300	162	4.47094
300	174	6.33683
300	175	6.62871
300	192	4.79146
300	202	5.88158
300	216	6.86452
300	220	6.18876
300	221	6.32815
300	226	6.75948
300	228	5.95752
300	234	6.76469
300	238	6.4527
300	242	6.08479
300	243	6.22077
300	255	7.33088
300	260	6.62606
300	263	7.81568
300	267	7.54481
300	269	7.7376
300	270	7.68011
300	275	8.1118
300	280	7.26358
300	281	8.25439
300	283	8.34225
300	286	8.38872
300	291	9.14946
300	296	8.93031
