1	59	2.9451
1	77	1.81625
1	78	2.56573
1	92	1.79194
1	136	2.35678
1	214	3.16379
1	218	3.83542
2	5	1.74045
2	50	1.74335
2	176	2.1418
2	185	1.73931
2	200	2.46517
2	282	3.10102
2	297	5.59929
3	71	2.15411
3	91	2.64973
3	140	2.76393
3	164	2.26918
3	169	3.12726
3	182	2.85631
3	285	2.7175
4	12	1.67796
4	148	2.00284
4	216	1.61975
4	221	1.62444
4	246	3.54385
4	278	3.70607
4	297	4.33598
5	2	1.74045
5	9	1.90124
5	17	2.04148
5	171	2.51026
5	224	3.07452
5	260	3.5975
5	265	3.72034
6	60	0.980009
6	154	2.47913
6	211	3.03404
6	222	0.843215
6	254	2.49633
6	283	4.15498
6	288	4.48965
7	126	3.64565
7	139	0.137042
7	165	1.90296
7	184	0.728107
7	249	2.80341
7	294	4.43713
7	300	4.85852
8	36	1.99917
8	65	1.54913
8	104	2.15134
8	167	2.58293
8	196	3.16146
8	213	3.51931
8	294	3.58515
9	5	1.90124
9	59	2.01518
9	71	2.20768
9	126	2.62873
9	140	2.8175
9	148	3.29508
9	186	3.63554
10	11	3.54278
10	112	1.42735
10	163	2.03179
10	214	2.01569
10	218	2.68732
10	244	3.03089
10	258	3.80295
11	10	3.54278
11	17	1.82945
11	88	1.20602
11	130	1.99638
11	192	2.02905
11	231	2.90136
11	278	4.99835
12	4	1.67796
12	171	1.66653
12	231	2.26965
12	257	3.11336
12	273	4.23667
12	287	2.39719
12	288	3.15612
13	137	2.80249
13	254	2.75089
13	267	2.39051
13	269	2.49581
13	271	2.63694
13	272	2.72054
13	277	2.72054
14	152	2.24378
14	215	3.32071
14	290	2.01397
14	292	2.42312
14	295	2.68292
14	296	2.81657
14	298	3.02906
15	93	1.70158
15	212	0.234012
15	257	3.88058
15	267	2.95595
15	271	3.20237
15	272	3.28597
15	277	3.28597
16	162	2.70054
16	172	1.76468
16	181	0.17674
16	202	2.82741
16	249	2.45503
16	291	4.05772
16	300	4.51013
17	5	2.04148
17	11	1.82945
17	115	3.12411
17	140	2.41409
17	170	2.50581
17	171	2.5703
17	257	4.01712
18	116	0.0556666
18	131	1.25463
18	150	0.73826
18	195	4.2973
18	255	2.89618
18	291	4.62152
18	294	4.65255
19	172	0.98228
19	249	1.67263
19	273	2.15693
19	291	3.27532
19	294	3.30635
19	299	3.39378
19	300	3.72773
20	42	1.81814
20	164	3.02895
20	173	3.0118
20	232	4.02751
20	238	4.10673
20	240	0.000191372
20	274	2.60979
21	173	1.09731
21	186	0.781225
21	246	2.59519
21	251	2.71523
21	266	3.24563
21	274	3.62691
21	294	4.47217
22	44	0.132085
22	181	2.40495
22	208	3.12647
22	250	1.69383
22	268	2.71078
22	289	4.05277
22	299	4.37472
23	49	2.03975
23	150	0.972722
23	208	1.80303
23	237	2.21041
23	263	3.09098
23	267	3.51298
23	294	4.88701
24	136	1.32961
24	188	2.42225
24	214	2.13662
24	244	3.15182
24	258	3.92389
24	273	1.73694
24	292	3.83103
25	146	1.56656
25	153	2.32356
25	181	0.710003
25	201	2.19801
25	249	3.44349
25	257	3.29084
25	291	5.04618
26	216	1.56921
26	225	1.84487
26	250	2.24589
26	261	2.36903
26	273	3.52555
26	278	3.65553
26	283	3.31496
27	33	0.333389
27	197	0.0268105
27	223	1.56724
27	286	3.56618
27	289	4.35792
27	296	3.99083
27	299	4.67987
28	134	0.830696
28	146	2.41999
28	199	3.12876
28	200	1.94468
28	247	3.0821
28	253	3.03254
28	274	4.07416
29	95	1.98734
29	152	2.61985
29	167	2.2807
29	196	2.85923
29	213	3.21707
29	266	1.83189
29	292	3.746
30	99	0.181407
30	219	0.6059
30	259	2.56704
30	261	2.38093
30	273	3.53746
30	297	4.29734
30	298	4.94661
31	74	3.73877
31	78	1.80918
31	292	2.32463
31	293	2.40802
31	295	2.58443
31	296	2.71808
31	298	2.93057
32	86	2.27494
32	94	2.25102
32	160	2.53949
32	162	2.92992
32	199	2.96881
32	231	2.57442
32	251	2.99368
33	27	0.333389
33	190	1.5757
33	196	0.832498
33	250	2.269
33	274	4.79822
33	286	3.83621
33	299	4.94989
34	52	2.75186
34	67	1.6241
34	177	1.1597
34	211	3.27182
34	229	3.67562
34	250	1.64647
34	257	4.39258
35	113	3.16093
35	179	2.35772
35	226	0.50736
35	236	0.959763
35	286	3.19721
35	289	3.98895
35	299	4.31089
36	8	1.99917
36	97	1.69124
36	101	3.54374
36	118	2.17098
36	133	1.73708
36	188	2.93164
36	258	4.43328
37	239	2.54226
37	242	3.00578
37	287	1.93025
37	290	2.13717
37	295	2.80612
37	296	2.93976
37	298	3.15225
38	94	1.10467
38	178	0.462688
38	224	1.89106
38	229	2.05666
38	263	4.43736
38	273	3.89694
38	297	4.65682
39	156	2.22533
39	163	2.40802
39	167	2.27198
39	174	1.94124
39	196	2.85051
39	213	3.20835
39	263	3.60345
40	111	1.83176
40	131	2.04132
40	173	2.55245
40	185	2.29292
40	205	2.89126
40	238	3.64738
40	264	3.26112
41	77	1.27655
41	121	2.32803
41	125	3.23327
41	145	1.84289
41	188	2.90972
41	218	3.29573
41	244	3.63929
42	20	1.81814
42	111	2.07105
42	131	2.28061
42	180	2.65215
42	205	3.13055
42	238	3.88668
42	268	4.65713
42	282	2.12645
43	53	0.930356
43	188	2.63832
43	204	2.6687
43	218	3.02433
43	244	3.36789
43	257	4.32065
43	258	4.13996
43	263	1.55681
44	22	0.132085
44	65	4.28996
44	196	2.63735
44	230	1.61101
44	233	1.06191
44	268	3.34275
44	289	4.68474
44	299	5.00669
45	208	0.138444
45	219	2.59663
45	225	1.75793
45	247	3.21916
45	248	2.85537
45	252	3.33809
45	266	3.82994
45	294	4.88701
46	106	0.542787
46	184	1.37839
46	201	2.20822
46	207	2.7953
46	232	3.99415
46	255	3.33105
46	263	3.29138
46	294	5.08741
47	56	1.46376
47	75	1.74854
47	88	3.39262
47	135	2.08984
47	205	3.03468
47	232	3.71157
47	238	3.7908
47	274	3.47452
48	183	0.146344
48	190	1.03839
48	212	3.47049
48	269	3.33838
48	281	2.85236
48	286	3.2989
48	289	4.09063
48	299	4.41258
49	23	2.03975
49	68	1.92009
49	86	2.46881
49	153	2.43046
49	160	2.73336
49	162	3.12379
49	199	3.16268
49	282	4.74845
50	2	1.74335
50	199	1.65684
50	204	1.8417
50	221	3.13165
50	224	3.07742
50	257	3.95999
50	261	3.92677
50	270	3.28981
51	203	0.971392
51	230	3.21088
51	244	2.59609
51	292	2.89963
51	293	2.98302
51	295	3.15944
51	296	3.29308
51	298	3.50557
52	34	2.75186
52	143	0.147178
52	184	0.803601
52	255	2.75626
52	263	2.71659
52	264	4.03341
52	291	4.4816
52	300	4.93401
53	43	0.930356
53	62	1.93058
53	121	1.14417
53	135	2.41027
53	205	3.35511
53	232	4.032
53	238	4.11123
53	267	4.70738
54	183	0.936324
54	187	0.240546
54	236	2.21251
54	250	2.88275
54	269	2.27699
54	281	4.00342
54	292	4.53196
54	299	5.56364
55	96	0.0204163
55	186	1.38222
55	228	4.04614
55	235	2.70033
55	246	3.19618
55	253	3.18628
55	266	3.84662
55	274	4.2279
56	47	1.46376
56	107	2.32598
56	135	2.14728
56	173	2.7533
56	180	2.61371
56	205	3.09212
56	232	3.76901
56	248	4.45661
57	66	2.83887
57	148	3.94774
57	215	0.52929
57	267	2.85965
57	269	2.96495
57	271	3.10607
57	272	3.18968
57	277	3.18968
58	201	1.39435
58	212	2.56692
58	223	1.23393
58	259	1.49611
58	261	2.74461
58	291	4.24252
58	294	4.27354
58	300	4.69493
59	1	2.9451
59	9	2.01518
59	91	2.63416
59	108	2.59861
59	148	3.22595
59	164	2.25362
59	169	3.11169
59	278	3.85018
60	6	0.980009
60	71	3.13787
60	240	1.15093
60	276	2.99525
60	280	3.32778
60	283	3.52527
60	288	3.85995
60	298	3.68312
61	88	4.70738
61	132	1.56732
61	241	0.0855786
61	246	3.10778
61	252	3.26637
61	265	2.07702
61	266	3.75822
61	274	4.1395
62	53	1.93058
62	180	2.7601
62	198	0.39644
62	205	3.2385
62	232	3.91539
62	238	3.99462
62	290	2.72146
62	298	3.68952
63	91	0.998498
63	189	1.67934
63	227	3.0203
63	234	2.7569
63	235	2.86143
63	259	3.58887
63	278	4.68926
63	293	3.04626
64	242	1.09304
64	267	2.7469
64	269	2.8522
64	271	2.99333
64	272	3.07693
64	277	3.07693
64	289	2.28541
64	300	4.51307
65	8	1.54913
65	44	4.28996
65	95	2.26184
65	129	2.44316
65	152	2.89435
65	156	2.50855
65	196	3.13373
65	213	3.49158
66	57	2.83887
66	68	2.64284
66	86	3.19156
66	94	3.16763
66	153	3.1532
66	182	3.68396
66	219	0.696004
66	268	3.23853
67	34	1.6241
67	96	1.29635
67	113	1.42295
67	142	2.03086
67	246	2.94588
67	253	3.83941
67	278	4.41754
67	297	5.04744
68	49	1.92009
68	66	2.64284
68	100	2.34816
68	160	2.75697
68	182	2.98483
68	191	1.27286
68	199	3.18629
68	300	5.53052
69	102	0.89267
69	151	0.807291
69	159	1.3267
69	207	1.78477
69	235	1.72146
69	291	6.18005
69	296	3.28087
69	300	6.63246
70	118	1.93808
70	133	1.50417
70	188	2.69874
70	205	1.60012
70	214	2.41311
70	218	3.08475
70	258	4.20038
70	286	5.18457
71	3	2.15411
71	9	2.20768
71	60	3.13787
71	83	3.63576
71	140	2.94086
71	148	3.41844
71	161	2.67198
71	164	2.44611
72	94	2.04223
72	194	1.5679
72	208	1.52407
72	221	4.73476
72	237	1.93145
72	249	2.97434
72	263	2.81202
72	300	5.02944
73	108	0.00332998
73	137	3.07979
73	226	1.20132
73	230	1.60918
73	268	3.34092
73	269	3.72519
73	289	4.68291
73	299	5.00486
74	31	3.73877
74	215	0.52929
74	222	3.02663
74	267	2.85965
74	269	2.96495
74	271	3.10607
74	272	3.18968
74	277	3.18968
75	47	1.74854
75	131	2.52695
75	132	3.04131
75	205	3.37689
75	218	1.36942
75	229	2.37547
75	232	4.05379
75	238	4.13302
76	150	0.774436
76	172	2.36466
76	255	2.93236
76	279	0.163908
76	284	2.88407
76	291	4.6577
76	295	3.74857
76	300	5.11011
77	1	1.81625
77	41	1.27655
77	112	2.22332
77	145	2.03045
77	204	3.12766
77	244	3.82685
77	258	4.59891
77	278	3.28914
77	290	4.82256
78	1	2.56573
78	31	1.80918
78	106	3.74248
78	216	2.11976
78	227	2.53712
78	235	2.37825
78	257	2.95279
78	273	4.0761
78	297	4.83598
79	159	1.07236
79	190	1.6271
79	230	1.60561
79	251	2.99603
79	268	3.33734
79	281	3.44107
79	286	3.8876
79	291	4.04074
79	299	5.00129
80	122	0.648388
80	206	1.51667
80	219	2.61821
80	251	3.32113
80	252	3.35967
80	266	3.85152
80	274	4.2328
80	280	4.61688
80	285	2.85638
81	143	0.0635882
81	172	1.70266
81	190	2.9056
81	249	2.39301
81	255	2.27036
81	271	5.20681
81	291	3.9957
81	294	4.02672
81	300	4.44811
82	139	3.85831
82	227	4.2335
82	287	2.03887
82	290	2.24578
82	292	2.65493
82	293	2.73832
82	295	2.91473
82	296	3.04838
82	298	3.26087
83	71	3.63576
83	128	0.776212
83	270	2.70646
83	275	2.93191
83	276	2.8836
83	280	3.21612
83	283	3.41362
83	288	3.7483
83	295	3.69917
84	217	3.06107
84	232	2.67629
84	238	2.34818
84	290	2.58557
84	292	2.99472
84	293	3.0781
84	295	3.25452
84	296	3.38817
84	298	3.60066
85	127	0.0598055
85	174	0.190288
85	214	3.59062
85	228	4.48986
85	250	2.29449
85	268	3.31144
85	281	3.41517
85	289	4.65343
85	299	4.97538
86	32	2.27494
86	49	2.46881
86	66	3.19156
86	162	3.69613
86	173	1.92535
86	182	3.53355
86	199	3.73501
86	256	1.73289
86	286	4.45228
87	177	2.1376
87	194	1.7713
87	223	1.77185
87	237	2.13486
87	248	1.5666
87	249	3.17774
87	294	4.81146
87	299	4.38279
87	300	5.23285
88	11	1.20602
88	47	3.39262
88	61	4.70738
88	195	1.23614
88	225	2.83631
88	229	2.67672
88	257	3.39368
88	260	3.03409
88	273	4.517
89	154	0.0955612
89	174	3.31033
89	215	1.31668
89	242	1.99318
89	253	4.78167
89	267	3.64704
89	271	3.89346
89	272	3.97707
89	277	3.97706
90	194	1.60298
90	201	1.76395
90	232	2.74142
90	249	3.00942
90	263	2.8471
90	264	1.97547
90	277	3.37281
90	291	4.61211
90	300	5.06452
91	3	2.64973
91	59	2.63416
91	63	0.998498
91	108	3.28673
91	126	3.24771
91	148	3.91406
91	161	3.1676
91	166	1.69687
91	259	5.38921
92	1	1.79194
92	112	2.199
92	155	1.94021
92	188	3.07296
92	218	3.45897
92	230	2.4865
92	244	3.80254
92	258	4.5746
92	272	3.66337
93	15	1.70158
93	144	0.2884
93	223	3.35719
93	236	1.64058
93	244	3.03652
93	281	3.4315
93	286	3.87803
93	289	4.66976
93	299	4.99171
94	32	2.25102
94	38	1.10467
94	66	3.16763
94	72	2.04223
94	153	2.97887
94	160	3.28177
94	182	3.50963
94	199	3.71109
94	295	4.95648
95	29	1.98734
95	65	2.26184
95	156	3.24899
95	167	3.29564
95	182	2.97866
95	196	3.87417
95	213	4.23202
95	225	2.52418
95	236	2.6052
96	55	0.0204163
96	67	1.29635
96	189	2.3082
96	191	2.6504
96	229	3.34787
96	230	3.56086
96	262	3.97906
96	269	4.52616
96	278	5.31812
97	36	1.69124
97	136	2.3974
97	145	2.42321
97	176	0.00784465
97	177	2.53445
97	204	3.52042
97	218	3.87605
97	258	4.99167
97	298	5.56725
98	215	1.03943
98	267	3.36979
98	269	3.47508
98	271	3.61621
98	272	3.69981
98	276	1.80918
98	277	3.69981
98	288	2.67514
98	291	3.61605
99	30	0.181407
99	124	2.73931
99	214	2.34792
99	221	2.44033
99	236	2.99515
99	259	3.42156
99	262	3.1829
99	278	4.52195
99	297	5.15186
100	68	2.34816
100	153	2.85852
100	160	3.16143
100	162	3.55186
100	182	3.38929
100	187	2.29365
100	188	1.28096
100	199	3.59074
100	273	4.51465
101	36	3.54374
101	204	0.715377
101	217	1.36265
101	247	3.14704
101	251	3.22742
101	252	3.26597
101	261	3.8527
101	266	3.75782
101	274	4.1391
102	69	0.89267
102	138	0.179576
102	187	0.922435
102	208	2.04636
102	269	2.98255
102	290	4.19984
102	291	5.09932
102	294	5.13034
102	300	5.55173
103	189	2.89752
103	210	0.866713
103	220	2.46588
103	242	2.13052
103	248	2.73829
103	267	3.78438
103	269	3.88967
103	272	4.1144
103	277	4.1144
104	8	2.15134
104	130	2.51471
104	134	1.22455
104	156	3.11076
104	163	3.29345
104	196	3.73594
104	213	4.09379
104	230	2.10959
104	295	4.77839
105	109	1.30874
105	132	2.0258
105	147	1.66193
105	210	3.8399
105	222	2.49907
105	251	3.6863
105	252	3.72485
105	253	3.55635
105	274	4.59797
106	46	0.542787
106	78	3.74248
106	139	1.22583
106	150	1.98983
106	151	0.500339
106	193	4.34936
106	194	2.86396
106	291	5.87309
106	294	5.90412
107	56	2.32598
107	231	4.31552
107	255	1.45439
107	284	2.0822
107	290	2.76805
107	293	3.26058
107	295	3.437
107	296	3.57064
107	298	3.78314
108	59	2.59861
108	73	0.00332998
108	91	3.28673
108	126	3.21216
108	161	3.13205
108	164	2.90618
108	169	3.76426
108	212	3.96602
108	266	4.17476
109	105	1.30874
109	132	2.10205
109	201	3.10635
109	212	3.26163
109	251	3.76255
109	252	3.8011
109	253	3.63261
109	266	4.29295
109	270	1.7501
110	210	0.550006
110	245	3.17853
110	267	3.46767
110	269	3.57297
110	271	3.71409
110	272	3.7977
110	274	3.41893
110	277	3.7977
110	280	1.574
111	40	1.83176
111	42	2.07105
111	131	2.75359
111	161	0.82026
111	171	3.28763
111	205	3.60353
111	232	4.28042
111	238	4.35965
111	296	3.99786
112	10	1.42735
112	77	2.22332
112	92	2.199
112	204	3.88687
112	214	3.57086
112	218	4.24249
112	244	4.58606
112	253	2.40955
112	270	2.58552
112	280	4.49885
113	35	3.16093
113	67	1.42295
113	170	2.68013
113	179	2.26817
113	211	3.07067
113	257	4.19143
113	258	2.04255
113	259	4.34433
113	261	4.15822
113	283	4.29149
114	143	2.37874
114	166	0.839754
114	236	3.00468
114	241	2.09285
114	256	2.69065
114	265	4.13251
114	270	3.68393
114	275	3.90939
114	280	4.1936
114	288	4.72577
115	17	3.12411
115	139	1.05928
115	144	0.903451
115	226	1.80323
115	233	1.66198
115	266	5.30666
115	268	3.94282
115	281	4.04655
115	286	4.49308
115	289	5.28482
116	18	0.0556666
116	119	0.788867
116	157	1.68767
116	188	3.43264
116	220	1.87321
116	239	2.54837
116	282	4.36192
116	291	5.46214
116	294	5.49316
116	300	5.91455
117	132	1.75175
117	142	1.92132
117	225	2.49734
117	257	3.05471
117	259	3.20761
117	262	2.96894
117	273	4.17802
117	278	4.308
117	286	3.11648
117	292	4.63256
118	36	2.17098
118	70	1.93808
118	133	2.77521
118	136	2.87714
118	145	2.90295
118	204	4.00016
118	258	5.47142
118	284	2.36233
118	298	3.70866
118	300	3.43182
119	116	0.788867
119	152	1.43889
119	208	2.66047
119	223	2.70484
119	237	3.06785
119	239	2.79966
119	263	3.94841
119	282	2.65184
119	297	5.40116
119	300	6.16583
120	170	2.38756
120	206	2.23875
120	262	4.85211
120	284	2.49839
120	285	0.945458
120	287	2.97733
120	293	3.67678
120	295	3.85319
120	296	3.98684
120	298	4.19933
121	41	2.32803
121	53	1.14417
121	254	1.96654
121	270	2.91803
121	275	3.14348
121	276	3.09517
121	280	3.42769
121	283	3.62519
121	288	3.95987
121	290	6.01928
122	80	0.648388
122	141	0.0494412
122	254	2.44463
122	275	3.62157
122	276	3.57326
122	277	3.57874
122	280	3.90579
122	283	4.10329
122	286	5.25448
122	288	4.43796
123	231	3.68266
123	237	1.61664
123	240	1.49498
123	256	2.16888
123	267	4.18324
123	275	3.38762
123	276	3.33931
123	280	3.67183
123	283	3.86933
123	288	4.20401
124	99	2.73931
124	261	3.84574
124	262	2.91083
124	284	2.23482
124	287	2.71375
124	290	2.92066
124	292	3.32981
124	293	3.4132
124	295	3.58962
124	298	3.93575
125	41	3.23327
125	219	3.55186
125	243	2.68617
125	284	2.21573
125	287	2.69466
125	290	2.90157
125	292	3.31072
125	293	3.39411
125	296	3.70417
125	298	3.91666
126	7	3.64565
126	9	2.62873
126	91	3.24771
126	108	3.21216
126	140	3.36191
126	161	3.09303
126	164	2.86716
126	169	3.72524
126	171	4.66172
126	226	1.1781
127	85	0.0598055
127	129	0.362535
127	141	1.46881
127	159	2.91028
127	230	2.3354
127	268	4.06713
127	281	4.17086
127	289	5.40913
127	297	5.10603
127	299	5.73108
128	83	0.776212
128	268	4.43982
128	272	4.26423
128	284	2.23482
128	287	2.71375
128	290	2.92066
128	292	3.32981
128	293	3.4132
128	295	3.58962
128	298	3.93575
129	65	2.44316
129	127	0.362535
129	174	1.15848
129	197	1.17848
129	245	2.4585
129	268	4.27963
129	281	4.38336
129	286	4.82989
129	292	4.6324
129	299	5.94357
130	11	1.99638
130	104	2.51471
130	152	3.28545
130	156	2.89965
130	163	3.08234
130	167	2.9463
130	196	3.52483
130	213	3.88267
130	221	2.92128
130	265	4.59256
131	18	1.25463
131	40	2.04132
131	42	2.28061
131	75	2.52695
131	111	2.75359
131	173	3.47427
131	197	2.28664
131	232	4.48998
131	238	4.56921
131	300	5.9554
132	61	1.56732
132	75	3.04131
132	105	2.0258
132	109	2.10205
132	117	1.75175
132	190	4.70214
132	217	2.61484
132	247	4.39922
132	248	4.03543
132	274	5.39128
133	36	1.73708
133	70	1.50417
133	118	2.77521
133	158	1.23343
133	171	4.52142
133	204	3.56626
133	214	3.25025
133	244	4.26545
133	258	5.03751
133	271	3.7465
134	28	0.830696
134	104	1.22455
134	193	2.5435
134	200	2.5905
134	219	3.1054
134	235	5.7046
134	248	3.36414
134	252	3.84686
134	253	3.67837
134	274	4.71998
135	47	2.08984
135	53	2.41027
135	56	2.14728
135	173	3.37937
135	180	3.23979
135	184	1.05783
135	232	4.39508
135	238	4.47431
135	252	2.61798
135	291	5.78745
136	1	2.35678
136	24	1.32961
136	97	2.3974
136	118	2.87714
136	168	1.15983
136	204	3.66819
136	244	4.36738
136	251	4.04567
136	258	5.13944
136	297	4.31775
137	13	2.80249
137	73	3.07979
137	253	3.60394
137	284	2.12018
137	287	2.59911
137	292	3.21518
137	293	3.29856
137	295	3.47498
137	296	3.60862
137	298	3.82112
138	102	0.179576
138	146	1.24043
138	249	3.11736
138	263	2.95504
138	285	1.2129
138	291	4.72005
138	292	4.69446
138	294	4.75108
138	296	3.60365
138	300	5.17246
139	7	0.137042
139	82	3.85831
139	106	1.22583
139	115	1.05928
139	201	2.89127
139	237	3.09386
139	239	2.82567
139	280	4.57755
139	294	5.77046
139	300	6.19184
140	3	2.76393
140	9	2.8175
140	17	2.41409
140	71	2.94086
140	126	3.36191
140	161	3.2818
140	164	3.05593
140	169	3.91401
140	198	3.14806
140	278	3.93966
141	122	0.0494412
141	127	1.46881
141	166	1.20859
141	243	2.51523
141	251	5.25245
141	275	4.27822
141	276	4.22991
141	282	2.77522
141	283	4.75994
141	288	5.09461
142	67	2.03086
142	117	1.92132
142	178	2.4884
142	185	2.82256
142	211	3.67858
142	225	4.24197
142	236	1.2661
142	259	4.95224
142	280	3.26126
142	292	4.98232
143	52	0.147178
143	81	0.0635882
143	114	2.37874
143	208	2.99932
143	215	3.58344
143	220	2.46335
143	255	4.32693
143	264	3.5288
143	291	6.05227
143	294	6.0833
144	93	0.2884
144	115	0.903451
144	190	3.23461
144	195	3.12006
144	202	1.67766
144	250	3.92791
144	275	4.53735
144	282	1.83713
144	286	5.49512
144	299	6.6088
145	41	1.84289
145	77	2.03045
145	97	2.42321
145	118	2.90295
145	214	3.37799
145	244	4.39319
145	258	5.16525
145	264	0.621149
145	274	5.33418
145	297	3.56112
146	25	1.56656
146	28	2.41999
146	138	1.24043
146	172	4.61404
146	175	1.2043
146	220	3.31815
146	223	3.89849
146	239	3.99331
146	240	3.41411
146	271	3.90803
146	291	6.90708
147	105	1.66193
147	153	4.85515
147	240	1.78087
147	243	1.91051
147	245	4.50418
147	256	2.45477
147	270	3.44805
147	275	3.6735
147	276	3.62519
147	283	4.15522
147	288	4.48989
148	4	2.00284
148	9	3.29508
148	57	3.94774
148	59	3.22595
148	71	3.41844
148	91	3.91406
148	161	3.75938
148	164	3.53351
148	169	4.39159
148	220	2.26938
148	285	2.73366
149	210	1.05981
149	212	1.25554
149	227	1.077
149	242	2.32362
149	245	4.68942
149	267	3.97748
149	269	4.08277
149	271	4.2239
149	272	4.3075
149	277	4.3075
149	297	5.21414
150	18	0.73826
150	23	0.972722
150	76	0.774436
150	106	1.98983
150	184	2.82543
150	235	3.93269
150	255	4.77809
150	256	2.34743
150	266	4.66879
150	291	6.50343
150	300	6.95584
151	69	0.807291
151	106	0.500339
151	223	2.00536
151	234	3.3144
151	249	3.41125
151	255	3.2886
151	260	3.22395
151	289	4.41653
151	291	5.01394
151	294	5.04497
151	300	5.46635
152	14	2.24378
152	29	2.61985
152	65	2.89435
152	119	1.43889
152	130	3.28545
152	156	3.8815
152	163	4.06419
152	167	3.92815
152	213	4.86452
152	254	3.89669
152	285	3.36711
153	25	2.32356
153	49	2.43046
153	66	3.1532
153	94	2.97887
153	100	2.85852
153	147	4.85515
153	160	3.26734
153	162	3.65777
153	166	3.75117
153	182	3.4952
153	199	3.69666
154	6	2.47913
154	89	0.0955612
154	193	0.756036
154	210	1.79004
154	242	3.05385
154	245	4.13923
154	261	4.36795
154	269	4.813
154	271	4.95413
154	272	5.03773
154	277	5.03773
155	92	1.94021
155	191	4.08941
155	260	4.92684
155	284	2.19471
155	287	2.67364
155	290	2.88056
155	292	3.28971
155	293	3.37309
155	295	3.54951
155	296	3.68315
155	298	3.89565
156	39	2.22533
156	65	2.50855
156	95	3.24899
156	104	3.11076
156	130	2.89965
156	152	3.8815
156	167	3.54235
156	196	4.12088
156	250	3.45765
156	281	2.62088
156	293	4.86319
157	116	1.68767
157	212	1.40694
157	242	2.47502
157	267	4.12888
157	269	4.23417
157	271	4.3753
157	272	4.4589
157	277	4.4589
157	278	2.81626
157	281	1.93493
157	291	4.51081
158	133	1.23343
158	241	1.95301
158	243	2.00655
158	254	2.5926
158	256	2.55081
158	259	4.17742
158	267	5.53114
158	270	3.54409
158	280	4.05376
158	283	4.25126
158	288	4.58593
159	69	1.3267
159	79	1.07236
159	127	2.91028
159	194	2.52422
159	201	2.68519
159	220	1.94443
159	237	2.88778
159	239	2.61959
159	294	5.56438
159	297	6.966
159	300	5.98576
160	32	2.53949
160	49	2.73336
160	68	2.75697
160	94	3.28177
160	100	3.16143
160	153	3.26734
160	182	3.7981
160	199	3.99956
160	202	1.21184
160	252	3.4288
160	293	6.2647
161	71	2.67198
161	91	3.1676
161	108	3.13205
161	111	0.82026
161	126	3.09303
161	140	3.2818
161	148	3.75938
161	164	2.78705
161	169	3.64513
161	218	3.639
161	275	6.49342
162	16	2.70054
162	32	2.92992
162	49	3.12379
162	86	3.69613
162	100	3.55186
162	153	3.65777
162	182	4.18854
162	199	4.38999
162	201	3.79214
162	229	2.52362
162	238	1.91896
163	10	2.03179
163	39	2.40802
163	104	3.29345
163	130	3.08234
163	152	4.06419
163	167	3.72504
163	196	4.30357
163	213	4.66141
163	246	1.06067
163	248	2.09113
163	292	5.76456
164	3	2.26918
164	20	3.02895
164	59	2.25362
164	71	2.44611
164	108	2.90618
164	126	2.86716
164	140	3.05593
164	148	3.53351
164	161	2.78705
164	169	3.41926
164	204	7.92064
165	7	1.90296
165	200	2.68485
165	206	2.09821
165	246	3.78262
165	247	3.82228
165	251	3.90266
165	266	4.43306
165	268	2.85227
165	274	4.81434
165	275	3.0218
165	283	3.17348
166	91	1.69687
166	114	0.839754
166	141	1.20859
166	153	3.75117
166	209	1.79853
166	270	4.62
166	275	4.84545
166	276	4.79714
166	281	2.12167
166	283	5.32716
166	288	5.66184
166	294	4.90595
167	8	2.58293
167	29	2.2807
167	39	2.27198
167	95	3.29564
167	130	2.9463
167	152	3.92815
167	156	3.54235
167	163	3.72504
167	213	4.52537
167	257	4.2161
167	286	3.55567
167	300	4.72527
168	136	1.15983
168	186	3.23591
168	210	4.04896
168	248	3.97958
168	284	2.63976
168	287	3.11869
168	290	3.32561
168	292	3.73476
168	293	3.81815
168	295	3.99456
168	296	4.12821
168	298	4.3407
169	3	3.12726
169	59	3.11169
169	108	3.76426
169	126	3.72524
169	140	3.91401
169	148	4.39159
169	161	3.64513
169	164	3.41926
169	195	1.89962
169	240	1.94532
169	295	4.46373
169	299	4.15795
170	17	2.50581
170	113	2.68013
170	120	2.38756
170	173	3.07246
170	175	1.83579
170	192	2.70541
170	198	2.4148
170	231	3.57772
170	251	5.19422
170	259	4.57432
170	262	4.33566
170	297	6.30462
171	5	2.51026
171	12	1.66653
171	17	2.5703
171	111	3.28763
171	126	4.66172
171	133	4.52142
171	185	2.50913
171	224	3.60334
171	227	4.07024
171	231	3.6422
171	260	4.12632
171	262	4.40014
172	16	1.76468
172	19	0.98228
172	76	2.36466
172	81	1.70266
172	146	4.61404
172	180	0.780323
172	208	5.0407
172	216	2.72276
172	220	4.50473
172	289	3.74539
172	294	8.12468
172	296	5.22871
173	20	3.0118
173	21	1.09731
173	40	2.55245
173	56	2.7533
173	86	1.92535
173	131	3.47427
173	135	3.37937
173	170	3.07246
173	180	3.84581
173	232	5.00111
173	238	5.08034
173	272	6.3737
174	39	1.94124
174	85	0.190288
174	89	3.31033
174	129	1.15848
174	200	2.14407
174	233	2.58223
174	236	3.17589
174	250	3.84613
174	273	5.08432
174	286	5.41334
174	289	6.20507
174	299	6.52702
175	146	1.2043
175	170	1.83579
175	197	1.01887
175	223	3.66603
175	226	1.98042
175	233	1.83917
175	268	4.12001
175	281	4.22374
175	284	5.76446
175	286	4.67027
175	289	5.46201
175	299	5.78396
176	2	2.1418
176	97	0.00784465
176	191	2.94401
176	195	2.20089
176	231	3.51473
176	235	3.7839
176	254	3.84844
176	260	3.99884
176	262	4.27267
176	279	2.66429
176	297	6.24163
176	299	5.94318
177	34	1.1597
177	87	2.1376
177	97	2.53445
177	203	0.869377
177	241	2.44999
177	254	3.08959
177	270	4.04108
177	275	4.26653
177	280	4.55074
177	283	4.74824
177	288	5.08292
177	290	6.64366
178	38	0.462688
178	142	2.4884
178	191	2.20737
178	225	3.06442
178	241	1.69606
178	259	3.77469
178	260	3.2622
178	261	3.58858
178	273	4.74511
178	294	5.60772
178	296	5.18507
178	297	5.50499
179	35	2.35772
179	113	2.26817
179	192	2.29345
179	198	2.00285
179	229	3.29251
179	259	4.16237
179	262	3.9237
179	265	2.44649
179	275	3.33659
179	278	5.26276
179	294	4.36671
179	297	5.89266
180	42	2.65215
180	56	2.61371
180	62	2.7601
180	135	3.23979
180	172	0.780323
180	173	3.84581
180	205	4.18462
180	221	2.66126
180	232	4.86152
180	238	4.94075
180	279	2.78479
180	294	6.25276
181	16	0.17674
181	22	2.40495
181	25	0.710003
181	190	1.44471
181	220	2.46159
181	237	3.40494
181	239	3.13675
181	257	5.46622
181	263	4.28551
181	283	4.77528
181	291	6.05052
181	294	6.08154
181	300	6.50293
182	3	2.85631
182	66	3.68396
182	68	2.98483
182	86	3.53355
182	94	3.50963
182	95	2.97866
182	100	3.38929
182	153	3.4952
182	160	3.7981
182	162	4.18854
182	184	3.51117
182	199	4.22742
182	242	4.70132
183	48	0.146344
183	54	0.936324
183	187	1.36171
183	189	2.78256
183	230	3.28912
183	234	2.62049
183	236	3.33367
183	262	3.41667
183	281	5.12458
183	286	5.57111
183	289	6.36285
183	290	5.25907
183	299	6.6848
184	7	0.728107
184	46	1.37839
184	52	0.803601
184	135	1.05783
184	150	2.82543
184	182	3.51117
184	194	3.69956
184	255	4.98336
184	263	4.94369
184	279	2.71781
184	291	6.7087
184	294	6.73972
184	298	6.7843
185	2	1.73931
185	40	2.29292
185	142	2.82256
185	171	2.50913
185	213	0.634727
185	225	3.39858
185	257	3.95595
185	260	3.59636
185	262	3.87019
185	273	5.07927
185	288	5.08529
185	297	5.83915
185	299	6.04552
186	9	3.63554
186	21	0.781225
186	55	1.38222
186	168	3.23591
186	206	2.40164
186	217	2.34133
186	246	4.08606
186	247	4.12571
186	248	3.76192
186	253	4.07615
186	266	4.73649
186	274	5.11777
186	299	7.18578
187	54	0.240546
187	100	2.29365
187	102	0.922435
187	183	1.36171
187	189	4.63083
187	190	2.61483
187	250	3.30813
187	266	6.23091
187	268	4.32508
187	281	4.42881
187	286	4.87534
187	289	5.66707
187	299	5.98902
188	24	2.42225
188	36	2.93164
188	41	2.90972
188	43	2.63832
188	70	2.69874
188	92	3.07296
188	100	1.28096
188	116	3.43264
188	214	4.44481
188	231	4.79182
188	244	5.46001
188	258	6.23208
188	287	4.55593
189	63	1.67934
189	96	2.3082
189	103	2.89752
189	183	2.78256
189	187	4.63083
189	224	3.29354
189	225	3.61873
189	227	3.76044
189	229	3.45914
189	231	3.3324
189	255	3.74426
189	273	5.29942
189	297	6.0593
190	33	1.5757
190	48	1.03839
190	79	1.6271
190	81	2.9056
190	132	4.70214
190	144	3.23461
190	181	1.44471
190	187	2.61483
190	197	3.17284
190	233	3.99314
190	287	5.00654
190	289	7.61598
190	299	7.93792
191	68	1.27286
191	96	2.6504
191	155	4.08941
191	176	2.94401
191	178	2.20737
191	192	2.80229
191	221	3.68997
191	224	3.63574
191	225	3.96093
191	255	2.65431
191	257	4.5183
191	288	6.03849
191	297	6.4015
192	11	2.02905
192	170	2.70541
192	179	2.29345
192	191	2.80229
192	211	3.09595
192	230	2.85743
192	237	1.67115
192	261	4.1835
192	262	4.13095
192	278	5.47
192	284	4.66174
192	293	4.86758
192	297	6.09991
193	106	4.34936
193	134	2.5435
193	154	0.756036
193	210	2.02948
193	212	2.22521
193	215	2.61679
193	242	3.29329
193	249	2.52342
193	267	4.94715
193	269	5.05244
193	271	5.19357
193	272	5.27717
193	277	5.27717
193	300	6.30232
194	72	1.5679
194	87	1.7713
194	90	1.60298
194	106	2.86396
194	159	2.52422
194	184	3.69956
194	237	4.73199
194	239	4.4638
194	263	5.61255
194	270	2.95123
194	271	4.00965
194	276	3.90218
194	280	4.86456
194	300	7.82997
195	18	4.2973
195	88	1.23614
195	144	3.12006
195	169	1.89962
195	176	2.20089
195	227	3.35953
195	235	3.20065
195	254	6.39257
195	259	3.92809
195	260	3.4156
195	261	3.74198
195	273	4.8985
195	278	5.02848
195	297	5.65839
196	8	3.16146
196	29	2.85923
196	33	0.832498
196	39	2.85051
196	44	2.63735
196	65	3.13373
196	95	3.87417
196	104	3.73594
196	130	3.52483
196	156	4.12088
196	163	4.30357
196	213	5.10391
196	238	4.46695
196	299	7.76103
197	27	0.0268105
197	129	1.17848
197	131	2.28664
197	175	1.01887
197	190	3.17284
197	224	4.39937
197	228	4.98067
197	236	3.19589
197	268	4.88308
197	281	4.98681
197	282	4.04639
197	286	5.43334
197	289	6.22508
197	299	6.54703
198	62	0.39644
198	140	3.14806
198	170	2.4148
198	179	2.00285
198	221	3.09777
198	224	3.04354
198	227	3.51044
198	229	3.20915
198	235	3.35157
198	273	5.04942
198	278	5.1794
198	281	5.64497
198	287	6.521
198	297	5.8093
199	28	3.12876
199	32	2.96881
199	49	3.16268
199	50	1.65684
199	68	3.18629
199	86	3.73501
199	94	3.71109
199	100	3.59074
199	153	3.69666
199	160	3.99956
199	162	4.38999
199	182	4.22742
199	271	4.61679
199	291	6.3162
200	2	2.46517
200	28	1.94468
200	134	2.5905
200	165	2.68485
200	174	2.14407
200	211	1.83369
200	235	4.77556
200	247	4.84191
200	248	4.47812
200	251	4.9223
200	252	4.96084
200	253	4.79235
200	254	4.47379
200	266	5.45269
201	25	2.19801
201	46	2.20822
201	58	1.39435
201	90	1.76395
201	109	3.10635
201	139	2.89127
201	159	2.68519
201	162	3.79214
201	213	3.91395
201	220	3.9496
201	226	4.89732
201	255	5.81319
201	263	5.77352
201	300	7.99094
202	16	2.82741
202	144	1.67766
202	160	1.21184
202	226	2.57744
202	233	2.43619
202	236	3.02984
202	250	3.70009
202	265	3.60875
202	268	4.71703
202	274	6.321
202	276	3.51369
202	281	4.82076
202	286	5.26729
202	289	6.05903
202	299	6.38098
203	51	0.971392
203	177	0.869377
203	217	3.56193
203	240	2.6253
203	241	2.7014
203	243	2.75494
203	256	3.29919
203	270	4.29248
203	275	4.51793
203	276	4.46962
203	280	4.80214
203	283	4.99964
203	288	5.33432
203	292	7.00035
203	296	5.90954
204	43	2.6687
204	50	1.8417
204	77	3.12766
204	97	3.52042
204	101	0.715377
204	112	3.88687
204	118	4.00016
204	133	3.56626
204	136	3.66819
204	164	7.92064
204	214	4.4752
204	233	2.74763
204	244	5.4904
204	258	6.26246
204	277	4.1858
205	40	2.89126
205	42	3.13055
205	47	3.03468
205	53	3.35511
205	56	3.09212
205	62	3.2385
205	70	1.60012
205	75	3.37689
205	111	3.60353
205	180	4.18462
205	232	5.33992
205	238	5.41915
205	278	4.78847
205	289	4.78545
205	296	6.26877
206	80	1.51667
206	120	2.23875
206	165	2.09821
206	186	2.40164
206	219	3.63274
206	246	4.21561
206	247	4.25526
206	248	3.89147
206	251	4.33565
206	253	4.2057
206	266	4.86604
206	272	4.92327
206	274	5.24732
206	287	4.39025
206	296	5.87585
207	46	2.7953
207	69	1.78477
207	216	3.8413
207	238	3.28675
207	279	1.75861
207	280	5.71701
207	284	3.60888
207	285	2.05595
207	287	4.08781
207	290	4.29473
207	292	4.70388
207	293	4.78726
207	295	4.96368
207	296	5.09732
207	298	5.30982
208	22	3.12647
208	23	1.80303
208	45	0.138444
208	72	1.52407
208	102	2.04636
208	119	2.66047
208	143	2.99932
208	172	5.0407
208	216	3.44664
208	223	4.32516
208	263	5.56873
208	283	5.4968
208	288	5.22592
208	291	7.33374
208	294	7.36477
209	166	1.79853
209	222	2.03811
209	224	1.98827
209	243	3.10517
209	254	3.69122
209	256	3.64943
209	257	5.17813
209	270	4.64271
209	275	4.86816
209	276	4.81985
209	277	2.84197
209	280	5.15238
209	283	5.34988
209	288	5.68455
209	293	4.82366
209	297	4.3846
210	103	0.866713
210	105	3.8399
210	110	0.550006
210	149	1.05981
210	154	1.79004
210	168	4.04896
210	193	2.02948
210	212	3.25922
210	232	5.03286
210	242	4.3273
210	267	5.98116
210	269	6.08645
210	271	6.22758
210	272	6.31118
210	277	6.31118
210	289	6.28192
211	6	3.03404
211	34	3.27182
211	113	3.07067
211	142	3.67858
211	192	3.09595
211	200	1.83369
211	216	3.97894
211	224	3.9294
211	229	4.09501
211	231	3.96826
211	235	4.23744
211	239	1.98849
211	261	4.77876
211	290	5.83035
211	297	6.69517
211	300	6.52156
212	15	0.234012
212	48	3.47049
212	58	2.56692
212	108	3.96602
212	109	3.26163
212	149	1.25554
212	157	1.40694
212	193	2.22521
212	210	3.25922
212	237	5.93071
212	242	4.52302
212	267	6.17689
212	269	6.28218
212	271	6.42331
212	272	6.50691
212	277	6.50691
213	8	3.51931
213	29	3.21707
213	39	3.20835
213	65	3.49158
213	95	4.23202
213	104	4.09379
213	130	3.88267
213	152	4.86452
213	163	4.66141
213	167	4.52537
213	185	0.634727
213	196	5.10391
213	201	3.91395
213	268	4.32427
213	293	4.98196
213	299	5.33485
214	1	3.16379
214	10	2.01569
214	24	2.13662
214	70	2.41311
214	85	3.59062
214	99	2.34792
214	112	3.57086
214	133	3.25025
214	145	3.37799
214	188	4.44481
214	204	4.4752
214	218	4.83083
214	244	5.17439
214	258	5.94645
214	278	5.52556
214	300	7.75018
215	14	3.32071
215	57	0.52929
215	74	0.52929
215	89	1.31668
215	98	1.03943
215	143	3.58344
215	193	2.61679
215	242	4.9146
215	244	4.09053
215	252	3.87957
215	263	4.3061
215	267	6.56846
215	269	6.67375
215	271	6.81488
215	272	6.89848
215	277	6.89848
216	4	1.61975
216	26	1.56921
216	78	2.11976
216	172	2.72276
216	207	3.8413
216	208	3.44664
216	211	3.97894
216	221	4.27136
216	225	4.54233
216	229	4.38274
216	259	5.2526
216	261	5.06649
216	262	5.01393
216	279	4.72723
216	282	4.46486
216	297	6.98289
217	84	3.06107
217	101	1.36265
217	132	2.61484
217	186	2.34133
217	203	3.56193
217	219	3.57242
217	220	5.07586
217	246	4.1553
217	247	4.19495
217	248	3.83116
217	251	4.27534
217	252	4.31389
217	253	4.14539
217	266	4.80573
217	274	5.18701
217	286	7.50561
218	1	3.83542
218	10	2.68732
218	41	3.29573
218	43	3.02433
218	70	3.08475
218	75	1.36942
218	92	3.45897
218	97	3.87605
218	112	4.24249
218	161	3.639
218	214	4.83083
218	228	4.4432
218	244	5.84603
218	249	3.78203
218	258	6.61809
218	261	5.96224
219	30	0.6059
219	45	2.59663
219	66	0.696004
219	80	2.61821
219	125	3.55186
219	134	3.1054
219	206	3.63274
219	217	3.57242
219	245	5.87587
219	246	5.31715
219	248	4.99302
219	251	5.43719
219	252	5.47574
219	259	4.8561
219	266	5.96759
219	274	6.34886
219	287	5.47337
220	103	2.46588
220	116	1.87321
220	143	2.46335
220	146	3.31815
220	148	2.26938
220	159	1.94443
220	172	4.50473
220	181	2.46159
220	201	3.9496
220	217	5.07586
220	223	3.78919
220	239	3.884
220	260	4.74756
220	272	6.47088
220	291	6.79777
220	294	6.8288
220	300	7.25018
221	4	1.62444
221	50	3.13165
221	72	4.73476
221	99	2.44033
221	130	2.92128
221	180	2.66126
221	191	3.68997
221	198	3.09777
221	216	4.27136
221	227	4.68873
221	231	4.26068
221	235	4.52986
221	260	4.7448
221	273	6.22771
221	278	6.35768
221	279	4.06434
221	283	6.65387
222	6	0.843215
222	74	3.02663
222	105	2.49907
222	209	2.03811
222	239	2.63569
222	241	3.26849
222	243	3.32204
222	254	3.90809
222	256	3.86629
222	269	5.26026
222	270	4.85958
222	274	7.6391
222	275	5.08503
222	276	5.03672
222	280	5.36924
222	283	5.56674
222	288	5.90142
223	27	1.56724
223	58	1.23393
223	87	1.77185
223	93	3.35719
223	119	2.70484
223	146	3.89849
223	151	2.00536
223	175	3.66603
223	208	4.32516
223	220	3.78919
223	239	4.46435
223	242	4.52969
223	249	5.77542
223	255	5.65277
223	263	5.6131
223	290	7.90803
223	300	7.83052
224	5	3.07452
224	38	1.89106
224	50	3.07742
224	171	3.60334
224	189	3.29354
224	191	3.63574
224	197	4.39937
224	198	3.04354
224	209	1.98827
224	211	3.9294
224	228	4.95039
224	242	3.99857
224	260	4.69057
224	261	5.01695
224	262	4.9644
224	278	6.30345
224	297	6.93336
224	299	7.55736
225	26	1.84487
225	45	1.75793
225	88	2.83631
225	95	2.52418
225	117	2.49734
225	142	4.24197
225	178	3.06442
225	185	3.39858
225	189	3.61873
225	191	3.96093
225	216	4.54233
225	234	4.98661
225	257	5.37536
225	259	5.52826
225	262	5.28959
225	269	6.40791
225	284	7.24692
225	297	7.25856
226	35	0.50736
226	73	1.20132
226	115	1.80323
226	126	1.1781
226	175	1.98042
226	201	4.89732
226	202	2.57744
226	230	4.1129
226	233	3.56379
226	250	4.82769
226	251	5.25419
226	268	5.84464
226	276	4.49202
226	281	5.94836
226	286	6.3949
226	289	7.18663
226	298	7.10582
226	299	7.50858
227	63	3.0203
227	78	2.53712
227	82	4.2335
227	149	1.077
227	171	4.07024
227	189	3.76044
227	195	3.35953
227	198	3.51044
227	221	4.68873
227	231	4.67336
227	235	4.94253
227	258	2.87826
227	261	5.48385
227	272	4.63039
227	273	6.64038
227	275	4.97552
227	278	6.77035
227	283	5.1272
228	55	4.04614
228	85	4.48986
228	197	4.98067
228	218	4.4432
228	224	4.95039
228	264	1.52017
228	265	1.52018
228	279	2.5081
228	282	2.25501
228	284	4.35837
228	285	2.80544
228	287	4.8373
228	290	5.04422
228	292	5.45337
228	293	5.53675
228	295	5.71317
228	296	5.84682
228	298	6.05931
229	34	3.67562
229	38	2.05666
229	75	2.37547
229	88	2.67672
229	96	3.34787
229	162	2.52362
229	179	3.29251
229	189	3.45914
229	198	3.20915
229	211	4.09501
229	216	4.38274
229	235	4.64124
229	256	4.67799
229	261	5.18256
229	273	6.33908
229	279	4.77734
229	297	7.09897
229	300	8.56699
230	44	1.61101
230	51	3.21088
230	73	1.60918
230	79	1.60561
230	92	2.4865
230	96	3.56086
230	104	2.10959
230	127	2.3354
230	183	3.28912
230	192	2.85743
230	226	4.1129
230	233	3.97165
230	268	6.25249
230	281	6.35622
230	286	6.80275
230	289	7.59449
230	295	8.68838
230	299	7.91644
231	11	2.90136
231	12	2.26965
231	32	2.57442
231	107	4.31552
231	123	3.68266
231	170	3.57772
231	171	3.6422
231	176	3.51473
231	188	4.79182
231	189	3.3324
231	211	3.96826
231	221	4.26068
231	227	4.67336
231	259	5.24192
231	260	4.72943
231	262	5.00326
231	278	6.34231
231	287	7.54318
232	20	4.02751
232	46	3.99415
232	47	3.71157
232	53	4.032
232	56	3.76901
232	62	3.91539
232	75	4.05379
232	84	2.67629
232	90	2.74142
232	111	4.28042
232	131	4.48998
232	135	4.39508
232	173	5.00111
232	180	4.86152
232	205	5.33992
232	210	5.03286
232	234	4.96064
232	238	6.09604
232	259	5.44324
233	44	1.06191
233	115	1.66198
233	174	2.58223
233	175	1.83917
233	190	3.99314
233	202	2.43619
233	204	2.74763
233	226	3.56379
233	230	3.97165
233	241	3.25031
233	250	4.68644
233	268	5.70338
233	275	6.13185
233	278	5.25902
233	281	5.80711
233	286	6.25364
233	289	7.04538
233	299	7.36733
233	300	7.48365
234	63	2.7569
234	151	3.3144
234	183	2.62049
234	225	4.98661
234	232	4.96064
234	264	1.86756
234	265	1.86758
234	279	2.85549
234	282	2.6024
234	284	4.70576
234	285	3.15283
234	287	5.18469
234	289	6.20971
234	290	5.39161
234	292	5.80076
234	293	5.88415
234	295	6.06056
234	296	6.19421
234	298	6.4067
235	55	2.70033
235	63	2.86143
235	69	1.72146
235	78	2.37825
235	134	5.7046
235	150	3.93269
235	176	3.7839
235	195	3.20065
235	198	3.35157
235	200	4.77556
235	211	4.23744
235	221	4.52986
235	227	4.94253
235	229	4.64124
235	258	6.01437
235	260	4.9986
235	261	5.32498
235	273	6.48151
235	297	7.24139
236	35	0.959763
236	54	2.21251
236	93	1.64058
236	95	2.6052
236	99	2.99515
236	114	3.00468
236	142	1.2661
236	174	3.17589
236	183	3.33367
236	197	3.19589
236	202	3.02984
236	250	5.28009
236	268	6.29704
236	281	6.40077
236	284	7.32793
236	286	6.8473
236	289	7.63903
236	296	7.65309
236	299	7.96098
237	23	2.21041
237	72	1.93145
237	87	2.13486
237	119	3.06785
237	123	1.61664
237	139	3.09386
237	159	2.88778
237	181	3.40494
237	192	1.67115
237	194	4.73199
237	212	5.93071
237	239	4.82735
237	263	5.97611
237	279	3.91744
237	288	6.23609
237	289	5.47943
237	291	7.74112
237	294	7.77214
237	300	8.19353
238	20	4.10673
238	40	3.64738
238	42	3.88668
238	47	3.7908
238	53	4.11123
238	62	3.99462
238	75	4.13302
238	84	2.34818
238	111	4.35965
238	131	4.56921
238	135	4.47431
238	162	1.91896
238	173	5.08034
238	180	4.94075
238	196	4.46695
238	205	5.41915
238	207	3.28675
238	232	6.09604
238	280	6.58775
238	298	8.23917
239	37	2.54226
239	116	2.54837
239	119	2.79966
239	139	2.82567
239	146	3.99331
239	159	2.61959
239	181	3.13675
239	194	4.4638
239	211	1.98849
239	220	3.884
239	222	2.63569
239	223	4.46435
239	237	4.82735
239	249	5.87024
239	250	4.96491
239	255	5.74759
239	274	7.70445
239	294	7.50395
239	295	7.02911
239	300	7.92534
240	20	0.000191372
240	60	1.15093
240	123	1.49498
240	146	3.41411
240	147	1.78087
240	169	1.94532
240	203	2.6253
240	241	4.20591
240	243	4.25945
240	254	4.84551
240	256	4.80371
240	258	5.59471
240	262	6.51015
240	270	5.797
240	275	6.02245
240	276	5.97414
240	280	6.30666
240	283	6.50416
240	288	6.83884
240	292	9.39024
241	61	0.0855786
241	114	2.09285
241	158	1.95301
241	177	2.44999
241	178	1.69606
241	203	2.7014
241	222	3.26849
241	233	3.25031
241	240	4.20591
241	243	4.33555
241	254	4.92161
241	256	4.87981
241	270	5.87309
241	276	6.05024
241	280	6.38276
241	283	6.58026
241	288	6.91493
241	293	6.67017
241	295	7.32883
241	298	7.81066
242	37	3.00578
242	64	1.09304
242	89	1.99318
242	103	2.13052
242	149	2.32362
242	154	3.05385
242	157	2.47502
242	182	4.70132
242	193	3.29329
242	210	4.3273
242	212	4.52302
242	215	4.9146
242	223	4.52969
242	224	3.99857
242	267	7.24496
242	269	7.35025
242	271	7.49138
242	272	7.57499
242	277	7.57498
242	289	5.46995
242	291	7.16752
243	125	2.68617
243	141	2.51523
243	147	1.91051
243	158	2.00655
243	203	2.75494
243	209	3.10517
243	222	3.32204
243	240	4.25945
243	241	4.33555
243	256	4.93335
243	258	3.38855
243	268	5.31627
243	270	5.92664
243	271	4.60812
243	275	6.15209
243	276	6.10378
243	280	6.4363
243	283	6.6338
243	284	5.76812
243	288	6.96848
243	298	7.11445
244	10	3.03089
244	24	3.15182
244	41	3.63929
244	43	3.36789
244	51	2.59609
244	77	3.82685
244	92	3.80254
244	93	3.03652
244	112	4.58606
244	133	4.26545
244	136	4.36738
244	145	4.39319
244	188	5.46001
244	204	5.4904
244	214	5.17439
244	215	4.09053
244	218	5.84603
244	252	4.57902
244	258	6.96165
244	290	7.58737
244	297	6.97587
245	110	3.17853
245	129	2.4585
245	147	4.50418
245	149	4.68942
245	154	4.13923
245	219	5.87587
245	264	1.86756
245	265	1.86758
245	279	2.85549
245	282	2.6024
245	284	4.70576
245	285	3.15283
245	287	5.18469
245	290	5.39161
245	292	5.80076
245	293	5.88415
245	295	6.06056
245	296	6.19421
245	298	6.4067
246	4	3.54385
246	21	2.59519
246	55	3.19618
246	61	3.10778
246	67	2.94588
246	163	1.06067
246	165	3.78262
246	186	4.08606
246	206	4.21561
246	217	4.1553
246	219	5.31715
246	247	5.93968
246	248	5.57589
246	251	6.02007
246	253	5.89012
246	260	3.98951
246	266	6.55046
246	272	5.71283
246	274	6.93174
246	276	5.07279
246	293	6.5461
247	28	3.0821
247	45	3.21916
247	101	3.14704
247	132	4.39922
247	165	3.82228
247	186	4.12571
247	200	4.84191
247	206	4.25526
247	217	4.19495
247	246	5.93968
247	248	5.61554
247	252	6.09827
247	253	5.92977
247	266	6.59011
247	267	4.23672
247	273	3.98258
247	274	6.97139
247	275	4.37839
247	288	4.25919
247	289	3.50253
247	291	5.20011
247	294	5.40851
248	45	2.85537
248	56	4.45661
248	87	1.5666
248	103	2.73829
248	132	4.03543
248	134	3.36414
248	163	2.09113
248	168	3.97958
248	186	3.76192
248	200	4.47812
248	206	3.89147
248	217	3.83116
248	219	4.99302
248	246	5.57589
248	247	5.61554
248	251	5.69593
248	252	5.73448
248	253	5.56599
248	266	6.22632
248	274	6.6076
248	296	7.69587
248	300	8.4402
249	7	2.80341
249	16	2.45503
249	19	1.67263
249	25	3.44349
249	72	2.97434
249	81	2.39301
249	87	3.17774
249	90	3.00942
249	138	3.11736
249	151	3.41125
249	193	2.52342
249	218	3.78203
249	223	5.77542
249	239	5.87024
249	255	7.05866
249	263	7.01899
249	266	6.42061
249	269	6.07976
249	276	5.65129
249	288	6.51725
249	294	8.81503
249	300	9.23641
250	22	1.69383
250	26	2.24589
250	33	2.269
250	34	1.64647
250	54	2.88275
250	85	2.29449
250	144	3.92791
250	156	3.45765
250	174	3.84613
250	187	3.30813
250	202	3.70009
250	226	4.82769
250	233	4.68644
250	236	5.28009
250	239	4.96491
250	263	6.22496
250	268	6.96728
250	281	7.07101
250	285	6.36289
250	286	7.51754
250	289	8.30928
250	297	8.19527
250	299	8.63122
251	21	2.71523
251	32	2.99368
251	79	2.99603
251	80	3.32113
251	101	3.22742
251	105	3.6863
251	109	3.76255
251	136	4.04567
251	141	5.25245
251	165	3.90266
251	170	5.19422
251	200	4.9223
251	206	4.33565
251	217	4.27534
251	219	5.43719
251	226	5.25419
251	246	6.02007
251	248	5.69593
251	252	6.17866
251	253	6.01016
251	266	6.6705
251	274	7.05178
251	277	7.34703
252	45	3.33809
252	61	3.26637
252	80	3.35967
252	101	3.26597
252	105	3.72485
252	109	3.8011
252	134	3.84686
252	135	2.61798
252	160	3.4288
252	200	4.96084
252	215	3.87957
252	217	4.31389
252	219	5.47574
252	244	4.57902
252	247	6.09827
252	248	5.73448
252	251	6.17866
252	253	6.04871
252	265	5.8257
252	266	6.70905
252	274	7.09033
252	285	4.93252
252	295	7.86263
253	28	3.03254
253	55	3.18628
253	67	3.83941
253	89	4.78167
253	105	3.55635
253	109	3.63261
253	112	2.40955
253	134	3.67837
253	137	3.60394
253	186	4.07615
253	200	4.79235
253	206	4.2057
253	217	4.14539
253	246	5.89012
253	247	5.92977
253	248	5.56599
253	251	6.01016
253	252	6.04871
253	266	6.54055
253	270	5.01537
253	272	6.60636
253	274	6.92183
253	288	6.83228
254	6	2.49633
254	13	2.75089
254	121	1.96654
254	122	2.44463
254	152	3.89669
254	158	2.5926
254	176	3.84844
254	177	3.08959
254	195	6.39257
254	200	4.47379
254	209	3.69122
254	222	3.90809
254	240	4.84551
254	241	4.92161
254	256	5.5194
254	258	5.71261
254	270	6.51269
254	275	6.73814
254	276	6.68983
254	280	7.02235
254	283	7.21985
254	285	6.02657
254	288	7.55453
255	18	2.89618
255	46	3.33105
255	52	2.75626
255	76	2.93236
255	81	2.27036
255	107	1.45439
255	143	4.32693
255	150	4.77809
255	151	3.2886
255	184	4.98336
255	189	3.74426
255	191	2.65431
255	201	5.81319
255	223	5.65277
255	239	5.74759
255	249	7.05866
255	271	4.68249
255	285	3.77689
255	286	5.74237
255	291	8.66135
255	293	6.04833
255	294	8.69238
255	298	7.18882
255	300	9.11376
256	86	1.73289
256	114	2.69065
256	123	2.16888
256	147	2.45477
256	150	2.34743
256	158	2.55081
256	203	3.29919
256	209	3.64943
256	222	3.86629
256	229	4.67799
256	240	4.80371
256	241	4.87981
256	243	4.93335
256	254	5.5194
256	267	6.38469
256	270	6.47089
256	275	6.69634
256	276	6.64803
256	280	6.98055
256	283	7.17805
256	284	6.80868
256	287	5.64823
256	288	7.51273
256	295	7.67318
257	12	3.11336
257	15	3.88058
257	17	4.01712
257	25	3.29084
257	34	4.39258
257	43	4.32065
257	50	3.95999
257	78	2.95279
257	88	3.39368
257	113	4.19143
257	117	3.05471
257	167	4.2161
257	181	5.46622
257	185	3.95595
257	191	4.5183
257	209	5.17813
257	225	5.37536
257	260	5.57314
257	261	5.89952
257	262	5.84696
257	273	7.05604
257	276	8.92103
257	278	7.18602
257	297	7.81592
258	10	3.80295
258	24	3.92389
258	36	4.43328
258	43	4.13996
258	70	4.20038
258	77	4.59891
258	92	4.5746
258	97	4.99167
258	113	2.04255
258	118	5.47142
258	133	5.03751
258	136	5.13944
258	145	5.16525
258	188	6.23208
258	204	6.26246
258	214	5.94645
258	218	6.61809
258	227	2.87826
258	235	6.01437
258	240	5.59471
258	243	3.38855
258	244	6.96165
258	254	5.71261
258	262	5.7845
258	278	6.09348
259	30	2.56704
259	58	1.49611
259	63	3.58887
259	91	5.38921
259	99	3.42156
259	113	4.34433
259	117	3.20761
259	142	4.95224
259	158	4.17742
259	170	4.57432
259	178	3.77469
259	179	4.16237
259	195	3.92809
259	216	5.2526
259	219	4.8561
259	225	5.52826
259	231	5.24192
259	232	5.44324
259	260	5.72604
259	261	6.05242
259	262	5.99986
259	273	7.20894
259	286	7.75036
259	291	8.38988
259	297	7.96883
260	5	3.5975
260	88	3.03409
260	151	3.22395
260	155	4.92684
260	171	4.12632
260	176	3.99884
260	178	3.2622
260	185	3.59636
260	195	3.4156
260	220	4.74756
260	221	4.7448
260	224	4.69057
260	231	4.72943
260	235	4.9986
260	246	3.98951
260	257	5.57314
260	259	5.72604
260	261	5.53993
260	262	5.48737
260	272	6.65
260	273	6.69645
260	278	6.82643
260	287	6.11698
260	297	7.45633
260	299	7.83616
261	26	2.36903
261	30	2.38093
261	50	3.92677
261	58	2.74461
261	101	3.8527
261	113	4.15822
261	124	3.84574
261	154	4.36795
261	178	3.58858
261	192	4.1835
261	195	3.74198
261	211	4.77876
261	216	5.06649
261	218	5.96224
261	224	5.01695
261	227	5.48385
261	229	5.18256
261	235	5.32498
261	257	5.89952
261	259	6.05242
261	260	5.53993
261	273	7.02283
261	280	8.79388
261	287	7.93853
261	297	7.78271
262	96	3.97906
262	99	3.1829
262	117	2.96894
262	120	4.85211
262	124	2.91083
262	170	4.33566
262	171	4.40014
262	176	4.27267
262	179	3.9237
262	183	3.41667
262	185	3.87019
262	192	4.13095
262	216	5.01393
262	224	4.9644
262	225	5.28959
262	231	5.00326
262	240	6.51015
262	257	5.84696
262	258	5.7845
262	259	5.99986
262	260	5.48737
262	263	5.96053
262	278	7.10025
262	286	8.06394
262	297	7.73016
263	23	3.09098
263	38	4.43736
263	39	3.60345
263	43	1.55681
263	46	3.29138
263	52	2.71659
263	72	2.81202
263	90	2.8471
263	119	3.94841
263	138	2.95504
263	181	4.28551
263	184	4.94369
263	194	5.61255
263	201	5.77352
263	208	5.56873
263	215	4.3061
263	223	5.6131
263	237	5.97611
263	249	7.01899
263	250	6.22496
263	262	5.96053
263	271	6.26466
263	284	7.42466
263	291	8.62168
263	294	8.65271
263	300	9.07409
264	40	3.26112
264	52	4.03341
264	90	1.97547
264	143	3.5288
264	145	0.621149
264	228	1.52017
264	234	1.86756
264	245	1.86756
264	265	3.18857
264	274	7.99483
264	277	4.67914
264	279	4.17649
264	282	3.9234
264	284	6.02676
264	285	4.47383
264	287	6.50569
264	290	6.71261
264	292	7.12176
264	293	7.20514
264	295	7.38156
264	296	7.51521
264	298	7.7277
264	299	7.01372
265	5	3.72034
265	61	2.07702
265	114	4.13251
265	130	4.59256
265	179	2.44649
265	202	3.60875
265	228	1.52018
265	234	1.86758
265	245	1.86758
265	252	5.8257
265	264	3.18857
265	277	6.67991
265	279	4.17651
265	282	3.92342
265	284	6.02678
265	285	4.47384
265	287	6.50571
265	290	6.71263
265	292	7.12178
265	293	7.20516
265	295	7.38158
265	296	7.51522
265	298	7.72771
266	21	3.24563
266	29	1.83189
266	45	3.82994
266	55	3.84662
266	61	3.75822
266	80	3.85152
266	101	3.75782
266	108	4.17476
266	109	4.29295
266	115	5.30666
266	150	4.66879
266	165	4.43306
266	186	4.73649
266	187	6.23091
266	200	5.45269
266	206	4.86604
266	217	4.80573
266	219	5.96759
266	246	6.55046
266	247	6.59011
266	248	6.22632
266	249	6.42061
266	251	6.6705
266	252	6.70905
266	253	6.54055
266	273	8.45191
266	274	7.58217
266	277	7.35418
267	13	2.39051
267	15	2.95595
267	23	3.51298
267	53	4.70738
267	57	2.85965
267	64	2.7469
267	74	2.85965
267	89	3.64704
267	98	3.36979
267	103	3.78438
267	110	3.46767
267	123	4.18324
267	149	3.97748
267	157	4.12888
267	158	5.53114
267	193	4.94715
267	210	5.98116
267	212	6.17689
267	215	6.56846
267	242	7.24496
267	247	4.23672
267	256	6.38469
267	269	9.00412
267	271	9.14524
267	272	9.22885
267	277	9.22885
267	279	6.48404
267	293	9.41004
268	22	2.71078
268	42	4.65713
268	44	3.34275
268	66	3.23853
268	73	3.34092
268	79	3.33734
268	85	3.31144
268	115	3.94282
268	127	4.06713
268	128	4.43982
268	129	4.27963
268	165	2.85227
268	175	4.12001
268	187	4.32508
268	197	4.88308
268	202	4.71703
268	213	4.32427
268	226	5.84464
268	230	6.25249
268	233	5.70338
268	236	6.29704
268	243	5.31627
268	250	6.96728
268	281	8.08796
268	283	9.04571
268	286	8.53449
268	292	10.5923
268	299	9.64817
269	13	2.49581
269	48	3.33838
269	54	2.27699
269	57	2.96495
269	64	2.8522
269	73	3.72519
269	74	2.96495
269	96	4.52616
269	98	3.47508
269	102	2.98255
269	103	3.88967
269	110	3.57297
269	149	4.08277
269	154	4.813
269	157	4.23417
269	193	5.05244
269	210	6.08645
269	212	6.28218
269	215	6.67375
269	222	5.26026
269	225	6.40791
269	242	7.35025
269	249	6.07976
269	267	9.00412
269	271	9.25054
269	272	9.33414
269	277	9.33414
269	300	9.85866
270	50	3.28981
270	83	2.70646
270	109	1.7501
270	112	2.58552
270	114	3.68393
270	121	2.91803
270	147	3.44805
270	158	3.54409
270	166	4.62
270	177	4.04108
270	194	2.95123
270	203	4.29248
270	209	4.64271
270	222	4.85958
270	240	5.797
270	241	5.87309
270	243	5.92664
270	253	5.01537
270	254	6.51269
270	256	6.47089
270	273	6.73164
270	275	7.68963
270	276	7.64132
270	280	7.97384
270	283	8.17134
270	288	8.50602
270	290	7.78804
270	295	8.27427
270	300	8.47925
271	13	2.63694
271	15	3.20237
271	57	3.10607
271	64	2.99333
271	74	3.10607
271	81	5.20681
271	89	3.89346
271	98	3.61621
271	110	3.71409
271	133	3.7465
271	146	3.90803
271	149	4.2239
271	154	4.95413
271	157	4.3753
271	193	5.19357
271	194	4.00965
271	199	4.61679
271	210	6.22758
271	212	6.42331
271	215	6.81488
271	242	7.49138
271	243	4.60812
271	255	4.68249
271	263	6.26466
271	267	9.14524
271	269	9.25054
271	272	9.47527
271	277	9.47527
271	298	9.81452
272	13	2.72054
272	15	3.28597
272	57	3.18968
272	64	3.07693
272	74	3.18968
272	89	3.97707
272	92	3.66337
272	98	3.69981
272	103	4.1144
272	110	3.7977
272	128	4.26423
272	149	4.3075
272	154	5.03773
272	157	4.4589
272	173	6.3737
272	193	5.27717
272	206	4.92327
272	210	6.31118
272	212	6.50691
272	215	6.89848
272	220	6.47088
272	227	4.63039
272	242	7.57499
272	246	5.71283
272	253	6.60636
272	260	6.65
272	267	9.22885
272	269	9.33414
272	271	9.47527
272	277	9.55887
273	12	4.23667
273	19	2.15693
273	24	1.73694
273	26	3.52555
273	30	3.53746
273	38	3.89694
273	78	4.0761
273	88	4.517
273	100	4.51465
273	117	4.17802
273	174	5.08432
273	178	4.74511
273	185	5.07927
273	189	5.29942
273	195	4.8985
273	198	5.04942
273	221	6.22771
273	227	6.64038
273	229	6.33908
273	235	6.48151
273	247	3.98258
273	257	7.05604
273	259	7.20894
273	260	6.69645
273	261	7.02283
273	266	8.45191
273	270	6.73164
273	278	8.30933
273	286	8.84994
273	289	7.79189
274	20	2.60979
274	21	3.62691
274	28	4.07416
274	33	4.79822
274	47	3.47452
274	55	4.2279
274	61	4.1395
274	80	4.2328
274	101	4.1391
274	105	4.59797
274	110	3.41893
274	132	5.39128
274	134	4.71998
274	145	5.33418
274	165	4.81434
274	186	5.11777
274	202	6.321
274	206	5.24732
274	217	5.18701
274	219	6.34886
274	222	7.6391
274	239	7.70445
274	246	6.93174
274	247	6.97139
274	248	6.6076
274	251	7.05178
274	252	7.09033
274	253	6.92183
274	264	7.99483
274	266	7.58217
275	83	2.93191
275	114	3.90939
275	121	3.14348
275	122	3.62157
275	123	3.38762
275	141	4.27822
275	144	4.53735
275	147	3.6735
275	161	6.49342
275	165	3.0218
275	166	4.84545
275	177	4.26653
275	179	3.33659
275	203	4.51793
275	209	4.86816
275	222	5.08503
275	227	4.97552
275	233	6.13185
275	240	6.02245
275	243	6.15209
275	247	4.37839
275	254	6.73814
275	256	6.69634
275	270	7.68963
275	276	7.86677
275	280	8.19929
275	281	7.3094
275	283	8.39679
275	288	8.73147
275	297	9.11266
276	60	2.99525
276	83	2.8836
276	98	1.80918
276	121	3.09517
276	122	3.57326
276	123	3.33931
276	141	4.22991
276	147	3.62519
276	166	4.79714
276	194	3.90218
276	202	3.51369
276	203	4.46962
276	209	4.81985
276	222	5.03672
276	226	4.49202
276	240	5.97414
276	241	6.05024
276	243	6.10378
276	246	5.07279
276	249	5.65129
276	254	6.68983
276	256	6.64803
276	257	8.92103
276	270	7.64132
276	275	7.86677
276	278	7.20557
276	280	8.15098
276	283	8.34848
276	288	8.68316
276	290	8.73899
277	13	2.72054
277	15	3.28597
277	57	3.18968
277	64	3.07693
277	74	3.18968
277	89	3.97706
277	90	3.37281
277	98	3.69981
277	103	4.1144
277	110	3.7977
277	122	3.57874
277	149	4.3075
277	154	5.03773
277	157	4.4589
277	193	5.27717
277	204	4.1858
277	209	2.84197
277	210	6.31118
277	212	6.50691
277	215	6.89848
277	242	7.57498
277	251	7.34703
277	264	4.67914
277	265	6.67991
277	266	7.35418
277	267	9.22885
277	269	9.33414
277	271	9.47527
277	272	9.55887
277	292	9.2683
278	4	3.70607
278	11	4.99835
278	26	3.65553
278	59	3.85018
278	63	4.68926
278	67	4.41754
278	77	3.28914
278	96	5.31812
278	99	4.52195
278	117	4.308
278	140	3.93966
278	157	2.81626
278	179	5.26276
278	192	5.47
278	195	5.02848
278	198	5.1794
278	205	4.78847
278	214	5.52556
278	221	6.35768
278	224	6.30345
278	227	6.77035
278	231	6.34231
278	233	5.25902
278	257	7.18602
278	258	6.09348
278	260	6.82643
278	262	7.10025
278	273	8.30933
278	276	7.20557
278	291	9.01245
278	297	9.06921
279	76	0.163908
279	176	2.66429
279	180	2.78479
279	184	2.71781
279	207	1.75861
279	216	4.72723
279	221	4.06434
279	228	2.5081
279	229	4.77734
279	234	2.85549
279	237	3.91744
279	245	2.85549
279	264	4.17649
279	265	4.17651
279	267	6.48404
279	282	4.91133
279	284	7.0147
279	285	5.46176
279	287	7.49363
279	290	7.70054
279	292	8.10969
279	293	8.19308
279	295	8.36949
279	296	8.50314
279	298	8.71563
279	299	7.46675
280	60	3.32778
280	80	4.61688
280	83	3.21612
280	110	1.574
280	112	4.49885
280	114	4.1936
280	121	3.42769
280	122	3.90579
280	123	3.67183
280	139	4.57755
280	142	3.26126
280	158	4.05376
280	177	4.55074
280	194	4.86456
280	203	4.80214
280	207	5.71701
280	209	5.15238
280	222	5.36924
280	238	6.58775
280	240	6.30666
280	241	6.38276
280	243	6.4363
280	254	7.02235
280	256	6.98055
280	261	8.79388
280	270	7.97384
280	275	8.19929
280	276	8.15098
280	281	7.28662
280	283	8.681
280	288	9.01568
281	48	2.85236
281	54	4.00342
281	79	3.44107
281	85	3.41517
281	93	3.4315
281	115	4.04655
281	127	4.17086
281	129	4.38336
281	156	2.62088
281	157	1.93493
281	166	2.12167
281	175	4.22374
281	183	5.12458
281	187	4.42881
281	197	4.98681
281	198	5.64497
281	202	4.82076
281	226	5.94836
281	230	6.35622
281	233	5.80711
281	236	6.40077
281	250	7.07101
281	268	8.08796
281	275	7.3094
281	280	7.28662
281	286	8.63821
281	289	9.42995
281	291	8.13112
281	293	7.79756
281	298	8.93805
281	299	9.7519
282	2	3.10102
282	42	2.12645
282	49	4.74845
282	116	4.36192
282	119	2.65184
282	141	2.77522
282	144	1.83713
282	197	4.04639
282	216	4.46486
282	228	2.25501
282	234	2.6024
282	245	2.6024
282	264	3.9234
282	265	3.92342
282	279	4.91133
282	284	6.7616
282	285	5.20867
282	287	7.24054
282	290	7.44745
282	292	7.8566
282	293	7.93999
282	294	7.39347
282	295	8.1164
282	296	8.25005
282	298	8.46254
283	6	4.15498
283	26	3.31496
283	60	3.52527
283	83	3.41362
283	113	4.29149
283	121	3.62519
283	122	4.10329
283	123	3.86933
283	141	4.75994
283	147	4.15522
283	158	4.25126
283	165	3.17348
283	166	5.32716
283	177	4.74824
283	181	4.77528
283	203	4.99964
283	208	5.4968
283	209	5.34988
283	221	6.65387
283	222	5.56674
283	227	5.1272
283	240	6.50416
283	241	6.58026
283	243	6.6338
283	254	7.21985
283	256	7.17805
283	268	9.04571
283	270	8.17134
283	275	8.39679
283	276	8.34848
283	280	8.681
283	288	9.21318
283	289	8.33939
283	297	9.26434
284	76	2.88407
284	107	2.0822
284	118	2.36233
284	120	2.49839
284	124	2.23482
284	125	2.21573
284	128	2.23482
284	137	2.12018
284	155	2.19471
284	168	2.63976
284	175	5.76446
284	192	4.66174
284	207	3.60888
284	225	7.24692
284	228	4.35837
284	234	4.70576
284	236	7.32793
284	243	5.76812
284	245	4.70576
284	256	6.80868
284	263	7.42466
284	264	6.02676
284	265	6.02678
284	279	7.0147
284	282	6.7616
284	285	7.31203
284	287	9.3439
284	288	9.22668
284	290	9.55081
284	292	9.95996
284	293	10.0433
284	295	10.2198
284	296	10.3534
284	298	10.5659
285	3	2.7175
285	80	2.85638
285	120	0.945458
285	138	1.2129
285	148	2.73366
285	152	3.36711
285	207	2.05595
285	228	2.80544
285	234	3.15283
285	245	3.15283
285	250	6.36289
285	252	4.93252
285	254	6.02657
285	255	3.77689
285	264	4.47383
285	265	4.47384
285	279	5.46176
285	282	5.20867
285	284	7.31203
285	287	7.79096
285	290	7.99788
285	291	8.10199
285	292	8.40703
285	293	8.49041
285	295	8.66683
285	296	8.80047
285	298	9.01297
286	27	3.56618
286	33	3.83621
286	35	3.19721
286	48	3.2989
286	70	5.18457
286	79	3.8876
286	86	4.45228
286	93	3.87803
286	115	4.49308
286	117	3.11648
286	122	5.25448
286	129	4.82989
286	144	5.49512
286	167	3.55567
286	174	5.41334
286	175	4.67027
286	183	5.57111
286	187	4.87534
286	197	5.43334
286	202	5.26729
286	217	7.50561
286	226	6.3949
286	230	6.80275
286	233	6.25364
286	236	6.8473
286	250	7.51754
286	255	5.74237
286	259	7.75036
286	262	8.06394
286	268	8.53449
286	273	8.84994
286	281	8.63821
286	289	9.87648
286	299	10.1984
287	12	2.39719
287	37	1.93025
287	82	2.03887
287	120	2.97733
287	124	2.71375
287	125	2.69466
287	128	2.71375
287	137	2.59911
287	155	2.67364
287	168	3.11869
287	188	4.55593
287	190	5.00654
287	198	6.521
287	206	4.39025
287	207	4.08781
287	219	5.47337
287	228	4.8373
287	231	7.54318
287	234	5.18469
287	245	5.18469
287	256	5.64823
287	260	6.11698
287	261	7.93853
287	264	6.50569
287	265	6.50571
287	279	7.49363
287	282	7.24054
287	284	9.3439
287	285	7.79096
287	290	10.0297
287	292	10.4389
287	293	10.5223
287	294	9.21555
287	295	10.6987
287	296	10.8323
287	298	11.0448
288	6	4.48965
288	12	3.15612
288	60	3.85995
288	83	3.7483
288	98	2.67514
288	114	4.72577
288	121	3.95987
288	122	4.43796
288	123	4.20401
288	141	5.09461
288	147	4.48989
288	158	4.58593
288	166	5.66184
288	177	5.08292
288	185	5.08529
288	191	6.03849
288	203	5.33432
288	208	5.22592
288	209	5.68455
288	222	5.90142
288	237	6.23609
288	240	6.83884
288	241	6.91493
288	243	6.96848
288	247	4.25919
288	249	6.51725
288	253	6.83228
288	254	7.55453
288	256	7.51273
288	270	8.50602
288	275	8.73147
288	276	8.68316
288	280	9.01568
288	283	9.21318
288	284	9.22668
288	296	9.55183
289	22	4.05277
289	27	4.35792
289	35	3.98895
289	44	4.68474
289	48	4.09063
289	64	2.28541
289	73	4.68291
289	85	4.65343
289	93	4.66976
289	115	5.28482
289	127	5.40913
289	151	4.41653
289	172	3.74539
289	174	6.20507
289	175	5.46201
289	183	6.36285
289	187	5.66707
289	190	7.61598
289	197	6.22508
289	202	6.05903
289	205	4.78545
289	210	6.28192
289	226	7.18663
289	230	7.59449
289	233	7.04538
289	234	6.20971
289	236	7.63903
289	237	5.47943
289	242	5.46995
289	247	3.50253
289	250	8.30928
289	273	7.79189
289	281	9.42995
289	283	8.33939
289	286	9.87648
289	294	9.21782
289	299	10.9902
290	14	2.01397
290	37	2.13717
290	62	2.72146
290	77	4.82256
290	82	2.24578
290	84	2.58557
290	102	4.19984
290	107	2.76805
290	121	6.01928
290	124	2.92066
290	125	2.90157
290	128	2.92066
290	155	2.88056
290	168	3.32561
290	177	6.64366
290	183	5.25907
290	207	4.29473
290	211	5.83035
290	223	7.90803
290	228	5.04422
290	234	5.39161
290	244	7.58737
290	245	5.39161
290	264	6.71261
290	265	6.71263
290	270	7.78804
290	276	8.73899
290	279	7.70054
290	282	7.44745
290	284	9.55081
290	285	7.99788
290	287	10.0297
290	292	10.6458
290	293	10.7292
290	295	10.9056
290	296	11.0393
290	298	11.2518
291	16	4.05772
291	18	4.62152
291	19	3.27532
291	25	5.04618
291	52	4.4816
291	58	4.24252
291	69	6.18005
291	76	4.6577
291	79	4.04074
291	81	3.9957
291	90	4.61211
291	98	3.61605
291	102	5.09932
291	106	5.87309
291	116	5.46214
291	135	5.78745
291	138	4.72005
291	143	6.05227
291	146	6.90708
291	150	6.50343
291	151	5.01394
291	157	4.51081
291	181	6.05052
291	184	6.7087
291	199	6.3162
291	208	7.33374
291	220	6.79777
291	237	7.74112
291	242	7.16752
291	247	5.20011
291	255	8.66135
291	259	8.38988
291	263	8.62168
291	278	9.01245
291	281	8.13112
291	285	8.10199
291	294	10.4177
291	300	10.8391
292	14	2.42312
292	24	3.83103
292	29	3.746
292	31	2.32463
292	51	2.89963
292	54	4.53196
292	82	2.65493
292	84	2.99472
292	117	4.63256
292	124	3.32981
292	125	3.31072
292	128	3.32981
292	129	4.6324
292	137	3.21518
292	138	4.69446
292	142	4.98232
292	155	3.28971
292	163	5.76456
292	168	3.73476
292	203	7.00035
292	207	4.70388
292	228	5.45337
292	234	5.80076
292	240	9.39024
292	245	5.80076
292	264	7.12176
292	265	7.12178
292	268	10.5923
292	277	9.2683
292	279	8.10969
292	282	7.8566
292	284	9.95996
292	285	8.40703
292	287	10.4389
292	290	10.6458
292	293	11.1383
292	295	11.3148
292	296	11.4484
292	298	11.6609
293	31	2.40802
293	51	2.98302
293	63	3.04626
293	82	2.73832
293	84	3.0781
293	107	3.26058
293	120	3.67678
293	124	3.4132
293	125	3.39411
293	128	3.4132
293	137	3.29856
293	155	3.37309
293	156	4.86319
293	160	6.2647
293	168	3.81815
293	192	4.86758
293	207	4.78726
293	209	4.82366
293	213	4.98196
293	228	5.53675
293	234	5.88415
293	241	6.67017
293	245	5.88415
293	246	6.5461
293	255	6.04833
293	264	7.20514
293	265	7.20516
293	267	9.41004
293	279	8.19308
293	281	7.79756
293	282	7.93999
293	284	10.0433
293	285	8.49041
293	287	10.5223
293	290	10.7292
293	292	11.1383
293	294	10.5818
293	295	11.3981
293	296	11.5318
293	298	11.7443
294	7	4.43713
294	8	3.58515
294	18	4.65255
294	19	3.30635
294	21	4.47217
294	23	4.88701
294	45	4.88701
294	46	5.08741
294	58	4.27354
294	81	4.02672
294	87	4.81146
294	102	5.13034
294	106	5.90412
294	116	5.49316
294	138	4.75108
294	139	5.77046
294	143	6.0833
294	151	5.04497
294	159	5.56438
294	166	4.90595
294	172	8.12468
294	178	5.60772
294	179	4.36671
294	180	6.25276
294	181	6.08154
294	184	6.73972
294	208	7.36477
294	220	6.8288
294	237	7.77214
294	239	7.50395
294	247	5.40851
294	249	8.81503
294	255	8.69238
294	263	8.65271
294	282	7.39347
294	287	9.21555
294	289	9.21782
294	291	10.4177
294	293	10.5818
294	300	10.8701
295	14	2.68292
295	31	2.58443
295	37	2.80612
295	51	3.15944
295	76	3.74857
295	82	2.91473
295	83	3.69917
295	84	3.25452
295	94	4.95648
295	104	4.77839
295	107	3.437
295	120	3.85319
295	124	3.58962
295	128	3.58962
295	137	3.47498
295	155	3.54951
295	168	3.99456
295	169	4.46373
295	207	4.96368
295	228	5.71317
295	230	8.68838
295	234	6.06056
295	239	7.02911
295	241	7.32883
295	245	6.06056
295	252	7.86263
295	256	7.67318
295	264	7.38156
295	265	7.38158
295	270	8.27427
295	279	8.36949
295	282	8.1164
295	284	10.2198
295	285	8.66683
295	287	10.6987
295	290	10.9056
295	292	11.3148
295	293	11.3981
295	296	11.7082
295	297	10.2595
295	298	11.9207
296	14	2.81657
296	27	3.99083
296	31	2.71808
296	37	2.93976
296	51	3.29308
296	69	3.28087
296	82	3.04838
296	84	3.38817
296	107	3.57064
296	111	3.99786
296	120	3.98684
296	125	3.70417
296	137	3.60862
296	138	3.60365
296	155	3.68315
296	168	4.12821
296	172	5.22871
296	178	5.18507
296	203	5.90954
296	205	6.26877
296	206	5.87585
296	207	5.09732
296	228	5.84682
296	234	6.19421
296	236	7.65309
296	245	6.19421
296	248	7.69587
296	264	7.51521
296	265	7.51522
296	279	8.50314
296	282	8.25005
296	284	10.3534
296	285	8.80047
296	287	10.8323
296	288	9.55183
296	290	11.0393
296	292	11.4484
296	293	11.5318
296	295	11.7082
296	298	12.0543
296	299	10.5121
297	2	5.59929
297	4	4.33598
297	30	4.29734
297	38	4.65682
297	67	5.04744
297	78	4.83598
297	99	5.15186
297	119	5.40116
297	127	5.10603
297	136	4.31775
297	145	3.56112
297	149	5.21414
297	159	6.966
297	170	6.30462
297	176	6.24163
297	178	5.50499
297	179	5.89266
297	185	5.83915
297	189	6.0593
297	191	6.4015
297	192	6.09991
297	195	5.65839
297	198	5.8093
297	209	4.3846
297	211	6.69517
297	216	6.98289
297	224	6.93336
297	225	7.25856
297	229	7.09897
297	235	7.24139
297	244	6.97587
297	250	8.19527
297	257	7.81592
297	259	7.96883
297	260	7.45633
297	261	7.78271
297	262	7.73016
297	275	9.11266
297	278	9.06921
297	283	9.26434
297	295	10.2595
298	14	3.02906
298	30	4.94661
298	31	2.93057
298	37	3.15225
298	51	3.50557
298	60	3.68312
298	62	3.68952
298	82	3.26087
298	84	3.60066
298	97	5.56725
298	107	3.78314
298	118	3.70866
298	120	4.19933
298	124	3.93575
298	125	3.91666
298	128	3.93575
298	137	3.82112
298	155	3.89565
298	168	4.3407
298	184	6.7843
298	207	5.30982
298	226	7.10582
298	228	6.05931
298	234	6.4067
298	238	8.23917
298	241	7.81066
298	243	7.11445
298	245	6.4067
298	255	7.18882
298	264	7.7277
298	265	7.72771
298	271	9.81452
298	279	8.71563
298	281	8.93805
298	282	8.46254
298	284	10.5659
298	285	9.01297
298	287	11.0448
298	290	11.2518
298	292	11.6609
298	293	11.7443
298	295	11.9207
298	296	12.0543
299	19	3.39378
299	22	4.37472
299	27	4.67987
299	33	4.94989
299	35	4.31089
299	44	5.00669
299	48	4.41258
299	54	5.56364
299	73	5.00486
299	79	5.00129
299	85	4.97538
299	87	4.38279
299	93	4.99171
299	127	5.73108
299	129	5.94357
299	144	6.6088
299	169	4.15795
299	174	6.52702
299	175	5.78396
299	176	5.94318
299	183	6.6848
299	185	6.04552
299	186	7.18578
299	187	5.98902
299	190	7.93792
299	196	7.76103
299	197	6.54703
299	202	6.38098
299	213	5.33485
299	224	7.55736
299	226	7.50858
299	230	7.91644
299	233	7.36733
299	236	7.96098
299	250	8.63122
299	260	7.83616
299	264	7.01372
299	268	9.64817
299	279	7.46675
299	281	9.7519
299	286	10.1984
299	289	10.9902
299	296	10.5121
300	7	4.85852
300	16	4.51013
300	19	3.72773
300	52	4.93401
300	58	4.69493
300	64	4.51307
300	68	5.53052
300	69	6.63246
300	72	5.02944
300	76	5.11011
300	81	4.44811
300	87	5.23285
300	90	5.06452
300	102	5.55173
300	116	5.91455
300	118	3.43182
300	119	6.16583
300	131	5.9554
300	138	5.17246
300	139	6.19184
300	150	6.95584
300	151	5.46635
300	159	5.98576
300	167	4.72527
300	181	6.50293
300	193	6.30232
300	194	7.82997
300	201	7.99094
300	211	6.52156
300	214	7.75018
300	220	7.25018
300	223	7.83052
300	229	8.56699
300	233	7.48365
300	237	8.19353
300	239	7.92534
300	248	8.4402
300	249	9.23641
300	255	9.11376
300	263	9.07409
300	269	9.85866
300	270	8.47925
300	291	10.8391
300	294	10.8701
