1	48	3.13274
1	121	1.81125
1	168	1.41739
1	217	1.69167
1	229	2.56438
1	254	4.33072
1	279	3.58379
2	73	2.02314
2	170	1.57505
2	173	1.35802
2	240	2.98621
2	243	2.17889
2	255	2.91066
2	298	5.50037
3	42	2.75156
3	96	2.11487
3	110	3.01681
3	189	1.86419
3	230	1.62159
3	267	3.19268
3	281	3.95919
4	126	1.31878
4	195	2.75563
4	224	1.50568
4	231	2.74666
4	234	2.43999
4	249	3.0655
4	297	4.69806
5	9	0.135796
5	188	2.37757
5	242	2.37349
5	258	3.16655
5	269	1.72686
5	274	3.71743
5	291	5.02403
6	85	1.80463
6	168	1.90546
6	189	1.58893
6	203	1.69204
6	227	3.1813
6	242	4.26595
6	279	4.07186
7	50	3.34824
7	144	2.53477
7	220	3.36037
7	271	1.98253
7	276	2.55082
7	280	2.06525
7	285	2.67015
8	196	0.000384416
8	219	1.4
8	278	3.61731
8	287	4.25347
8	289	3.09888
8	294	2.66428
8	299	3.55685
9	5	0.135796
9	210	2.79239
9	221	2.75681
9	240	3.71372
9	292	3.21875
9	293	2.87973
9	296	3.02477
10	18	2.0255
10	63	2.05036
10	109	1.23727
10	168	1.93522
10	217	2.17377
10	252	5.88889
10	253	3.09832
11	112	0.489873
11	173	1.87745
11	261	1.28807
11	267	3.49738
11	273	3.89455
11	291	4.2235
11	295	3.26007
12	80	2.63998
12	114	0.750287
12	181	1.67606
12	236	0.471155
12	276	4.17656
12	298	4.5044
12	300	4.28864
13	130	1.69832
13	174	1.96625
13	175	1.9663
13	190	2.42574
13	201	2.90164
13	223	2.12226
13	300	5.45061
14	80	1.72748
14	121	0.649973
14	125	3.42522
14	172	1.3843
14	258	4.10175
14	286	2.98234
14	300	4.26062
15	127	0.819006
15	151	0.736271
15	155	1.90282
15	265	2.98045
15	283	3.55809
15	290	4.20975
15	296	4.31538
16	139	1.13203
16	186	1.78366
16	204	2.60833
16	236	3.73622
16	259	2.65809
16	278	2.8154
16	284	3.78742
17	167	1.97734
17	238	0.901019
17	241	1.9808
17	261	1.45155
17	291	4.38698
17	295	3.42355
17	298	4.4051
18	10	2.0255
18	27	2.15081
18	151	1.40305
18	255	2.51445
18	267	2.58174
18	272	3.02066
18	293	4.83711
19	56	2.59498
19	94	3.64371
19	181	2.34653
19	208	3.22457
19	236	0.989559
19	254	0.661957
19	298	5.02281
20	38	1.16164
20	96	1.89678
20	134	1.97788
20	175	2.41692
20	257	2.46824
20	281	3.7411
20	287	4.85172
21	159	0.875189
21	222	2.7547
21	224	3.16099
21	228	3.2246
21	230	2.87268
21	256	2.64776
21	264	2.96999
22	212	1.06878
22	217	1.06079
22	229	1.9335
22	246	2.24276
22	268	4.04177
22	279	2.95292
22	282	5.21409
23	71	2.49394
23	121	3.65052
23	147	0.971897
23	187	3.13254
23	194	2.47801
23	253	2.45943
23	279	3.32661
24	50	1.83411
24	153	0.757757
24	170	2.7031
24	232	2.61855
24	274	3.92136
24	277	1.84822
24	299	4.82961
25	104	2.12005
25	134	2.93951
25	226	4.19935
25	232	0.253254
25	243	2.32034
25	282	2.65209
25	295	4.04015
26	27	4.23158
26	171	0.900603
26	225	1.74402
26	258	2.39327
26	289	3.09397
26	294	2.65937
26	299	3.55194
27	18	2.15081
27	26	4.23158
27	190	2.87314
27	223	0.221806
27	274	1.75967
27	287	2.81047
27	298	4.46673
28	32	1.20505
28	124	1.46227
28	141	0.883091
28	216	1.77514
28	234	3.85693
28	237	4.19836
28	287	5.12328
29	95	2.23578
29	97	1.79336
29	115	2.81419
29	181	1.82978
29	214	2.44986
29	251	4.18529
29	258	3.1744
30	68	1.83272
30	97	1.87579
30	125	2.67084
30	158	2.15323
30	256	3.24496
30	262	2.86522
30	275	3.84667
31	131	0.881872
31	192	2.68808
31	247	2.27657
31	255	1.32238
31	263	1.75669
31	295	5.69444
31	297	3.9043
32	28	1.20505
32	195	2.79357
32	231	2.78461
32	234	2.47793
32	244	1.94707
32	286	3.42775
32	295	3.89251
33	180	0.109502
33	197	1.22554
33	286	2.12599
33	289	4.12762
33	290	3.91067
33	298	3.62004
33	300	3.40428
34	114	0.762565
34	196	0.00966407
34	256	2.43682
34	257	2.89846
34	278	3.93391
34	289	4.05729
34	299	4.51527
35	194	2.40619
35	195	1.58155
35	237	1.59783
35	248	3.67784
35	264	2.80169
35	268	2.85889
35	285	3.60956
36	150	2.0404
36	162	2.68731
36	167	2.48169
36	178	2.04771
36	180	1.86444
36	266	3.17024
36	271	4.22645
37	172	1.63663
37	191	2.68425
37	206	1.9314
37	243	1.40723
37	260	1.49545
37	269	4.64322
37	298	4.72871
38	20	1.16164
38	102	1.55247
38	103	1.83824
38	201	1.87912
38	216	3.51587
38	245	3.97861
38	266	4.58234
39	205	2.32696
39	222	0.000499864
39	224	3.47263
39	228	3.49023
39	289	3.09859
39	294	2.664
39	299	3.55657
40	248	2.35503
40	249	2.36058
40	252	0.969375
40	270	2.84691
40	276	3.69548
40	280	3.20991
40	291	3.10233
41	49	0.406779
41	182	1.48674
41	227	2.10544
41	257	2.73616
41	275	3.09585
41	281	4.00901
41	292	4.6741
42	3	2.75156
42	244	1.49356
42	254	3.59778
42	259	2.16009
42	263	2.90905
42	278	2.31741
42	284	3.28942
43	99	3.13288
43	137	1.98925
43	151	1.83326
43	170	2.60834
43	225	1.23603
43	269	3.08568
43	288	4.6487
44	46	1.68055
44	124	1.94971
44	166	2.38867
44	204	3.10396
44	205	3.2422
44	234	2.98889
44	242	3.15941
45	224	2.33615
45	228	2.39976
45	230	2.04784
45	233	2.22521
45	238	2.47416
45	243	4.02853
45	263	2.99386
46	44	1.68055
46	73	1.53945
46	166	3.36312
46	205	4.21665
46	226	1.24206
46	292	2.97505
46	297	3.51257
47	74	0.506638
47	179	1.73798
47	195	2.50222
47	231	2.49325
47	237	2.52801
47	265	2.91632
47	299	5.83545
48	1	3.13274
48	76	0.320895
48	106	0.803963
48	137	2.10595
48	139	2.70854
48	186	3.36017
48	269	3.44406
48	291	6.74124
49	41	0.406779
49	62	1.57672
49	71	2.03835
49	211	2.52863
49	218	2.05362
49	267	3.80715
49	281	4.57366
49	298	5.65954
50	7	3.34824
50	24	1.83411
50	155	2.5774
50	160	2.58024
50	210	2.35986
50	224	3.15565
50	228	3.21926
50	263	3.54613
51	76	1.42876
51	160	1.78068
51	220	1.65015
51	221	1.3382
51	255	2.87148
51	268	2.94067
51	289	5.16754
51	297	5.45339
52	71	1.57403
52	98	2.64048
52	116	1.19865
52	167	2.29592
52	200	3.11593
52	214	3.27706
52	283	3.32488
52	297	5.22884
53	122	0.240818
53	129	1.02518
53	172	1.31134
53	248	2.92983
53	270	2.59274
53	288	3.99904
53	292	5.5372
53	298	4.97358
54	72	0.150494
54	142	1.68782
54	187	2.27124
54	209	2.87603
54	215	2.50621
54	232	2.60576
54	288	4.73068
54	299	5.77528
55	57	3.05037
55	102	0.864978
55	192	1.4158
55	221	2.43059
55	229	2.8563
55	246	3.16556
55	279	3.87572
55	292	4.94873
56	19	2.59498
56	61	0.583429
56	88	1.11544
56	194	2.31263
56	267	2.50784
56	276	3.11318
56	286	5.81751
56	294	4.58023
57	55	3.05037
57	68	1.1803
57	130	1.79513
57	144	1.20597
57	235	0.944697
57	286	3.94813
57	297	5.29898
57	300	5.22641
58	68	0.858354
58	174	1.78628
58	209	2.41167
58	265	2.7074
58	268	2.35744
58	272	3.29484
58	288	3.86963
58	297	5.34143
59	63	1.47632
59	194	2.75864
59	209	2.26333
59	226	3.07326
59	233	1.63957
59	239	2.21883
59	282	3.99573
59	297	5.1931
60	150	2.67089
60	160	2.64098
60	162	3.31781
60	178	2.67821
60	205	0.397015
60	210	1.715
60	290	4.22463
60	300	4.98351
61	56	0.583429
61	94	2.26528
61	188	1.57726
61	212	2.4767
61	260	1.92031
61	286	3.65952
61	297	4.97026
61	298	5.15357
62	49	1.57672
62	153	0.209613
62	225	2.77418
62	256	3.24708
62	257	3.70871
62	261	2.26694
62	292	4.58755
62	293	4.24852
63	10	2.05036
63	59	1.47632
63	91	0.00535747
63	135	2.73953
63	231	2.49406
63	249	4.6439
63	283	3.47408
63	299	5.8054
64	117	2.10787
64	129	0.49021
64	138	2.3662
64	151	3.31896
64	241	3.51707
64	253	3.14764
64	278	3.35261
64	284	4.32463
65	79	2.23952
65	144	1.86646
65	207	3.56532
65	250	3.61042
65	251	2.07038
65	264	2.97642
65	271	3.09667
65	280	3.17939
66	125	2.71835
66	158	2.0831
66	172	2.30304
66	218	1.05796
66	262	2.83506
66	263	2.63641
66	271	4.20288
66	297	4.78402
67	78	1.99901
67	85	1.47966
67	137	1.08818
67	145	0.676484
67	176	3.74644
67	277	4.07703
67	286	4.13854
67	300	5.41682
68	30	1.83272
68	57	1.1803
68	58	0.858354
68	103	1.85364
68	178	2.91475
68	199	2.2276
68	287	5.3781
68	297	6.37238
69	74	1.35343
69	168	3.0417
69	183	0.66827
69	189	2.72517
69	229	4.18868
69	235	2.50367
69	270	3.92796
69	292	4.21203
70	92	0.303804
70	115	1.03608
70	176	1.5392
70	195	2.04101
70	208	2.32666
70	248	3.11998
70	291	6.34217
70	299	5.8883
71	23	2.49394
71	49	2.03835
71	52	1.57403
71	245	1.06704
71	248	1.78914
71	278	5.2058
71	292	4.3965
71	293	4.05748
72	54	0.150494
72	81	2.06557
72	127	2.40449
72	166	2.99521
72	205	3.84873
72	248	3.64317
72	269	3.55303
72	285	3.9765
73	2	2.02314
73	46	1.53945
73	148	3.18377
73	210	2.18078
73	224	2.97657
73	228	3.04018
73	238	3.11458
73	268	4.56174
74	47	0.506638
74	69	1.35343
74	129	1.2706
74	192	1.91713
74	246	3.66689
74	269	3.849
74	279	4.37705
74	299	5.69015
75	142	3.13171
75	147	2.50049
75	171	0.96092
75	199	2.32811
75	239	3.33017
75	253	2.99095
75	278	3.19591
75	284	4.16793
76	48	0.320895
76	51	1.42876
76	85	0.970394
76	222	3.4382
76	287	5.46451
76	291	4.18657
76	292	3.57175
76	293	3.23273
77	119	1.00212
77	148	0.862046
77	174	2.47964
77	175	2.4797
77	190	2.93914
77	201	3.41504
77	290	4.24993
77	299	5.19789
78	67	1.99901
78	211	2.26391
78	217	2.06562
78	250	2.07255
78	253	2.67221
78	259	2.71986
78	284	3.84919
78	292	4.98449
79	65	2.23952
79	135	2.28325
79	164	2.70262
79	210	2.25288
79	228	3.11228
79	230	2.76036
79	238	3.18668
79	273	4.11035
80	12	2.63998
80	14	1.72748
80	123	1.26288
80	142	1.77745
80	242	2.87151
80	282	2.57261
80	290	4.60763
80	297	5.16562
81	72	2.06557
81	124	2.70266
81	127	2.55091
81	176	2.79029
81	196	2.2619
81	205	3.99514
81	217	2.20836
81	259	4.03808
82	116	3.03798
82	155	1.27736
82	204	2.10122
82	225	2.24532
82	256	2.28643
82	271	3.88568
82	275	2.88815
82	296	4.90485
83	167	1.54327
83	219	1.45368
83	268	3.54733
83	275	2.61284
83	279	2.33997
83	280	3.6931
83	287	3.35752
83	296	4.07291
84	109	1.34428
84	112	2.18285
84	157	3.95005
84	176	3.84751
84	211	1.97689
84	241	2.30815
84	266	3.00783
84	281	4.02193
85	6	1.80463
85	67	1.47966
85	76	0.970394
85	115	0.797198
85	247	3.86429
85	263	3.3444
85	288	3.9945
85	297	5.49201
85	300	5.25111
86	87	2.49786
86	88	1.78144
86	122	1.05231
86	134	2.52093
86	154	2.91609
86	157	2.86514
86	226	3.78077
86	275	3.52129
86	299	6.07459
87	86	2.49786
87	101	3.14855
87	128	0.876538
87	136	1.25584
87	156	3.42885
87	164	2.54424
87	226	4.42638
87	270	4.8402
87	279	3.99712
88	56	1.11544
88	86	1.78144
88	134	2.45012
88	154	2.84528
88	156	2.71243
88	181	2.64235
88	226	3.70997
88	235	4.39862
88	284	5.3341
89	91	0.0111511
89	158	2.04077
89	212	3.46301
89	213	2.10007
89	277	2.07074
89	289	3.82188
89	294	3.38728
89	298	5.92294
89	299	4.27986
90	97	2.13526
90	113	2.66818
90	120	1.23464
90	141	3.02192
90	162	2.01625
90	214	2.79176
90	258	3.5163
90	291	4.78291
90	293	4.83831
91	63	0.00535747
91	89	0.0111511
91	101	1.40017
91	200	3.22772
91	240	2.70994
91	271	4.58687
91	274	4.32975
91	283	4.23353
91	299	6.56484
92	70	0.303804
92	97	0.957024
92	149	1.95132
92	241	2.57469
92	242	2.93685
92	254	3.0069
92	290	4.67296
92	291	5.58739
92	294	4.998
93	155	2.97846
93	224	3.55671
93	230	3.26839
93	236	2.26133
93	238	3.69471
93	249	2.23626
93	272	2.28587
93	285	2.88867
93	294	3.83421
94	19	3.64371
94	61	2.26528
94	153	3.80461
94	156	3.79969
94	173	0.0164515
94	252	1.04999
94	289	4.15328
94	294	3.71868
94	299	4.61125
95	29	2.23578
95	174	2.0593
95	179	0.823972
95	227	2.5188
95	257	3.14951
95	266	3.40827
95	269	3.74719
95	281	4.42237
95	293	4.64004
96	3	2.11487
96	20	1.89678
96	227	4.42801
96	248	2.18045
96	257	5.05872
96	270	2.67233
96	276	1.99227
96	291	2.92775
96	300	3.74237
97	29	1.79336
97	30	1.87579
97	90	2.13526
97	92	0.957024
97	98	4.11107
97	188	2.67531
97	202	2.75651
97	258	5.47218
97	270	5.24671
98	52	2.64048
98	97	4.11107
98	102	3.38717
98	178	3.35246
98	213	0.986413
98	260	2.41435
98	261	2.5913
98	280	3.3028
98	287	4.19578
99	43	3.13288
99	107	2.43637
99	183	2.08822
99	233	2.68641
99	251	3.12592
99	272	1.8818
99	290	3.73767
99	292	4.03727
99	296	3.8433
100	249	2.05604
100	251	1.79635
100	252	2.3683
100	258	2.4634
100	268	2.7596
100	276	3.39094
100	283	3.16347
100	285	3.51027
100	299	5.50495
101	87	3.14855
101	91	1.40017
101	104	2.35216
101	154	3.56678
101	226	4.43147
101	250	2.20835
101	262	2.07501
101	265	2.67959
101	294	5.12657
102	38	1.55247
102	55	0.864978
102	98	3.38717
102	152	3.68283
102	160	2.57141
102	200	3.86262
102	246	2.18044
102	259	3.89597
102	290	5.0122
103	38	1.83824
103	68	1.85364
103	108	0.921976
103	188	2.41541
103	189	2.3209
103	195	2.39864
103	262	4.38776
103	278	4.52512
103	297	6.33672
104	25	2.12005
104	101	2.35216
104	145	1.84613
104	154	2.76531
104	156	2.63246
104	202	3.38033
104	226	3.63
104	227	2.92756
104	282	5.3441
105	106	2.36297
105	187	0.894342
105	193	1.80536
105	243	1.91726
105	244	3.73049
105	286	3.74469
105	287	3.58248
105	288	3.35378
105	294	5.60129
106	48	0.803963
106	105	2.36297
106	151	1.30058
106	169	2.99505
106	172	3.17511
106	244	4.96556
106	245	1.7442
106	290	4.77406
106	296	4.87968
107	99	2.43637
107	125	3.13021
107	211	3.15266
107	249	1.98853
107	259	4.78409
107	264	2.63488
107	268	2.69209
107	271	2.75514
107	285	3.44276
108	103	0.921976
108	162	1.85378
108	239	2.46645
108	242	3.03297
108	247	3.813
108	262	3.49176
108	265	2.80669
108	266	2.86067
108	295	5.75292
109	10	1.23727
109	84	1.34428
109	253	2.23436
109	264	2.30807
109	276	3.26455
109	277	2.78319
109	286	4.34147
109	289	4.53433
109	299	4.99231
110	3	3.01681
110	204	1.25636
110	207	2.45672
110	241	2.99673
110	248	3.04968
110	269	2.9747
110	270	2.71259
110	272	3.50157
110	286	5.02991
111	231	1.4333
111	244	2.07983
111	250	2.09906
111	253	2.69871
111	259	2.74637
111	281	3.61881
111	284	3.8757
111	285	4.23554
111	288	4.20753
112	11	0.489873
112	84	2.18285
112	202	0.82351
112	243	3.925
112	257	3.28605
112	261	2.74469
112	276	4.10313
112	293	4.72628
112	295	4.71669
113	90	2.66818
113	137	1.98573
113	139	1.32291
113	157	1.32237
113	171	3.3663
113	184	3.77477
113	231	3.6806
113	274	3.82309
113	286	5.03609
114	12	0.750287
114	34	0.762565
114	169	2.24058
114	184	2.32216
114	206	2.32223
114	209	2.75426
114	244	3.31056
114	286	4.79123
114	288	4.20781
114	294	8.10262
115	29	2.81419
115	70	1.03608
115	85	0.797198
115	200	2.57404
115	209	3.23089
115	221	2.04545
115	240	3.63047
115	255	3.57874
115	295	5.76923
115	297	6.16065
116	52	1.19865
116	82	3.03798
116	204	0.406484
116	216	2.11844
116	245	1.47771
116	256	3.33334
116	290	4.50757
116	292	4.80717
116	296	4.61319
116	297	6.11372
117	64	2.10787
117	130	0.733046
117	156	2.63753
117	159	1.45393
117	224	3.0844
117	240	4.17804
117	241	3.81885
117	262	3.95749
117	263	3.75884
117	297	5.90645
118	138	2.29091
118	186	2.33966
118	196	2.49685
118	242	2.03056
118	248	1.45891
118	252	3.20057
118	286	5.47496
118	290	3.76667
118	291	4.6811
118	296	3.8723
119	77	1.00212
119	128	1.60039
119	169	2.50973
119	249	2.30791
119	264	2.95426
119	267	4.27865
119	276	3.64281
119	280	3.15724
119	285	3.76214
119	295	6.42568
120	90	1.23464
120	134	2.5085
120	148	2.03099
120	208	2.90535
120	282	1.71387
120	283	4.1255
120	288	5.0213
120	291	4.66332
120	293	3.70947
120	295	3.69989
121	1	1.81125
121	14	0.649973
121	23	3.65052
121	142	3.12748
121	215	2.76718
121	232	4.04541
121	242	2.9188
121	273	4.32687
121	280	4.05861
121	282	4.25069
122	53	0.240818
122	86	1.05231
122	141	0.329693
122	148	3.08223
122	209	3.09743
122	272	2.94426
122	290	4.80013
122	294	5.52454
122	295	4.75113
122	300	5.8076
123	80	1.26288
123	184	2.40268
123	221	3.03525
123	251	3.04732
123	252	3.39177
123	255	3.91662
123	282	1.86851
123	291	4.81795
123	295	3.85453
123	296	4.00915
124	28	1.46227
124	44	1.94971
124	81	2.70266
124	127	3.04158
124	160	2.15541
124	166	3.63229
124	205	4.48581
124	249	4.2032
124	266	2.98353
124	270	5.01416
125	14	3.42522
125	30	2.67084
125	66	2.71835
125	107	3.13021
125	161	1.50524
125	198	0.220656
125	207	3.86542
125	282	3.31839
125	293	5.31399
125	296	5.45903
126	4	1.31878
126	132	2.12869
126	165	2.57503
126	179	3.56
126	234	4.0086
126	236	3.94554
126	237	4.35003
126	247	1.63189
126	273	3.8432
126	278	4.26973
127	15	0.819006
127	72	2.40449
127	81	2.55091
127	124	3.04158
127	166	3.48054
127	205	4.33406
127	208	2.37674
127	215	2.66932
127	284	4.19046
127	300	5.74931
128	87	0.876538
128	119	1.60039
128	203	1.98103
128	212	2.47672
128	229	3.34144
128	246	3.6507
128	279	4.36086
128	284	4.04824
128	286	4.9339
128	288	4.35048
129	53	1.02518
129	64	0.49021
129	74	1.2706
129	149	0.68746
129	259	4.44905
129	260	3.73332
129	275	4.04611
129	278	4.60636
129	284	5.57838
129	286	5.73714
130	13	1.69832
130	57	1.79513
130	117	0.733046
130	160	2.95971
130	216	2.64478
130	233	2.12853
130	262	3.7331
130	263	3.53445
130	296	6.70832
130	297	5.68206
131	31	0.881872
131	150	2.13543
131	152	3.21695
131	162	2.78235
131	196	1.96851
131	200	3.39674
131	255	3.19708
131	258	4.2824
131	285	4.39121
131	297	5.37136
132	126	2.12869
132	142	3.3314
132	148	3.34488
132	161	1.21462
132	184	3.03134
132	185	3.05332
132	261	3.04178
132	264	4.26143
132	272	3.20691
132	295	5.01378
133	196	0.247102
133	205	0.485466
133	274	2.77037
133	277	2.58434
133	284	3.51311
133	289	4.33548
133	291	4.25734
133	294	3.90089
133	298	4.78989
133	299	4.79346
134	20	1.97788
134	25	2.93951
134	86	2.52093
134	88	2.45012
134	120	2.5085
134	156	3.45192
134	164	3.50537
134	226	4.44945
134	237	3.22945
134	254	4.59722
135	63	2.73953
135	79	2.28325
135	142	0.385033
135	199	2.41521
135	239	3.41727
135	273	1.58443
135	279	4.9423
135	288	3.42788
135	298	5.31284
135	300	5.09708
136	87	1.25584
136	138	1.11654
136	149	2.65664
136	207	2.13562
136	241	2.97199
136	257	3.4129
136	260	3.30938
136	267	3.91925
136	281	4.68576
136	286	5.3132
136	298	5.70431
137	43	1.98925
137	48	2.10595
137	67	1.08818
137	113	1.98573
137	188	1.93664
137	202	2.01784
137	230	1.59953
137	286	5.84324
137	290	4.81921
137	298	7.33729
137	299	5.76717
138	64	2.3662
138	118	2.29091
138	136	1.11654
138	211	2.56164
138	214	2.63809
138	216	2.5261
138	236	4.92762
138	266	3.59257
138	267	3.84016
138	281	4.60667
138	290	6.02468
139	16	1.13203
139	48	2.70854
139	113	1.32291
139	157	1.4667
139	162	2.07311
139	166	2.10979
139	274	3.96741
139	282	4.58419
139	287	5.01821
139	289	5.63874
139	300	6.4587
140	165	2.4618
140	172	1.77135
140	175	2.38527
140	179	3.44676
140	231	4.20204
140	234	3.89537
140	237	4.2368
140	239	2.27751
140	272	3.88425
140	273	3.75738
140	284	4.15681
141	28	0.883091
141	90	3.02192
141	122	0.329693
141	150	4.21188
141	167	4.65317
141	193	1.0839
141	258	6.35884
141	271	3.11843
141	285	3.9343
141	287	4.26731
141	289	4.62096
142	54	1.68782
142	75	3.13171
142	80	1.77745
142	121	3.12748
142	132	3.3314
142	135	0.385033
142	207	3.7578
142	235	2.45641
142	243	3.63241
142	293	6.24497
142	298	6.95389
143	223	1.00406
143	239	1.68695
143	244	2.97124
143	249	3.2441
143	264	2.41851
143	280	3.33654
143	287	3.59272
143	288	3.36402
143	289	4.58317
143	298	5.24898
143	300	5.03322
144	7	2.53477
144	57	1.20597
144	65	1.86646
144	166	1.62469
144	185	1.78087
144	187	3.3011
144	232	3.63562
144	243	4.32402
144	288	5.76054
144	293	4.93635
144	296	5.51537
145	67	0.676484
145	104	1.84613
145	180	1.45427
145	203	1.80364
145	232	2.91573
145	260	3.69234
145	270	4.4763
145	274	4.21855
145	287	5.26934
145	290	4.78746
145	295	5.33792
146	155	1.42049
146	215	2.14818
146	240	1.99734
146	252	2.29098
146	259	3.35306
146	272	3.39677
146	276	3.47807
146	277	3.64313
146	289	5.39427
146	292	4.44221
146	294	4.95967
147	23	0.971897
147	75	2.50049
147	150	1.81755
147	173	1.16711
147	202	2.81271
147	222	1.20782
147	243	4.44473
147	277	4.12583
147	286	5.69977
147	294	5.44238
147	299	6.33495
148	73	3.18377
148	77	0.862046
148	120	2.03099
148	122	3.08223
148	132	3.34488
148	153	3.56
148	168	2.55064
148	170	2.17631
148	272	6.22313
148	273	4.53576
148	284	4.93518
149	92	1.95132
149	129	0.68746
149	136	2.65664
149	162	3.2035
149	173	3.33568
149	250	2.74524
149	253	3.34489
149	259	3.39254
149	278	3.54986
149	284	4.52187
149	295	7.10263
150	36	2.0404
150	60	2.67089
150	131	2.13543
150	141	4.21188
150	147	1.81755
150	181	3.36164
150	198	1.92906
150	200	3.8206
150	265	3.35534
150	291	5.27076
150	295	5.87695
151	15	0.736271
151	18	1.40305
151	43	1.83326
151	64	3.31896
151	106	1.30058
151	152	2.33153
151	199	3.29611
151	242	4.58731
151	269	3.94068
151	294	7.45325
151	295	6.27442
152	102	3.68283
152	131	3.21695
152	151	2.33153
152	160	3.6109
152	165	1.28931
152	167	4.0821
152	178	3.64812
152	234	2.13713
152	245	2.79245
152	292	4.45005
152	300	5.23602
153	24	0.757757
153	62	0.209613
153	94	3.80461
153	148	3.56
153	237	3.11609
153	246	3.16738
153	262	3.42341
153	269	2.89515
153	277	3.96571
153	291	6.19233
153	296	5.38352
154	86	2.91609
154	88	2.84528
154	101	3.56678
154	104	2.76531
154	156	3.84708
154	219	2.25555
154	226	4.84461
154	228	2.58137
154	252	3.05702
154	275	3.64038
154	278	4.47286
154	285	4.776
155	15	1.90282
155	50	2.5774
155	82	1.27736
155	93	2.97846
155	146	1.42049
155	167	4.12328
155	210	4.59559
155	230	5.10307
155	238	5.52939
155	241	4.12674
155	247	2.66354
155	284	5.27426
156	87	3.42885
156	88	2.71243
156	94	3.79969
156	104	2.63246
156	117	2.63753
156	134	3.45192
156	154	3.84708
156	186	2.94461
156	226	4.71176
156	229	2.84483
156	244	4.59924
156	277	3.96079
157	84	3.95005
157	86	2.86514
157	113	1.32237
157	139	1.4667
157	172	3.58185
157	179	3.04515
157	201	3.07738
157	220	3.5008
157	251	4.3284
157	273	2.94552
157	287	5.01768
157	300	6.45817
158	30	2.15323
158	66	2.0831
158	89	2.04077
158	210	3.20804
158	215	1.94278
158	225	2.88539
158	235	3.98223
158	250	3.27528
158	251	3.49946
158	276	5.09404
158	285	5.21338
158	294	6.1935
159	21	0.875189
159	117	1.45393
159	199	2.25815
159	203	1.94965
159	209	3.47318
159	239	3.42867
159	245	3.24879
159	265	3.76892
159	283	3.53995
159	295	5.48393
159	297	6.40294
159	300	5.69236
160	50	2.58024
160	51	1.78068
160	60	2.64098
160	102	2.57141
160	124	2.15541
160	130	2.95971
160	152	3.6109
160	181	3.33173
160	214	3.95181
160	258	4.67635
160	272	4.8806
160	298	6.42993
161	125	1.50524
161	132	1.21462
161	174	2.97907
161	204	1.84765
161	223	2.99067
161	231	2.28818
161	256	3.2902
161	259	4.44391
161	278	4.78729
161	282	3.91372
161	292	6.24834
161	296	6.05436
162	36	2.68731
162	60	3.31781
162	90	2.01625
162	108	1.85378
162	131	2.78235
162	139	2.07311
162	149	3.2035
162	176	3.41032
162	214	4.62864
162	258	5.35317
162	283	4.38083
162	286	5.86005
163	184	2.83501
163	191	3.16065
163	200	3.36807
163	237	3.12976
163	243	4.84346
163	262	3.43707
163	270	1.37327
163	272	2.16225
163	290	4.01812
163	291	4.93255
163	292	4.31772
163	293	3.9787
164	79	2.70262
164	87	2.54424
164	134	3.50537
164	194	1.90285
164	197	3.83078
164	232	2.8919
164	236	2.86853
164	238	3.48863
164	257	4.7076
164	260	3.66852
164	274	4.19472
164	287	5.24552
165	126	2.57503
165	140	2.4618
165	152	1.28931
165	188	3.05265
165	195	4.01188
165	229	2.78581
165	231	4.00291
165	232	2.69877
165	234	3.69624
165	237	4.03767
165	255	4.27136
165	300	6.69409
166	44	2.38867
166	46	3.36312
166	72	2.99521
166	124	3.63229
166	127	3.48054
166	139	2.10979
166	144	1.62469
166	205	4.92478
166	226	4.05096
166	257	4.00273
166	274	4.26833
166	281	4.72459
167	17	1.97734
167	36	2.48169
167	52	2.29592
167	83	1.54327
167	141	4.65317
167	152	4.0821
167	155	4.12328
167	178	3.0079
167	200	4.26189
167	219	4.18192
167	220	3.81133
167	277	5.13865
168	1	1.41739
168	6	1.90546
168	10	1.93522
168	69	3.0417
168	148	2.55064
168	180	2.29093
168	187	2.63325
168	212	4.18118
168	217	4.17319
168	279	6.06532
168	285	5.46881
168	292	5.91144
169	106	2.99505
169	114	2.24058
169	119	2.50973
169	182	0.00485158
169	222	1.32345
169	250	3.31515
169	258	3.66396
169	277	4.24147
169	280	4.72787
169	283	4.11927
169	289	5.99261
169	294	5.55801
169	298	6.23436
170	2	1.57505
170	24	2.7031
170	43	2.60834
170	148	2.17631
170	172	4.86429
170	181	2.07247
170	210	3.05456
170	230	2.34452
170	232	3.94651
170	261	3.82301
170	283	4.17066
170	289	5.78114
170	300	7.74062
171	26	0.900603
171	75	0.96092
171	113	3.3663
171	195	2.63745
171	197	2.1961
171	212	3.55365
171	244	4.40992
171	250	4.42915
171	267	3.94021
171	277	3.50334
171	278	5.23376
171	284	6.20578
171	293	5.53644
172	14	1.3843
172	37	1.63663
172	53	1.31134
172	66	2.30304
172	106	3.17511
172	140	1.77135
172	157	3.58185
172	170	4.86429
172	207	3.45011
172	244	4.54263
172	273	5.0612
172	288	6.90466
172	299	6.88557
173	2	1.35802
173	11	1.87745
173	94	0.0164515
173	147	1.16711
173	149	3.33568
173	184	1.36432
173	199	2.22521
173	238	2.87926
173	283	5.70604
173	291	5.8508
173	293	5.9062
173	294	7.14478
173	299	8.03735
174	13	1.96625
174	58	1.78628
174	77	2.47964
174	95	2.0593
174	161	2.97907
174	175	3.46648
174	177	3.27948
174	184	3.36417
174	188	3.91542
174	190	3.92592
174	201	4.40182
174	289	6.75891
174	291	6.48622
175	13	1.9663
175	20	2.41692
175	77	2.4797
175	140	2.38527
175	174	3.46648
175	177	3.27954
175	188	3.91547
175	190	3.92597
175	201	4.40187
175	209	4.60024
175	238	3.52426
175	273	5.35214
175	283	5.158
176	67	3.74644
176	70	1.5392
176	81	2.79029
176	84	3.84751
176	162	3.41032
176	177	3.14733
176	202	1.96618
176	206	3.154
176	242	4.17224
176	247	3.34831
176	261	3.88736
176	295	5.85936
176	296	6.01399
177	174	3.27948
177	175	3.27954
177	176	3.14733
177	188	3.72848
177	190	3.73898
177	192	3.05547
177	201	4.21488
177	209	3.56008
177	220	2.15061
177	233	2.5387
177	261	3.77018
178	36	2.04771
178	60	2.67821
178	68	2.91475
178	98	3.35246
178	152	3.64812
178	167	3.0079
178	194	4.44829
178	197	3.83785
178	214	3.98903
178	219	3.53282
178	225	3.78015
178	258	4.71357
178	267	4.92642
179	47	1.73798
179	95	0.823972
179	126	3.56
179	140	3.44676
179	157	3.04515
179	214	1.92005
179	231	4.98788
179	234	4.68121
179	237	5.02264
179	238	2.27936
179	280	4.27696
179	293	5.3063
179	294	5.78245
180	33	0.109502
180	36	1.86444
180	145	1.45427
180	168	2.29093
180	192	3.01954
180	213	2.35468
180	223	2.16545
180	281	4.38899
180	287	4.75411
180	292	5.44835
180	298	6.41037
180	299	6.4234
180	300	6.19461
181	12	1.67606
181	19	2.34653
181	29	1.82978
181	88	2.64235
181	150	3.36164
181	160	3.33173
181	170	2.07247
181	200	4.62294
181	211	2.88365
181	214	4.78407
181	258	5.5086
181	286	5.71701
181	298	6.10813
182	41	1.48674
182	169	0.00485158
182	214	2.522
182	218	2.77948
182	240	2.36913
182	248	5.10554
182	252	2.66277
182	275	4.30325
182	278	5.13573
182	280	4.87891
182	283	3.89272
182	289	5.76606
182	294	5.33146
182	299	6.22403
183	69	0.66827
183	99	2.08822
183	184	0.0049801
183	211	2.80451
183	240	2.36873
183	243	4.38284
183	252	2.66236
183	282	4.71458
183	283	3.89232
183	289	5.76565
183	291	5.49645
183	294	5.33106
183	297	6.06262
183	299	6.22363
184	113	3.77477
184	114	2.32216
184	123	2.40268
184	132	3.03134
184	163	2.83501
184	173	1.36432
184	174	3.36417
184	183	0.0049801
184	277	4.32304
184	281	4.85879
184	289	6.07419
184	293	5.94491
184	294	5.63959
184	299	6.53216
185	132	3.05332
185	144	1.78087
185	219	2.09267
185	230	2.74755
185	233	2.99456
185	242	3.79773
185	256	2.65012
185	268	4.18632
185	271	4.24936
185	275	3.25183
185	276	4.81766
185	285	4.93699
185	287	5.83052
185	290	5.96722
186	16	1.78366
186	48	3.36017
186	118	2.33966
186	156	2.94461
186	213	2.1478
186	235	1.70601
186	260	2.97022
186	264	4.12572
186	273	2.47507
186	276	5.0822
186	286	4.70944
186	294	6.54925
186	298	6.20349
186	300	5.98772
187	23	3.13254
187	54	2.27124
187	105	0.894342
187	144	3.3011
187	168	2.63325
187	192	3.36187
187	195	2.91844
187	199	2.13644
187	254	3.17646
187	261	4.07659
187	284	5.01779
187	287	5.88105
187	289	6.03471
187	298	7.53731
188	5	2.37757
188	61	1.57726
188	97	2.67531
188	103	2.41541
188	137	1.93664
188	165	3.05265
188	174	3.91542
188	175	3.91547
188	177	3.72848
188	190	4.37492
188	201	4.85081
188	297	6.75091
189	3	1.86419
189	6	1.58893
189	69	2.72517
189	103	2.3209
189	203	3.36896
189	212	3.86465
189	217	3.85666
189	226	4.38589
189	227	2.89182
189	246	5.03863
189	256	3.87602
189	263	3.94194
189	279	5.74878
189	300	6.90484
190	13	2.42574
190	27	2.87314
190	77	2.93914
190	174	3.92592
190	175	3.92597
190	177	3.73898
190	188	4.37492
190	201	4.86132
190	212	2.91751
190	236	3.80358
190	259	3.7844
190	271	3.61506
190	274	3.35793
190	299	5.8486
191	37	2.68425
191	163	3.16065
191	196	1.61641
191	198	2.87344
191	219	3.28071
191	222	1.03564
191	226	4.5108
191	243	5.10153
191	245	4.58619
191	252	2.60151
191	283	3.83146
191	289	5.7048
191	294	5.2702
191	299	6.16277
192	31	2.68808
192	55	1.4158
192	74	1.91713
192	177	3.05547
192	180	3.01954
192	187	3.36187
192	203	3.39198
192	217	3.87968
192	219	3.67697
192	229	4.75239
192	246	5.06165
192	260	4.74901
192	279	5.77181
192	280	5.63746
193	105	1.80536
193	141	1.0839
193	197	1.28344
193	209	3.85164
193	212	3.81981
193	215	3.48182
193	244	3.49725
193	250	3.51648
193	253	4.11613
193	259	4.16378
193	278	4.3211
193	284	5.29312
193	293	5.80259
193	295	6.35338
194	23	2.47801
194	35	2.40619
194	56	2.31263
194	59	2.75864
194	164	1.90285
194	178	4.44829
194	213	2.82708
194	216	3.5635
194	223	2.63785
194	248	6.2453
194	250	4.60594
194	277	5.01491
194	287	5.22651
194	288	4.99781
194	300	6.66701
195	4	2.75563
195	32	2.79357
195	35	1.58155
195	47	2.50222
195	70	2.04101
195	103	2.39864
195	165	4.01188
195	171	2.63745
195	187	2.91844
195	231	5.75212
195	234	5.44545
195	237	5.78688
195	243	5.05436
195	290	6.22371
195	292	6.19662
196	8	0.000384416
196	34	0.00966407
196	81	2.2619
196	118	2.49685
196	131	1.96851
196	133	0.247102
196	191	1.61641
196	236	5.13356
196	240	4.80393
196	277	6.44971
196	280	5.20094
196	285	5.76091
196	289	8.20086
196	290	6.23062
196	294	7.76626
197	33	1.22554
197	164	3.83078
197	171	2.1961
197	178	3.83785
197	193	1.28344
197	202	3.63653
197	220	3.07715
197	244	3.60725
197	250	3.62648
197	253	4.22613
197	259	4.27378
197	278	4.43109
197	284	5.40311
197	286	6.52359
197	294	6.91372
198	125	0.220656
198	150	1.92906
198	191	2.87344
198	248	2.35639
198	254	4.21032
198	270	2.0193
198	279	4.57136
198	281	4.63915
198	287	5.5889
198	288	5.22787
198	290	4.66416
198	291	5.57858
198	292	4.96376
198	293	4.62474
198	295	4.61515
199	68	2.2276
199	75	2.32811
199	135	2.41521
199	151	3.29611
199	159	2.25815
199	173	2.22521
199	187	2.13644
199	247	5.08295
199	255	4.12876
199	263	4.56306
199	265	4.07665
199	273	4.24232
199	296	6.0204
199	297	6.71067
199	299	6.38967
200	52	3.11593
200	91	3.22772
200	102	3.86262
200	115	2.57404
200	131	3.39674
200	150	3.8206
200	163	3.36807
200	167	4.26189
200	181	4.62294
200	207	3.9908
200	229	3.3289
200	234	4.13829
200	238	3.45102
200	254	4.96302
200	258	5.96756
201	13	2.90164
201	38	1.87912
201	77	3.41504
201	157	3.07738
201	174	4.40182
201	175	4.40187
201	177	4.21488
201	188	4.85081
201	190	4.86132
201	212	3.35574
201	218	2.20975
201	226	3.57878
201	259	4.22263
201	288	4.84113
201	295	5.88932
202	97	2.75651
202	104	3.38033
202	112	0.82351
202	137	2.01784
202	147	2.81271
202	176	1.96618
202	197	3.63653
202	245	2.82486
202	262	3.74593
202	279	5.16742
202	284	5.52169
202	290	5.85472
202	293	5.8153
202	295	5.80572
202	296	5.96035
203	6	1.69204
203	128	1.98103
203	145	1.80364
203	159	1.94965
203	189	3.36896
203	192	3.39198
203	212	3.96775
203	217	3.95977
203	228	3.47488
203	229	4.83247
203	244	4.74423
203	279	5.85189
203	281	5.05277
203	285	5.6695
203	289	6.35616
204	16	2.60833
204	44	3.10396
204	82	2.10122
204	110	1.25636
204	116	0.406484
204	161	1.84765
204	226	5.13802
204	242	3.9597
204	265	4.92693
204	267	5.30152
204	269	3.31307
204	280	5.86842
204	291	6.61025
204	292	5.99543
204	293	5.6564
205	39	2.32696
205	44	3.2422
205	46	4.21665
205	60	0.397015
205	72	3.84873
205	81	3.99514
205	124	4.48581
205	127	4.33406
205	133	0.485466
205	166	4.92478
205	274	3.75271
205	282	4.45782
205	289	5.51237
205	296	5.87411
205	299	6.24338
206	37	1.9314
206	114	2.32223
206	176	3.154
206	218	2.38892
206	235	3.78258
206	239	2.83876
206	240	2.67732
206	252	2.97096
206	271	4.23245
206	272	4.44551
206	277	4.32311
206	283	4.20091
206	289	6.07425
206	299	6.53223
206	300	6.27691
207	65	3.56532
207	110	2.45672
207	125	3.86542
207	136	2.13562
207	142	3.7578
207	172	3.45011
207	200	3.9908
207	208	2.9592
207	216	3.54519
207	241	3.91198
207	246	3.80377
207	257	4.3529
207	266	4.61165
207	267	4.85925
207	281	5.62575
207	294	7.11136
208	19	3.22457
208	70	2.32666
208	120	2.90535
208	127	2.37674
208	207	2.9592
208	211	3.4643
208	216	3.42877
208	227	3.60576
208	241	3.79556
208	246	3.67759
208	259	5.39312
208	266	4.49524
208	267	4.74283
208	281	5.50933
208	283	5.11583
208	298	6.98616
209	54	2.87603
209	58	2.41167
209	59	2.26333
209	114	2.75426
209	115	3.23089
209	122	3.09743
209	159	3.47318
209	175	4.60024
209	177	3.56008
209	193	3.85164
209	218	4.19964
209	220	4.12246
209	233	4.37217
209	258	5.07816
209	276	6.18053
209	297	7.9257
210	9	2.79239
210	50	2.35986
210	60	1.715
210	73	2.18078
210	79	2.25288
210	155	4.59559
210	158	3.20804
210	170	3.05456
210	213	3.26734
210	224	5.17384
210	228	5.23745
210	230	4.88552
210	238	5.31184
210	261	4.87222
210	281	5.52695
210	299	7.56136
211	49	2.52863
211	78	2.26391
211	84	1.97689
211	107	3.15266
211	138	2.56164
211	181	2.88365
211	183	2.80451
211	208	3.4643
211	253	4.35395
211	257	4.858
211	262	3.79963
211	266	5.11676
211	267	5.36435
211	281	6.13086
211	288	5.87764
211	294	6.85118
212	22	1.06878
212	61	2.4767
212	89	3.46301
212	128	2.47672
212	168	4.18118
212	171	3.55365
212	189	3.86465
212	190	2.91751
212	193	3.81981
212	201	3.35574
212	203	3.96775
212	217	4.45545
212	246	5.63743
212	266	4.79812
212	279	6.34758
212	298	7.61672
213	89	2.10007
213	98	0.986413
213	180	2.35468
213	186	2.1478
213	194	2.82708
213	210	3.26734
213	234	3.43697
213	236	3.79277
213	243	4.50454
213	273	4.0976
213	283	4.38345
213	286	6.33197
213	288	5.94106
213	291	5.72124
213	292	5.74989
213	296	6.35567
214	29	2.44986
214	52	3.27706
214	90	2.79176
214	138	2.63809
214	160	3.95181
214	162	4.62864
214	178	3.98903
214	179	1.92005
214	181	4.78407
214	182	2.522
214	221	3.19123
214	258	6.12869
214	273	4.53706
214	274	4.19374
214	296	6.31514
214	299	6.68441
215	54	2.50621
215	121	2.76718
215	127	2.66932
215	146	2.14818
215	158	1.94278
215	193	3.48182
215	225	2.99339
215	249	3.86715
215	251	3.60747
215	264	4.5135
215	268	4.57071
215	276	5.20205
215	279	5.64769
215	284	6.00196
215	285	5.32138
215	292	6.77484
216	28	1.77514
216	38	3.51587
216	116	2.11844
216	130	2.64478
216	138	2.5261
216	194	3.5635
216	207	3.54519
216	208	3.42877
216	227	4.19175
216	241	4.38155
216	266	5.08122
216	267	5.32882
216	269	4.74501
216	286	5.72388
216	289	5.85514
216	291	5.58246
217	1	1.69167
217	10	2.17377
217	22	1.06079
217	78	2.06562
217	81	2.20836
217	168	4.17319
217	189	3.85666
217	192	3.87968
217	203	3.95977
217	212	4.45545
217	240	4.58877
217	243	5.00773
217	246	5.62944
217	279	6.33959
217	292	6.14999
217	293	6.17674
217	297	6.68751
218	49	2.05362
218	66	1.05796
218	182	2.77948
218	201	2.20975
218	206	2.38892
218	209	4.19964
218	220	3.32616
218	239	4.15513
218	247	5.50168
218	260	4.0758
218	262	5.18044
218	265	4.49538
218	274	4.45122
218	281	4.90748
218	289	6.21087
218	292	5.96684
218	297	7.1294
219	8	1.4
219	83	1.45368
219	154	2.25555
219	167	4.18192
219	178	3.53282
219	185	2.09267
219	191	3.28071
219	192	3.67697
219	264	4.93978
219	268	4.99699
219	271	5.06003
219	272	5.06035
219	276	5.62832
219	280	5.14276
219	281	5.04642
219	285	5.74766
219	294	6.60869
220	7	3.36037
220	51	1.65015
220	157	3.5008
220	167	3.81133
220	177	2.15061
220	197	3.07715
220	209	4.12246
220	218	3.32616
220	254	4.247
220	255	4.47031
220	262	5.10326
220	263	4.90461
220	265	4.41819
220	267	4.16571
220	270	5.45112
220	285	5.29257
220	297	7.05222
221	9	2.75681
221	51	1.3382
221	55	2.43059
221	115	2.04545
221	123	3.03525
221	214	3.19123
221	233	3.18674
221	239	3.766
221	247	5.11255
221	248	5.77477
221	255	4.15836
221	263	4.59266
221	265	4.10624
221	266	4.23602
221	293	6.57748
221	297	6.74027
221	298	7.05462
222	21	2.7547
222	39	0.000499864
222	76	3.4382
222	147	1.20782
222	169	1.32345
222	191	1.03564
222	229	3.81064
222	232	3.72359
222	234	4.62003
222	235	5.22459
222	240	4.22315
222	271	5.67445
222	277	5.86894
222	279	5.80579
222	283	5.74674
222	289	7.62008
222	299	8.07806
223	13	2.12226
223	27	0.221806
223	143	1.00406
223	161	2.99067
223	180	2.16545
223	194	2.63785
223	253	4.53215
223	254	3.27593
223	255	4.88972
223	258	4.45998
223	264	4.60586
223	269	5.66038
223	274	4.92972
223	278	5.78071
223	288	5.75182
223	298	7.63678
223	300	7.42102
224	4	1.50568
224	21	3.16099
224	39	3.47263
224	45	2.33615
224	50	3.15565
224	73	2.97657
224	93	3.55671
224	117	3.0844
224	210	5.17384
224	225	3.69825
224	228	6.03324
224	230	5.68131
224	238	6.10763
224	251	3.90794
224	268	4.43117
224	276	5.44987
224	282	5.60349
224	296	7.01978
225	26	1.74402
225	43	1.23603
225	62	2.77418
225	82	2.24532
225	158	2.88539
225	178	3.78015
225	215	2.99339
225	224	3.69825
225	249	4.80976
225	256	3.97712
225	264	5.45611
225	269	5.48701
225	271	5.57637
225	275	4.57884
225	280	5.65909
225	284	5.58023
225	295	6.93065
225	296	6.95889
226	25	4.19935
226	46	1.24206
226	59	3.07326
226	86	3.78077
226	87	4.42638
226	88	3.70997
226	101	4.43147
226	104	3.63
226	134	4.44945
226	154	4.84461
226	156	4.71176
226	166	4.05096
226	189	4.38589
226	191	4.5108
226	201	3.57878
226	204	5.13802
226	245	5.67827
226	282	6.52535
227	6	3.1813
227	41	2.10544
227	95	2.5188
227	96	4.42801
227	104	2.92756
227	189	2.89182
227	208	3.60576
227	216	4.19175
227	241	4.55855
227	255	4.20504
227	257	4.99947
227	267	5.50582
227	268	3.85897
227	271	4.58331
227	279	4.71465
227	281	6.27232
227	288	5.37116
227	296	6.44758
228	21	3.2246
228	39	3.49023
228	45	2.39976
228	50	3.21926
228	73	3.04018
228	79	3.11228
228	154	2.58137
228	203	3.47488
228	210	5.23745
228	224	6.03324
228	230	5.74492
228	236	5.36164
228	238	6.17124
228	245	4.77401
228	247	3.048
228	260	4.54057
228	273	5.2593
228	284	5.65873
229	1	2.56438
229	22	1.9335
229	55	2.8563
229	69	4.18868
229	128	3.34144
229	156	2.84483
229	165	2.78581
229	192	4.75239
229	200	3.3289
229	203	4.83247
229	222	3.81064
229	237	3.09059
229	246	6.50215
229	264	4.02593
229	279	7.2123
229	281	4.88719
229	297	6.48407
229	299	6.9216
230	3	1.62159
230	21	2.87268
230	45	2.04784
230	79	2.76036
230	93	3.26839
230	137	1.59953
230	155	5.10307
230	170	2.34452
230	185	2.74755
230	210	4.88552
230	224	5.68131
230	228	5.74492
230	238	5.81932
230	244	4.50838
230	292	5.87628
230	295	6.45382
230	298	6.38017
230	300	6.66224
231	4	2.74666
231	32	2.78461
231	47	2.49325
231	63	2.49406
231	111	1.4333
231	113	3.6806
231	140	4.20204
231	161	2.28818
231	165	4.00291
231	179	4.98788
231	195	5.75212
231	234	5.43648
231	237	5.77791
231	249	4.72895
231	272	4.77855
231	293	5.85074
231	294	6.3269
231	300	6.60996
232	24	2.61855
232	25	0.253254
232	54	2.60576
232	121	4.04541
232	144	3.63562
232	145	2.91573
232	164	2.8919
232	165	2.69877
232	170	3.94651
232	222	3.72359
232	253	3.86518
232	268	3.87668
232	280	4.85692
232	289	6.10354
232	294	6.36242
232	295	6.43705
232	298	7.87183
232	300	7.65607
233	45	2.22521
233	59	1.63957
233	99	2.68641
233	130	2.12853
233	177	2.5387
233	185	2.99456
233	209	4.37217
233	221	3.18674
233	239	4.32766
233	240	4.56207
233	254	4.63509
233	255	4.72002
233	262	5.35297
233	263	5.15432
233	270	5.83921
233	291	6.09463
233	297	7.30193
233	298	6.62718
234	4	2.43999
234	28	3.85693
234	32	2.47793
234	44	2.98889
234	126	4.0086
234	140	3.89537
234	152	2.13713
234	165	3.69624
234	179	4.68121
234	195	5.44545
234	200	4.13829
234	213	3.43697
234	222	4.62003
234	231	5.43648
234	237	5.47124
234	240	5.19472
234	275	5.17769
234	289	6.99998
234	291	6.72729
235	57	0.944697
235	69	2.50367
235	88	4.39862
235	142	2.45641
235	158	3.98223
235	186	1.70601
235	206	3.78258
235	222	5.22459
235	236	3.35098
235	237	4.50454
235	254	3.02337
235	257	5.57928
235	260	4.15096
235	261	5.64641
235	275	5.78226
235	287	5.72797
235	288	5.49927
235	298	7.38422
235	300	7.16846
236	12	0.471155
236	16	3.73622
236	19	0.989559
236	93	2.26133
236	126	3.94554
236	138	4.92762
236	164	2.86853
236	190	3.80358
236	196	5.13356
236	213	3.79277
236	228	5.36164
236	235	3.35098
236	257	6.21767
236	260	4.61519
236	268	6.01606
236	274	5.1414
236	286	6.35441
236	287	6.1922
236	300	7.63269
237	28	4.19836
237	35	1.59783
237	47	2.52801
237	126	4.35003
237	134	3.22945
237	140	4.2368
237	153	3.11609
237	163	3.12976
237	165	4.03767
237	179	5.02264
237	195	5.78688
237	229	3.09059
237	231	5.77791
237	234	5.47124
237	235	4.50454
237	270	5.92882
237	281	5.15354
237	283	4.84646
237	296	6.81868
238	17	0.901019
238	45	2.47416
238	73	3.11458
238	79	3.18668
238	93	3.69471
238	155	5.52939
238	164	3.48863
238	173	2.87926
238	175	3.52426
238	179	2.27936
238	200	3.45102
238	210	5.31184
238	224	6.10763
238	228	6.17124
238	230	5.81932
238	278	5.3229
238	291	6.04002
238	296	6.67445
238	300	6.85464
239	59	2.21883
239	75	3.33017
239	108	2.46645
239	135	3.41727
239	140	2.27751
239	143	1.68695
239	159	3.42867
239	206	2.83876
239	218	4.15513
239	221	3.766
239	233	4.32766
239	255	5.29928
239	262	5.93223
239	265	5.24716
239	275	4.83843
239	278	5.67091
239	293	6.44343
239	296	7.02246
239	297	7.88119
239	300	7.20265
240	2	2.98621
240	9	3.71372
240	91	2.70994
240	115	3.63047
240	117	4.17804
240	146	1.99734
240	182	2.36913
240	183	2.36873
240	196	4.80393
240	206	2.67732
240	217	4.58877
240	222	4.22315
240	233	4.56207
240	234	5.19472
240	247	4.12403
240	249	6.41261
240	252	5.78902
240	263	5.33071
240	294	8.45771
240	299	9.35028
241	17	1.9808
241	64	3.51707
241	84	2.30815
241	92	2.57469
241	110	2.99673
241	117	3.81885
241	136	2.97199
241	155	4.12674
241	207	3.91198
241	208	3.79556
241	216	4.38155
241	227	4.55855
241	249	6.05342
241	257	5.18926
241	266	5.44802
241	267	5.69561
241	274	5.63283
241	281	6.46212
241	282	6.33794
241	297	7.68598
242	5	2.37349
242	6	4.26595
242	44	3.15941
242	80	2.87151
242	92	2.93685
242	108	3.03297
242	118	2.03056
242	121	2.9188
242	151	4.58731
242	176	4.17224
242	185	3.79773
242	204	3.9597
242	247	3.54285
242	251	4.42039
242	270	5.41594
242	271	5.66796
242	285	6.48383
242	292	8.36039
242	295	8.01179
242	298	7.43035
243	2	2.17889
243	25	2.32034
243	37	1.40723
243	45	4.02853
243	105	1.91726
243	112	3.925
243	142	3.63241
243	144	4.32402
243	147	4.44473
243	163	4.84346
243	183	4.38284
243	191	5.10153
243	195	5.05436
243	213	4.50454
243	217	5.00773
243	266	5.61189
243	273	4.83181
243	287	6.90397
243	288	6.67527
243	300	8.34446
244	32	1.94707
244	42	1.49356
244	105	3.73049
244	106	4.96556
244	111	2.07983
244	114	3.31056
244	143	2.97124
244	156	4.59924
244	171	4.40992
244	172	4.54263
244	193	3.49725
244	197	3.60725
244	203	4.74423
244	230	4.50838
244	250	5.84029
244	251	5.1949
244	253	6.43995
244	259	6.4876
244	278	6.64491
244	284	7.61693
244	287	7.59136
245	38	3.97861
245	71	1.06704
245	106	1.7442
245	116	1.47771
245	152	2.79245
245	159	3.24879
245	191	4.58619
245	202	2.82486
245	226	5.67827
245	228	4.77401
245	248	4.45928
245	265	5.46719
245	266	5.09655
245	269	4.3843
245	276	6.44713
245	282	4.73203
245	283	6.04482
245	290	6.76705
245	292	7.06665
245	295	6.71805
245	296	6.87267
246	22	2.24276
246	55	3.16556
246	74	3.66689
246	102	2.18044
246	128	3.6507
246	153	3.16738
246	189	5.03863
246	192	5.06165
246	207	3.80377
246	208	3.67759
246	212	5.63743
246	217	5.62944
246	229	6.50215
246	254	4.77599
246	263	4.08725
246	266	3.94947
246	268	4.28135
246	279	7.52156
246	280	5.26159
246	287	6.15457
246	298	6.76808
247	31	2.27657
247	85	3.86429
247	108	3.813
247	126	1.63189
247	155	2.66354
247	176	3.34831
247	199	5.08295
247	218	5.50168
247	221	5.11255
247	228	3.048
247	240	4.12403
247	242	3.54285
247	255	6.64583
247	258	3.61875
247	265	6.59371
247	272	4.63982
247	276	4.72112
247	282	4.87473
247	285	5.24263
247	297	9.22774
247	299	6.6603
248	35	3.67784
248	40	2.35503
248	53	2.92983
248	70	3.11998
248	71	1.78914
248	72	3.64317
248	96	2.18045
248	110	3.04968
248	118	1.45891
248	182	5.10554
248	194	6.2453
248	198	2.35639
248	221	5.77477
248	245	4.45928
248	256	6.05005
248	261	5.46814
248	262	5.74425
248	276	7.32877
248	290	7.48914
248	291	8.40357
248	296	7.59477
249	4	3.0655
249	40	2.36058
249	63	4.6439
249	93	2.23626
249	100	2.05604
249	107	1.98853
249	119	2.30791
249	124	4.2032
249	143	3.2441
249	215	3.86715
249	225	4.80976
249	231	4.72895
249	240	6.41261
249	241	6.05342
249	251	5.42383
249	266	5.65912
249	268	6.38708
249	271	6.45012
249	275	5.45259
249	276	7.01841
249	287	7.86421
250	65	3.61042
250	78	2.07255
250	101	2.20835
250	111	2.09906
250	149	2.74524
250	158	3.27528
250	169	3.31515
250	171	4.42915
250	193	3.51648
250	194	4.60594
250	197	3.62648
250	244	5.84029
250	253	6.45918
250	259	6.50683
250	261	4.93946
250	262	4.1049
250	275	5.0753
250	278	6.66414
250	284	7.63616
250	291	6.6249
250	293	6.6803
250	298	7.15745
251	29	4.18529
251	65	2.07038
251	99	3.12592
251	100	1.79635
251	123	3.04732
251	157	4.3284
251	158	3.49946
251	215	3.60747
251	224	3.90794
251	242	4.42039
251	244	5.1949
251	249	5.42383
251	254	5.0746
251	256	4.59119
251	264	6.07019
251	271	6.19044
251	275	5.19291
251	277	4.55645
251	280	6.27316
251	285	6.87807
251	290	6.58989
251	296	7.16858
252	10	5.88889
252	40	0.969375
252	94	1.04999
252	100	2.3683
252	118	3.20057
252	123	3.39177
252	146	2.29098
252	154	3.05702
252	182	2.66277
252	183	2.66236
252	191	2.60151
252	206	2.97096
252	240	5.78902
252	260	5.01621
252	275	5.329
252	283	7.31261
252	288	6.43661
252	290	6.93434
252	294	8.75135
252	295	7.48479
252	298	7.41115
252	299	9.64392
253	10	3.09832
253	23	2.45943
253	64	3.14764
253	75	2.99095
253	78	2.67221
253	109	2.23436
253	111	2.69871
253	149	3.34489
253	193	4.11613
253	197	4.22613
253	211	4.35395
253	223	4.53215
253	232	3.86518
253	244	6.43995
253	250	6.45918
253	265	5.13046
253	277	5.06819
253	278	7.26379
253	280	6.07194
253	284	8.23581
253	290	7.10162
253	296	7.68031
254	1	4.33072
254	19	0.661957
254	42	3.59778
254	92	3.0069
254	134	4.59722
254	187	3.17646
254	198	4.21032
254	200	4.96302
254	220	4.247
254	223	3.27593
254	233	4.63509
254	235	3.02337
254	246	4.77599
254	251	5.0746
254	260	4.28759
254	274	4.8138
254	286	6.0268
254	287	5.86459
254	288	5.63589
254	295	8.15821
254	298	7.52085
254	300	7.30509
255	2	2.91066
255	18	2.51445
255	31	1.32238
255	51	2.87148
255	115	3.57874
255	123	3.91662
255	131	3.19708
255	165	4.27136
255	199	4.12876
255	220	4.47031
255	221	4.15836
255	223	4.88972
255	227	4.20504
255	233	4.72002
255	239	5.29928
255	247	6.64583
255	263	6.12594
255	267	5.86261
255	279	6.30494
255	283	6.06566
255	290	7.45919
255	297	8.27355
256	21	2.64776
256	30	3.24496
256	34	2.43682
256	62	3.24708
256	82	2.28643
256	116	3.33334
256	161	3.2902
256	185	2.65012
256	189	3.87602
256	225	3.97712
256	248	6.05005
256	251	4.59119
256	264	5.49723
256	268	5.55444
256	270	6.54193
256	271	5.61748
256	276	6.18577
256	280	5.70021
256	284	6.05312
256	285	6.30511
256	287	6.7164
256	295	7.40355
257	20	2.46824
257	34	2.89846
257	41	2.73616
257	62	3.70871
257	95	3.14951
257	96	5.05872
257	112	3.28605
257	136	3.4129
257	164	4.7076
257	166	4.00273
257	207	4.3529
257	211	4.858
257	227	4.99947
257	235	5.57928
257	236	6.21767
257	241	5.18926
257	264	5.36702
257	266	5.88894
257	267	6.13653
257	271	6.02915
257	277	5.2813
257	281	6.90304
257	300	8.07361
258	5	3.16655
258	14	4.10175
258	26	2.39327
258	29	3.1744
258	90	3.5163
258	97	5.47218
258	100	2.4634
258	131	4.2824
258	141	6.35884
258	160	4.67635
258	162	5.35317
258	169	3.66396
258	178	4.71357
258	181	5.5086
258	200	5.96756
258	209	5.07816
258	214	6.12869
258	223	4.45998
258	247	3.61875
258	263	4.82542
258	282	6.19184
258	295	7.5799
258	296	7.60813
259	16	2.65809
259	42	2.16009
259	78	2.71986
259	81	4.03808
259	102	3.89597
259	107	4.78409
259	111	2.74637
259	129	4.44905
259	146	3.35306
259	149	3.39254
259	161	4.44391
259	190	3.7844
259	193	4.16378
259	197	4.27378
259	201	4.22263
259	208	5.39312
259	244	6.4876
259	250	6.50683
259	265	6.03564
259	271	6.72122
259	278	7.31144
259	284	8.28346
259	298	8.48361
260	37	1.49545
260	61	1.92031
260	98	2.41435
260	129	3.73332
260	136	3.30938
260	145	3.69234
260	164	3.66852
260	186	2.97022
260	192	4.74901
260	218	4.0758
260	228	4.54057
260	235	4.15096
260	236	4.61519
260	252	5.01621
260	254	4.28759
260	261	5.46373
260	270	6.89375
260	274	5.94138
260	287	6.99218
260	288	6.76348
260	292	7.17782
260	296	7.7836
260	298	8.64844
261	11	1.28807
261	17	1.45155
261	62	2.26694
261	98	2.5913
261	112	2.74469
261	132	3.04178
261	170	3.82301
261	176	3.88736
261	177	3.77018
261	187	4.07659
261	210	4.87222
261	235	5.64641
261	248	5.46814
261	250	4.93946
261	260	5.46373
261	265	5.41069
261	272	5.92003
261	279	6.22761
261	282	5.74089
261	293	7.73649
261	295	7.7269
261	296	7.88153
261	299	8.32982
262	30	2.86522
262	66	2.83506
262	101	2.07501
262	103	4.38776
262	108	3.49176
262	117	3.95749
262	130	3.7331
262	153	3.42341
262	163	3.43707
262	202	3.74593
262	211	3.79963
262	218	5.18044
262	220	5.10326
262	233	5.35297
262	239	5.93223
262	248	5.74425
262	250	4.1049
262	265	6.27248
262	273	5.3479
262	289	6.76425
262	290	6.5473
262	297	8.9065
262	300	7.30618
263	31	1.75669
263	42	2.90905
263	45	2.99386
263	50	3.54613
263	66	2.63641
263	85	3.3444
263	117	3.75884
263	130	3.53445
263	189	3.94194
263	199	4.56306
263	220	4.90461
263	221	4.59266
263	233	5.15432
263	240	5.33071
263	246	4.08725
263	255	6.12594
263	258	4.82542
263	265	6.07382
263	269	6.02583
263	270	6.60785
263	294	7.39484
263	296	7.49771
263	297	8.70785
264	21	2.96999
264	35	2.80169
264	65	2.97642
264	107	2.63488
264	109	2.30807
264	119	2.95426
264	132	4.26143
264	143	2.41851
264	186	4.12572
264	215	4.5135
264	219	4.93978
264	223	4.60586
264	225	5.45611
264	229	4.02593
264	251	6.07019
264	256	5.49723
264	257	5.36702
264	273	5.97593
264	275	6.09895
264	276	7.66477
264	280	7.1792
264	291	7.11959
264	297	7.68576
264	300	7.93421
265	15	2.98045
265	47	2.91632
265	58	2.7074
265	101	2.67959
265	108	2.80669
265	150	3.35534
265	159	3.76892
265	199	4.07665
265	204	4.92693
265	218	4.49538
265	220	4.41819
265	221	4.10624
265	239	5.24716
265	245	5.46719
265	247	6.59371
265	253	5.13046
265	259	6.03564
265	261	5.41069
265	262	6.27248
265	263	6.07382
265	272	6.07935
265	288	6.65414
265	290	7.15187
265	297	8.22143
266	36	3.17024
266	38	4.58234
266	84	3.00783
266	95	3.40827
266	108	2.86067
266	124	2.98353
266	138	3.59257
266	207	4.61165
266	208	4.49524
266	211	5.11676
266	212	4.79812
266	216	5.08122
266	221	4.23602
266	241	5.44802
266	243	5.61189
266	245	5.09655
266	246	3.94947
266	249	5.65912
266	257	5.88894
266	267	6.39529
266	279	5.627
266	281	7.16179
266	298	7.25805
266	300	7.54012
267	3	3.19268
267	11	3.49738
267	18	2.58174
267	49	3.80715
267	56	2.50784
267	119	4.27865
267	136	3.91925
267	138	3.84016
267	171	3.94021
267	178	4.92642
267	204	5.30152
267	207	4.85925
267	208	4.74283
267	211	5.36435
267	216	5.32882
267	220	4.16571
267	227	5.50582
267	241	5.69561
267	255	5.86261
267	257	6.13653
267	266	6.39529
267	275	5.92113
267	293	7.52613
267	300	8.28535
268	22	4.04177
268	35	2.85889
268	51	2.94067
268	58	2.35744
268	73	4.56174
268	83	3.54733
268	100	2.7596
268	107	2.69209
268	185	4.18632
268	215	4.57071
268	219	4.99699
268	224	4.43117
268	227	3.85897
268	232	3.87668
268	236	6.01606
268	246	4.28135
268	249	6.38708
268	256	5.55444
268	275	6.15615
268	280	7.23641
268	285	7.84131
268	293	7.11278
268	296	7.69181
268	297	7.62355
269	5	1.72686
269	37	4.64322
269	43	3.08568
269	48	3.44406
269	72	3.55303
269	74	3.849
269	95	3.74719
269	110	2.9747
269	151	3.94068
269	153	2.89515
269	204	3.31307
269	216	4.74501
269	223	5.66038
269	225	5.48701
269	245	4.3843
269	263	6.02583
269	270	4.76931
269	271	6.94427
269	273	7.03046
269	282	5.37914
269	288	7.73212
269	290	7.41416
269	293	7.37474
269	295	7.36516
269	296	7.51978
270	40	2.84691
270	53	2.59274
270	69	3.92796
270	87	4.8402
270	96	2.67233
270	97	5.24671
270	110	2.71259
270	124	5.01416
270	145	4.4763
270	163	1.37327
270	198	2.0193
270	220	5.45112
270	233	5.83921
270	237	5.92882
270	242	5.41594
270	256	6.54193
270	260	6.89375
270	263	6.60785
270	269	4.76931
270	272	5.29618
270	282	5.11703
270	291	8.06648
270	292	7.45166
270	293	7.11263
270	295	7.10305
270	296	7.25768
271	7	1.98253
271	36	4.22645
271	65	3.09667
271	66	4.20288
271	82	3.88568
271	91	4.58687
271	107	2.75514
271	141	3.11843
271	185	4.24936
271	190	3.61506
271	206	4.23245
271	219	5.06003
271	222	5.67445
271	225	5.57637
271	227	4.58331
271	242	5.66796
271	249	6.45012
271	251	6.19044
271	256	5.61748
271	257	6.02915
271	259	6.72122
271	269	6.94427
271	275	6.2192
271	279	6.68321
271	280	7.29945
271	285	7.90435
272	18	3.02066
272	58	3.29484
272	93	2.28587
272	99	1.8818
272	110	3.50157
272	122	2.94426
272	132	3.20691
272	140	3.88425
272	146	3.39677
272	148	6.22313
272	160	4.8806
272	163	2.16225
272	206	4.44551
272	219	5.06035
272	231	4.77855
272	247	4.63982
272	261	5.92003
272	265	6.07935
272	270	5.29618
272	277	6.01708
272	290	7.94103
272	292	8.24064
272	293	7.90161
272	296	8.04666
272	298	8.52732
272	299	8.99847
273	11	3.89455
273	79	4.11035
273	121	4.32687
273	126	3.8432
273	135	1.58443
273	140	3.75738
273	148	4.53576
273	157	2.94552
273	172	5.0612
273	175	5.35214
273	186	2.47507
273	199	4.24232
273	213	4.0976
273	214	4.53706
273	228	5.2593
273	243	4.83181
273	262	5.3479
273	264	5.97593
273	269	7.03046
273	274	5.44623
273	286	6.65924
273	287	6.49703
273	288	6.26833
273	294	8.39946
273	298	8.15329
273	300	7.93752
274	5	3.71743
274	24	3.92136
274	27	1.75967
274	91	4.32975
274	113	3.82309
274	133	2.77037
274	139	3.96741
274	145	4.21855
274	164	4.19472
274	166	4.26833
274	190	3.35793
274	205	3.75271
274	214	4.19374
274	218	4.45122
274	223	4.92972
274	236	5.1414
274	241	5.63283
274	254	4.8138
274	260	5.94138
274	273	5.44623
274	283	6.1868
274	290	7.58033
274	291	7.52459
274	298	9.17465
274	299	8.52829
274	300	8.95888
275	30	3.84667
275	41	3.09585
275	82	2.88815
275	83	2.61284
275	86	3.52129
275	129	4.04611
275	154	3.64038
275	182	4.30325
275	185	3.25183
275	225	4.57884
275	234	5.17769
275	235	5.78226
275	239	4.83843
275	249	5.45259
275	250	5.0753
275	251	5.19291
275	252	5.329
275	264	6.09895
275	267	5.92113
275	268	6.15615
275	271	6.2192
275	276	6.78749
275	280	6.30192
275	285	6.90682
275	292	7.49062
275	295	8.06816
276	7	2.55082
276	12	4.17656
276	40	3.69548
276	56	3.11318
276	96	1.99227
276	100	3.39094
276	109	3.26455
276	112	4.10313
276	119	3.64281
276	146	3.47807
276	158	5.09404
276	185	4.81766
276	186	5.0822
276	209	6.18053
276	215	5.20205
276	219	5.62832
276	224	5.44987
276	245	6.44713
276	247	4.72112
276	248	7.32877
276	249	7.01841
276	256	6.18577
276	264	7.66477
276	275	6.78749
276	283	6.73829
276	285	8.47265
276	291	8.07608
277	24	1.84822
277	67	4.07703
277	89	2.07074
277	109	2.78319
277	133	2.58434
277	146	3.64313
277	147	4.12583
277	153	3.96571
277	156	3.96079
277	167	5.13865
277	169	4.24147
277	171	3.50334
277	184	4.32304
277	194	5.01491
277	196	6.44971
277	206	4.32311
277	222	5.86894
277	251	4.55645
277	253	5.06819
277	257	5.2813
277	272	6.01708
277	283	8.66476
277	290	7.0896
277	291	7.03386
277	294	10.1035
277	297	7.60004
277	299	10.9961
278	8	3.61731
278	16	2.8154
278	34	3.93391
278	42	2.31741
278	64	3.35261
278	71	5.2058
278	75	3.19591
278	103	4.52512
278	126	4.26973
278	129	4.60636
278	149	3.54986
278	154	4.47286
278	161	4.78729
278	171	5.23376
278	182	5.13573
278	193	4.3211
278	197	4.43109
278	223	5.78071
278	238	5.3229
278	239	5.67091
278	244	6.64491
278	250	6.66414
278	253	7.26379
278	259	7.31144
278	284	8.44077
278	289	8.56713
278	297	8.86061
279	1	3.58379
279	6	4.07186
279	22	2.95292
279	23	3.32661
279	55	3.87572
279	74	4.37705
279	83	2.33997
279	87	3.99712
279	128	4.36086
279	135	4.9423
279	168	6.06532
279	189	5.74878
279	192	5.77181
279	198	4.57136
279	202	5.16742
279	203	5.85189
279	212	6.34758
279	215	5.64769
279	217	6.33959
279	222	5.80579
279	227	4.71465
279	229	7.2123
279	246	7.52156
279	255	6.30494
279	261	6.22761
279	266	5.627
279	271	6.68321
279	300	8.72767
280	7	2.06525
280	40	3.20991
280	65	3.17939
280	83	3.6931
280	98	3.3028
280	119	3.15724
280	121	4.05861
280	143	3.33654
280	169	4.72787
280	179	4.27696
280	182	4.87891
280	192	5.63746
280	196	5.20094
280	204	5.86842
280	219	5.14276
280	225	5.65909
280	232	4.85692
280	246	5.26159
280	251	6.27316
280	253	6.07194
280	256	5.70021
280	264	7.1792
280	268	7.23641
280	271	7.29945
280	275	6.30192
280	285	7.98708
280	291	8.03762
280	298	8.57017
281	3	3.95919
281	20	3.7411
281	41	4.00901
281	49	4.57366
281	84	4.02193
281	95	4.42237
281	111	3.61881
281	136	4.68576
281	138	4.60667
281	166	4.72459
281	180	4.38899
281	184	4.85879
281	198	4.63915
281	203	5.05277
281	207	5.62575
281	208	5.50933
281	210	5.52695
281	211	6.13086
281	218	4.90748
281	219	5.04642
281	227	6.27232
281	229	4.88719
281	237	5.15354
281	241	6.46212
281	257	6.90304
281	266	7.16179
281	286	8.12228
281	296	8.61528
281	297	8.54702
282	22	5.21409
282	25	2.65209
282	59	3.99573
282	80	2.57261
282	104	5.3441
282	120	1.71387
282	121	4.25069
282	123	1.86851
282	125	3.31839
282	139	4.58419
282	161	3.91372
282	183	4.71458
282	205	4.45782
282	224	5.60349
282	226	6.52535
282	241	6.33794
282	245	4.73203
282	247	4.87473
282	258	6.19184
282	261	5.74089
282	269	5.37914
282	270	5.11703
282	286	8.37112
282	290	7.76189
282	291	8.67631
282	292	8.06149
282	293	7.72247
282	295	7.71289
282	296	7.86751
282	300	9.04431
283	15	3.55809
283	52	3.32488
283	63	3.47408
283	91	4.23353
283	100	3.16347
283	120	4.1255
283	159	3.53995
283	162	4.38083
283	169	4.11927
283	170	4.17066
283	173	5.70604
283	175	5.158
283	182	3.89272
283	183	3.89232
283	191	3.83146
283	206	4.20091
283	208	5.11583
283	213	4.38345
283	222	5.74674
283	237	4.84646
283	245	6.04482
283	252	7.31261
283	255	6.06566
283	274	6.1868
283	276	6.73829
283	277	8.66476
283	285	7.25979
283	289	10.4159
283	294	9.9813
283	297	8.23994
283	299	10.8739
284	16	3.78742
284	42	3.28942
284	64	4.32463
284	75	4.16793
284	78	3.84919
284	88	5.3341
284	111	3.8757
284	127	4.19046
284	128	4.04824
284	129	5.57838
284	133	3.51311
284	140	4.15681
284	148	4.93518
284	149	4.52187
284	155	5.27426
284	171	6.20578
284	187	5.01779
284	193	5.29312
284	197	5.40311
284	202	5.52169
284	215	6.00196
284	225	5.58023
284	228	5.65873
284	244	7.61693
284	250	7.63616
284	253	8.23581
284	256	6.05312
284	259	8.28346
284	278	8.44077
284	285	7.85335
284	289	8.54001
284	297	8.8335
285	7	2.67015
285	35	3.60956
285	72	3.9765
285	93	2.88867
285	100	3.51027
285	107	3.44276
285	111	4.23554
285	119	3.76214
285	131	4.39121
285	141	3.9343
285	154	4.776
285	158	5.21338
285	168	5.46881
285	185	4.93699
285	196	5.76091
285	203	5.6695
285	215	5.32138
285	219	5.74766
285	220	5.29257
285	242	6.48383
285	247	5.24263
285	251	6.87807
285	256	6.30511
285	268	7.84131
285	271	7.90435
285	275	6.90682
285	276	8.47265
285	280	7.98708
285	283	7.25979
285	284	7.85335
285	292	8.62624
285	293	8.65299
286	14	2.98234
286	32	3.42775
286	33	2.12599
286	56	5.81751
286	57	3.94813
286	61	3.65952
286	67	4.13854
286	105	3.74469
286	109	4.34147
286	110	5.02991
286	113	5.03609
286	114	4.79123
286	118	5.47496
286	128	4.9339
286	129	5.73714
286	136	5.3132
286	137	5.84324
286	147	5.69977
286	162	5.86005
286	181	5.71701
286	186	4.70944
286	197	6.52359
286	213	6.33197
286	216	5.72388
286	236	6.35441
286	254	6.0268
286	273	6.65924
286	281	8.12228
286	282	8.37112
286	287	8.7314
286	288	8.5027
286	297	9.71916
286	300	10.1719
287	8	4.25347
287	20	4.85172
287	27	2.81047
287	28	5.12328
287	68	5.3781
287	76	5.46451
287	83	3.35752
287	98	4.19578
287	105	3.58248
287	139	5.01821
287	141	4.26731
287	143	3.59272
287	145	5.26934
287	157	5.01768
287	164	5.24552
287	180	4.75411
287	185	5.83052
287	187	5.88105
287	194	5.22651
287	198	5.5889
287	235	5.72797
287	236	6.1922
287	243	6.90397
287	244	7.59136
287	246	6.15457
287	249	7.86421
287	254	5.86459
287	256	6.7164
287	260	6.99218
287	273	6.49703
287	286	8.7314
287	290	8.98634
287	291	8.9306
287	293	8.986
287	298	10.2254
288	43	4.6487
288	53	3.99904
288	54	4.73068
288	58	3.86963
288	85	3.9945
288	105	3.35378
288	111	4.20753
288	114	4.20781
288	120	5.0213
288	128	4.35048
288	135	3.42788
288	143	3.36402
288	144	5.76054
288	172	6.90466
288	194	4.99781
288	198	5.22787
288	201	4.84113
288	211	5.87764
288	213	5.94106
288	223	5.75182
288	227	5.37116
288	235	5.49927
288	243	6.67527
288	252	6.43661
288	254	5.63589
288	260	6.76348
288	265	6.65414
288	269	7.73212
288	273	6.26833
288	286	8.5027
288	289	8.84226
288	293	8.62497
288	295	9.17576
288	298	9.99674
288	299	9.57327
288	300	9.78098
289	8	3.09888
289	26	3.09397
289	33	4.12762
289	34	4.05729
289	39	3.09859
289	51	5.16754
289	89	3.82188
289	94	4.15328
289	109	4.53433
289	133	4.33548
289	139	5.63874
289	141	4.62096
289	143	4.58317
289	146	5.39427
289	169	5.99261
289	170	5.78114
289	174	6.75891
289	182	5.76606
289	183	5.76565
289	184	6.07419
289	187	6.03471
289	191	5.7048
289	196	8.20086
289	203	6.35616
289	205	5.51237
289	206	6.07425
289	216	5.85514
289	218	6.21087
289	222	7.62008
289	232	6.10354
289	234	6.99998
289	262	6.76425
289	278	8.56713
289	283	10.4159
289	284	8.54001
289	288	8.84226
289	292	9.3129
289	294	11.8546
289	299	12.7472
290	15	4.20975
290	33	3.91067
290	60	4.22463
290	77	4.24993
290	80	4.60763
290	92	4.67296
290	99	3.73767
290	102	5.0122
290	106	4.77406
290	116	4.50757
290	118	3.76667
290	122	4.80013
290	137	4.81921
290	138	6.02468
290	145	4.78746
290	163	4.01812
290	185	5.96722
290	195	6.22371
290	196	6.23062
290	198	4.66416
290	202	5.85472
290	245	6.76705
290	248	7.48914
290	251	6.58989
290	252	6.93434
290	253	7.10162
290	255	7.45919
290	262	6.5473
290	265	7.15187
290	269	7.41416
290	272	7.94103
290	274	7.58033
290	277	7.0896
290	282	7.76189
290	287	8.98634
290	292	10.0965
290	293	9.75749
290	294	9.59886
290	295	9.74791
290	296	9.90253
291	5	5.02403
291	11	4.2235
291	17	4.38698
291	40	3.10233
291	48	6.74124
291	70	6.34217
291	76	4.18657
291	90	4.78291
291	92	5.58739
291	96	2.92775
291	118	4.6811
291	120	4.66332
291	123	4.81795
291	133	4.25734
291	150	5.27076
291	153	6.19233
291	163	4.93255
291	173	5.8508
291	174	6.48622
291	183	5.49645
291	198	5.57858
291	204	6.61025
291	213	5.72124
291	216	5.58246
291	233	6.09463
291	234	6.72729
291	238	6.04002
291	248	8.40357
291	250	6.6249
291	264	7.11959
291	270	8.06648
291	274	7.52459
291	276	8.07608
291	277	7.03386
291	280	8.03762
291	282	8.67631
291	287	8.9306
291	293	10.6719
291	295	10.6623
291	296	10.817
291	297	9.57773
292	9	3.21875
292	41	4.6741
292	46	2.97505
292	53	5.5372
292	55	4.94873
292	62	4.58755
292	69	4.21203
292	71	4.3965
292	76	3.57175
292	78	4.98449
292	99	4.03727
292	116	4.80717
292	146	4.44221
292	152	4.45005
292	161	6.24834
292	163	4.31772
292	168	5.91144
292	180	5.44835
292	195	6.19662
292	198	4.96376
292	204	5.99543
292	213	5.74989
292	215	6.77484
292	217	6.14999
292	218	5.96684
292	230	5.87628
292	242	8.36039
292	245	7.06665
292	260	7.17782
292	270	7.45166
292	272	8.24064
292	275	7.49062
292	282	8.06149
292	285	8.62624
292	289	9.3129
292	290	10.0965
292	293	10.0571
292	295	10.0475
292	296	10.2021
292	299	10.0439
292	300	9.85483
293	9	2.87973
293	18	4.83711
293	62	4.24852
293	71	4.05748
293	76	3.23273
293	90	4.83831
293	95	4.64004
293	112	4.72628
293	120	3.70947
293	125	5.31399
293	142	6.24497
293	144	4.93635
293	163	3.9787
293	171	5.53644
293	173	5.9062
293	179	5.3063
293	184	5.94491
293	193	5.80259
293	198	4.62474
293	202	5.8153
293	204	5.6564
293	217	6.17674
293	221	6.57748
293	231	5.85074
293	239	6.44343
293	250	6.6803
293	261	7.73649
293	267	7.52613
293	268	7.11278
293	269	7.37474
293	270	7.11263
293	272	7.90161
293	282	7.72247
293	285	8.65299
293	287	8.986
293	288	8.62497
293	290	9.75749
293	291	10.6719
293	292	10.0571
293	294	9.59852
293	295	9.70849
293	296	9.86311
293	298	9.59951
294	8	2.66428
294	26	2.65937
294	39	2.664
294	56	4.58023
294	89	3.38728
294	92	4.998
294	93	3.83421
294	94	3.71868
294	101	5.12657
294	105	5.60129
294	114	8.10262
294	122	5.52454
294	133	3.90089
294	146	4.95967
294	147	5.44238
294	151	7.45325
294	158	6.1935
294	169	5.55801
294	173	7.14478
294	179	5.78245
294	182	5.33146
294	183	5.33106
294	184	5.63959
294	186	6.54925
294	191	5.2702
294	196	7.76626
294	197	6.91372
294	207	7.11136
294	211	6.85118
294	219	6.60869
294	231	6.3269
294	232	6.36242
294	240	8.45771
294	252	8.75135
294	263	7.39484
294	273	8.39946
294	277	10.1035
294	283	9.9813
294	289	11.8546
294	290	9.59886
294	293	9.59852
294	296	10.1775
294	299	12.3126
295	11	3.26007
295	17	3.42355
295	25	4.04015
295	31	5.69444
295	32	3.89251
295	108	5.75292
295	112	4.71669
295	115	5.76923
295	119	6.42568
295	120	3.69989
295	122	4.75113
295	123	3.85453
295	132	5.01378
295	145	5.33792
295	149	7.10263
295	150	5.87695
295	151	6.27442
295	159	5.48393
295	176	5.85936
295	193	6.35338
295	198	4.61515
295	201	5.88932
295	202	5.80572
295	225	6.93065
295	230	6.45382
295	232	6.43705
295	242	8.01179
295	245	6.71805
295	252	7.48479
295	254	8.15821
295	256	7.40355
295	258	7.5799
295	261	7.7269
295	269	7.36516
295	270	7.10305
295	275	8.06816
295	282	7.71289
295	288	9.17576
295	290	9.74791
295	291	10.6623
295	292	10.0475
295	293	9.70849
295	296	9.85353
295	299	10.6215
296	9	3.02477
296	15	4.31538
296	82	4.90485
296	83	4.07291
296	99	3.8433
296	106	4.87968
296	116	4.61319
296	118	3.8723
296	123	4.00915
296	125	5.45903
296	130	6.70832
296	144	5.51537
296	153	5.38352
296	161	6.05436
296	176	6.01399
296	199	6.0204
296	202	5.96035
296	205	5.87411
296	213	6.35567
296	214	6.31514
296	224	7.01978
296	225	6.95889
296	227	6.44758
296	237	6.81868
296	238	6.67445
296	239	7.02246
296	245	6.87267
296	248	7.59477
296	251	7.16858
296	253	7.68031
296	258	7.60813
296	260	7.7836
296	261	7.88153
296	263	7.49771
296	268	7.69181
296	269	7.51978
296	270	7.25768
296	272	8.04666
296	281	8.61528
296	282	7.86751
296	290	9.90253
296	291	10.817
296	292	10.2021
296	293	9.86311
296	294	10.1775
296	295	9.85353
296	298	10.1785
297	4	4.69806
297	31	3.9043
297	46	3.51257
297	51	5.45339
297	52	5.22884
297	57	5.29898
297	58	5.34143
297	59	5.1931
297	61	4.97026
297	66	4.78402
297	68	6.37238
297	80	5.16562
297	85	5.49201
297	103	6.33672
297	115	6.16065
297	116	6.11372
297	117	5.90645
297	130	5.68206
297	131	5.37136
297	159	6.40294
297	183	6.06262
297	188	6.75091
297	199	6.71067
297	209	7.9257
297	217	6.68751
297	218	7.1294
297	220	7.05222
297	221	6.74027
297	229	6.48407
297	233	7.30193
297	239	7.88119
297	241	7.68598
297	247	9.22774
297	255	8.27355
297	262	8.9065
297	263	8.70785
297	264	7.68576
297	265	8.22143
297	268	7.62355
297	277	7.60004
297	278	8.86061
297	281	8.54702
297	283	8.23994
297	284	8.8335
297	286	9.71916
297	291	9.57773
297	300	10.3924
298	2	5.50037
298	12	4.5044
298	17	4.4051
298	19	5.02281
298	27	4.46673
298	33	3.62004
298	37	4.72871
298	49	5.65954
298	53	4.97358
298	61	5.15357
298	89	5.92294
298	133	4.78989
298	135	5.31284
298	136	5.70431
298	137	7.33729
298	142	6.95389
298	143	5.24898
298	160	6.42993
298	169	6.23436
298	180	6.41037
298	181	6.10813
298	186	6.20349
298	187	7.53731
298	208	6.98616
298	212	7.61672
298	221	7.05462
298	223	7.63678
298	230	6.38017
298	232	7.87183
298	233	6.62718
298	235	7.38422
298	242	7.43035
298	246	6.76808
298	250	7.15745
298	252	7.41115
298	254	7.52085
298	259	8.48361
298	260	8.64844
298	266	7.25805
298	272	8.52732
298	273	8.15329
298	274	9.17465
298	280	8.57017
298	287	10.2254
298	288	9.99674
298	293	9.59951
298	296	10.1785
298	300	11.6659
299	8	3.55685
299	24	4.82961
299	26	3.55194
299	34	4.51527
299	39	3.55657
299	47	5.83545
299	54	5.77528
299	63	5.8054
299	70	5.8883
299	74	5.69015
299	77	5.19789
299	86	6.07459
299	89	4.27986
299	91	6.56484
299	94	4.61125
299	100	5.50495
299	109	4.99231
299	133	4.79346
299	137	5.76717
299	147	6.33495
299	172	6.88557
299	173	8.03735
299	180	6.4234
299	182	6.22403
299	183	6.22363
299	184	6.53216
299	190	5.8486
299	191	6.16277
299	199	6.38967
299	205	6.24338
299	206	6.53223
299	210	7.56136
299	214	6.68441
299	222	8.07806
299	229	6.9216
299	240	9.35028
299	247	6.6603
299	252	9.64392
299	261	8.32982
299	272	8.99847
299	274	8.52829
299	277	10.9961
299	283	10.8739
299	288	9.57327
299	289	12.7472
299	292	10.0439
299	294	12.3126
299	295	10.6215
300	12	4.28864
300	13	5.45061
300	14	4.26062
300	33	3.40428
300	57	5.22641
300	60	4.98351
300	67	5.41682
300	85	5.25111
300	96	3.74237
300	122	5.8076
300	127	5.74931
300	135	5.09708
300	139	6.4587
300	143	5.03322
300	152	5.23602
300	157	6.45817
300	159	5.69236
300	165	6.69409
300	170	7.74062
300	180	6.19461
300	186	5.98772
300	189	6.90484
300	194	6.66701
300	206	6.27691
300	223	7.42102
300	230	6.66224
300	231	6.60996
300	232	7.65607
300	235	7.16846
300	236	7.63269
300	238	6.85464
300	239	7.20265
300	243	8.34446
300	254	7.30509
300	257	8.07361
300	262	7.30618
300	264	7.93421
300	266	7.54012
300	267	8.28535
300	273	7.93752
300	274	8.95888
300	279	8.72767
300	282	9.04431
300	286	10.1719
300	288	9.78098
300	292	9.85483
300	297	10.3924
300	298	11.6659
