in-degree distribution (probability density function of the degree in logarithmic bins) 
6	0.00398912
8	0.108893
9.46939	0.133749
11.4	0.045158
13.9565	0.0429578
16.8	0.0308996
20.5625	0.0204481
24.2308	0.0137431
29.1667	0.0104938
36.2308	0.00940379

in-degree distribution (degree-occurrences) 
6	0.005
8	0.165
9	0.13
10	0.115
11	0.06
12	0.04
13	0.04
14	0.04
15	0.035
16	0.045
17	0.03
18	0.025
19	0.015
20	0.03
21	0.01
22	0.025
23	0.02
24	0.025
25	0.005
26	0.015
28	0.035
29	0.005
30	0.01
32	0.005
33	0.005
34	0.025
35	0.005
36	0.01
37	0.005
38	0.005
39	0.005
40	0.01


--------------------------------------
out-degree distribution (probability density function of the degree in logarithmic bins) 
13	0.0174747
14	0.209224
15	0.737098
16	0.433908
17	0.0404836
18	0.0452395
19	0.0247612
20	0.00592928

out-degree distribution (degree-occurrences) 
13	0.01
14	0.125
15	0.48
16	0.295
17	0.03
18	0.035
19	0.02
20	0.005


--------------------------------------
community distribution (size-occurrences)
8	0.0909091
12	0.0909091
14	0.181818
16	0.181818
18	0.0909091
21	0.0909091
25	0.0909091
27	0.0909091
29	0.0909091


--------------------------------------
mixing parameter (in-links)
0.222222	0.025
0.25	0.135
0.271658	0.085
0.283983	0.085
0.298397	0.26
0.310734	0.13
0.321429	0.015
0.333333	0.17
0.357143	0.01
0.373485	0.075
0.4	0.005
0.5	0.005

--------------------------------------
mixing parameter (out-links)
0	0.16
0.132576	0.055
0.142857	0.06
0.263836	0.265
0.287546	0.06
0.389583	0.12
0.44688	0.075
0.5	0.035
0.543627	0.085
0.6	0.03
0.625	0.01
0.682292	0.04
0.9375	0.005

--------------------------------------
