in-degree distribution (probability density function of the degree in logarithmic bins) 
8.38095	0.152929
10	0.0590467
11.4	0.0663108
13.8537	0.0928177
16.4118	0.0328472
18.7143	0.0230877
22.3125	0.0225203
26.6923	0.0156171
30.6667	0.00615192
36.5714	0.00612576

in-degree distribution (degree-occurrences) 
8	0.13
9	0.08
10	0.095
11	0.075
12	0.05
13	0.08
14	0.075
15	0.05
16	0.05
17	0.035
18	0.03
19	0.03
20	0.01
21	0.025
22	0.02
23	0.02
24	0.015
25	0.01
26	0.015
27	0.025
28	0.015
29	0.01
30	0.01
33	0.01
34	0.005
35	0.01
36	0.005
38	0.005
39	0.01


--------------------------------------
out-degree distribution (probability density function of the degree in logarithmic bins) 
15	6.17787
16	3.86117

out-degree distribution (degree-occurrences) 
15	0.6
16	0.4


--------------------------------------
community distribution (size-occurrences)
21	0.142857
25	0.285714
29	0.142857
33	0.285714
34	0.142857


--------------------------------------
mixing parameter (in-links)
0.444444	0.055
0.454545	0.045
0.461538	0.04
0.469468	0.035
0.4744	0.035
0.479501	0.02
0.485914	0.015
0.5	0.53
0.514086	0.015
0.519115	0.045
0.524436	0.02
0.532549	0.05
0.538462	0.04
0.545455	0.03
0.555556	0.025

--------------------------------------
mixing parameter (out-links)
0.328704	0.045
0.375	0.02
0.4	0.065
0.4375	0.07
0.466667	0.205
0.5	0.24
0.533333	0.2
0.5625	0.03
0.6	0.035
0.625	0.02
0.666667	0.045
0.6875	0.01
0.733333	0.015

--------------------------------------
