in-degree distribution (probability density function of the degree in logarithmic bins) 
8.41176	0.18254
10.4286	0.0853198
12	0.0441005
13.5385	0.057421
16.6	0.0188019
19.5909	0.0352149
22.7778	0.0122645
26.4	0.0232028
31.25	0.00395069
36.8182	0.00924929
40	0.00143169

in-degree distribution (degree-occurrences) 
8	0.15
9	0.105
10	0.08
11	0.06
12	0.085
13	0.08
14	0.03
15	0.02
16	0.02
17	0.03
18	0.03
19	0.02
20	0.025
21	0.035
22	0.02
23	0.015
24	0.01
25	0.035
26	0.02
27	0.015
28	0.03
30	0.005
31	0.01
33	0.005
35	0.005
36	0.02
37	0.02
39	0.01
40	0.01


--------------------------------------
out-degree distribution (probability density function of the degree in logarithmic bins) 
16	9.40448
17	0.82725

out-degree distribution (degree-occurrences) 
16	0.915
17	0.085


--------------------------------------
community distribution (size-occurrences)
9	0.307692
10	0.0769231
13	0.153846
15	0.0769231
16	0.0769231
18	0.153846
21	0.0769231
40	0.0769231


--------------------------------------
mixing parameter (in-links)
0.625	0.06
0.636364	0.015
0.644258	0.015
0.666667	0.14
0.677419	0.005
0.681167	0.05
0.691346	0.1
0.698969	0.15
0.704857	0.07
0.713931	0.065
0.720906	0.05
0.727739	0.075
0.735469	0.03
0.75	0.13
0.769231	0.015
0.777778	0.03

--------------------------------------
mixing parameter (out-links)
0.4375	0.005
0.470588	0.005
0.5	0.005
0.5625	0.02
0.588235	0.005
0.625	0.1
0.647059	0.01
0.6875	0.49
0.705882	0.045
0.750959	0.23
0.813503	0.055
0.875	0.03

--------------------------------------
