in-degree distribution (probability density function of the degree in logarithmic bins) 
7.42105	0.124926
9.54286	0.094526
11.5185	0.0599046
13.7368	0.0346308
16.8462	0.0194655
20.7273	0.0270618
25.6667	0.0121263
29.4	0.0124524
36	0.00477388
46.75	0.00672306

in-degree distribution (degree-occurrences) 
7	0.11
8	0.08
9	0.08
10	0.095
11	0.065
12	0.07
13	0.05
14	0.02
15	0.025
16	0.025
17	0.025
18	0.015
19	0.01
20	0.04
21	0.03
22	0.03
23	0.005
24	0.005
25	0.015
26	0.015
27	0.02
28	0.03
29	0.01
30	0.02
31	0.005
32	0.01
35	0.025
36	0.005
41	0.005
42	0.01
45	0.01
46	0.005
47	0.005
48	0.005
49	0.02
50	0.005


--------------------------------------
out-degree distribution (probability density function of the degree in logarithmic bins) 
17	8.97919
18	1.21148

out-degree distribution (degree-occurrences) 
17	0.875
18	0.125


--------------------------------------
community distribution (size-occurrences)
16	0.142857
20	0.142857
25	0.142857
33	0.142857
35	0.285714
36	0.142857


--------------------------------------
mixing parameter (in-links)
0.223647	0.03
0.25	0.09
0.263158	0.005
0.272222	0.06
0.27788	0.015
0.287018	0.235
0.299789	0.195
0.309686	0.14
0.318887	0.04
0.333333	0.125
0.363636	0.02
0.375	0.035
0.428571	0.01

--------------------------------------
mixing parameter (out-links)
0	0.085
0.057423	0.035
0.116713	0.07
0.166667	0.02
0.176471	0.08
0.234726	0.115
0.293234	0.185
0.333333	0.01
0.354439	0.12
0.411765	0.07
0.460784	0.08
0.529412	0.035
0.555556	0.005
0.590315	0.055
0.647059	0.015
0.666667	0.005
0.771242	0.01
0.882353	0.005

--------------------------------------
