in-degree distribution (probability density function of the degree in logarithmic bins) 
7.47059	0.167664
9.31579	0.102628
11.4286	0.0621233
13.8947	0.0346308
16.9333	0.0224602
19.6154	0.0159911
24.7692	0.0131368
30.2857	0.0058111
37.25	0.00545586
44.75	0.00448204

in-degree distribution (degree-occurrences) 
7	0.135
8	0.12
9	0.13
10	0.06
11	0.08
12	0.06
13	0.03
14	0.045
15	0.02
16	0.03
17	0.02
18	0.025
19	0.03
20	0.03
21	0.005
23	0.02
24	0.01
25	0.015
26	0.005
27	0.015
28	0.005
29	0.005
30	0.01
31	0.005
32	0.01
34	0.005
35	0.005
36	0.005
38	0.01
39	0.015
42	0.01
43	0.01
45	0.01
48	0.005
50	0.005


--------------------------------------
out-degree distribution (probability density function of the degree in logarithmic bins) 
15	9.36977
16	0.868763

out-degree distribution (degree-occurrences) 
15	0.91
16	0.09


--------------------------------------
community distribution (size-occurrences)
13	0.142857
15	0.142857
21	0.142857
26	0.142857
39	0.142857
42	0.142857
44	0.142857


--------------------------------------
mixing parameter (in-links)
0.428571	0.055
0.444444	0.06
0.454545	0.055
0.461538	0.01
0.467974	0.03
0.474992	0.035
0.480741	0.02
0.487539	0.02
0.5	0.45
0.512095	0.02
0.517972	0.02
0.523401	0.02
0.529412	0.01
0.538462	0.02
0.545455	0.025
0.555556	0.07
0.571429	0.08

--------------------------------------
mixing parameter (out-links)
0.2	0.005
0.266667	0.025
0.333333	0.075
0.375	0.01
0.4	0.16
0.4375	0.015
0.466667	0.19
0.5	0.01
0.537037	0.315
0.6	0.085
0.666667	0.055
0.6875	0.01
0.733333	0.025
0.75	0.005
0.8	0.005
0.866667	0.01

--------------------------------------
