in-degree distribution (probability density function of the degree in logarithmic bins) 
7.41379	0.190677
9.54545	0.0891246
11.6471	0.0377177
13.8571	0.0510349
16.8571	0.0209628
20.8182	0.0135309
24.2308	0.0131368
29.7143	0.0058111
37.4545	0.0075018
46.25	0.00448204

in-degree distribution (degree-occurrences) 
7	0.17
8	0.12
9	0.075
10	0.09
11	0.03
12	0.055
13	0.06
14	0.04
15	0.04
16	0.025
17	0.03
18	0.015
19	0.015
20	0.005
21	0.01
22	0.025
23	0.02
24	0.015
25	0.025
26	0.005
28	0.01
30	0.015
31	0.01
34	0.005
35	0.005
37	0.015
38	0.015
39	0.01
40	0.005
43	0.01
44	0.005
46	0.005
47	0.005
48	0.005
49	0.005
50	0.005


--------------------------------------
out-degree distribution (probability density function of the degree in logarithmic bins) 
14	0.0531356
15	2.36093
16	2.39442

out-degree distribution (degree-occurrences) 
14	0.01
15	0.475
16	0.515


--------------------------------------
community distribution (size-occurrences)
8	0.0909091
10	0.0909091
11	0.181818
13	0.0909091
16	0.181818
20	0.0909091
29	0.0909091
31	0.0909091
35	0.0909091


--------------------------------------
mixing parameter (in-links)
0.571429	0.02
0.625	0.06
0.647059	0.005
0.666667	0.12
0.681244	0.055
0.691239	0.09
0.699678	0.18
0.712907	0.27
0.722222	0.005
0.729437	0.07
0.736842	0.005
0.75	0.085
0.776557	0.035

--------------------------------------
mixing parameter (out-links)
0.4	0.02
0.4375	0.005
0.466667	0.02
0.5	0.025
0.533333	0.035
0.564732	0.02
0.6	0.035
0.625	0.025
0.666667	0.17
0.6875	0.15
0.733333	0.145
0.75	0.17
0.8	0.04
0.8125	0.08
0.871548	0.05
0.9375	0.01

--------------------------------------
