1	4
1	53
1	69
1	72
1	115
1	138
1	143
1	145
1	157
1	158
1	170
1	180
1	186
1	190
1	194
1	197
2	27
2	76
2	83
2	98
2	114
2	118
2	152
2	160
2	171
2	173
2	177
2	179
2	184
2	191
2	195
2	197
3	6
3	46
3	90
3	115
3	125
3	143
3	154
3	159
3	161
3	172
3	173
3	174
3	188
3	189
3	198
3	200
4	2
4	6
4	77
4	94
4	95
4	100
4	128
4	129
4	156
4	170
4	173
4	180
4	182
4	193
4	197
4	200
5	11
5	27
5	38
5	52
5	69
5	80
5	109
5	122
5	138
5	156
5	189
5	190
5	192
5	194
5	195
5	200
6	1
6	18
6	46
6	47
6	61
6	72
6	99
6	127
6	134
6	155
6	158
6	161
6	163
6	176
6	184
6	190
7	4
7	16
7	33
7	51
7	62
7	73
7	87
7	89
7	120
7	133
7	136
7	168
7	180
7	182
7	192
7	198
8	51
8	84
8	91
8	98
8	127
8	153
8	154
8	160
8	168
8	173
8	177
8	179
8	183
8	191
8	198
8	200
9	41
9	53
9	86
9	105
9	120
9	126
9	135
9	144
9	147
9	149
9	152
9	161
9	164
9	175
9	198
9	200
10	17
10	18
10	57
10	129
10	148
10	151
10	156
10	160
10	163
10	168
10	177
10	179
10	184
10	191
10	193
10	196
11	45
11	63
11	65
11	96
11	116
11	128
11	134
11	135
11	142
11	182
11	184
11	185
11	190
11	192
11	195
11	198
12	15
12	17
12	40
12	41
12	52
12	63
12	83
12	89
12	106
12	124
12	144
12	152
12	171
12	172
12	182
12	200
13	1
13	2
13	10
13	20
13	48
13	61
13	73
13	74
13	78
13	95
13	97
13	101
13	137
13	169
13	178
13	200
14	65
14	67
14	72
14	85
14	126
14	153
14	160
14	168
14	171
14	175
14	180
14	181
14	188
14	192
14	193
14	196
15	11
15	67
15	108
15	109
15	114
15	129
15	140
15	141
15	154
15	155
15	162
15	175
15	186
15	187
15	189
15	194
16	31
16	35
16	73
16	86
16	121
16	128
16	132
16	140
16	162
16	166
16	179
16	181
16	182
16	187
16	194
16	195
17	4
17	36
17	62
17	72
17	82
17	113
17	161
17	162
17	163
17	171
17	177
17	178
17	181
17	183
17	188
17	200
18	39
18	81
18	85
18	103
18	107
18	124
18	137
18	143
18	144
18	149
18	155
18	170
18	183
18	191
18	194
18	196
19	47
19	101
19	111
19	112
19	118
19	131
19	132
19	157
19	163
19	165
19	172
19	173
19	178
19	191
19	198
19	199
20	3
20	12
20	43
20	95
20	126
20	133
20	136
20	147
20	153
20	156
20	159
20	181
20	188
20	189
20	191
20	195
21	18
21	34
21	108
21	113
21	115
21	128
21	137
21	158
21	178
21	180
21	183
21	185
21	187
21	194
21	195
21	199
22	2
22	53
22	56
22	86
22	89
22	149
22	151
22	162
22	168
22	175
22	176
22	180
22	189
22	191
22	195
22	197
23	50
23	106
23	108
23	114
23	119
23	151
23	155
23	161
23	165
23	170
23	176
23	187
23	189
23	193
23	199
23	200
24	7
24	22
24	33
24	89
24	92
24	104
24	123
24	130
24	154
24	166
24	172
24	179
24	182
24	184
24	198
24	199
25	49
25	51
25	52
25	82
25	84
25	87
25	105
25	108
25	110
25	139
25	157
25	170
25	177
25	189
25	190
25	192
26	22
26	46
26	118
26	124
26	129
26	149
26	166
26	170
26	179
26	180
26	181
26	186
26	189
26	198
26	199
26	200
27	17
27	36
27	47
27	55
27	80
27	132
27	149
27	160
27	162
27	171
27	180
27	181
27	186
27	190
27	198
27	200
28	44
28	57
28	74
28	87
28	92
28	134
28	135
28	141
28	146
28	167
28	178
28	180
28	184
28	187
28	194
28	196
29	8
29	20
29	52
29	70
29	94
29	104
29	135
29	139
29	144
29	167
29	173
29	178
29	183
29	185
29	188
29	193
30	6
30	98
30	99
30	102
30	124
30	139
30	140
30	158
30	166
30	167
30	173
30	175
30	185
30	193
30	197
30	198
31	26
31	43
31	104
31	131
31	149
31	153
31	157
31	166
31	173
31	179
31	182
31	183
31	191
31	192
31	198
31	199
32	33
32	49
32	70
32	76
32	79
32	95
32	118
32	126
32	134
32	156
32	163
32	164
32	171
32	173
32	181
32	186
33	12
33	28
33	39
33	41
33	57
33	62
33	67
33	112
33	118
33	137
33	155
33	167
33	169
33	180
33	195
33	196
34	23
34	45
34	53
34	64
34	73
34	77
34	99
34	105
34	114
34	147
34	174
34	179
34	185
34	191
34	196
34	197
35	28
35	54
35	70
35	88
35	91
35	110
35	128
35	146
35	160
35	163
35	168
35	180
35	184
35	186
35	188
35	191
36	24
36	56
36	76
36	126
36	130
36	145
36	146
36	147
36	154
36	156
36	160
36	164
36	178
36	186
36	198
36	199
37	36
37	43
37	54
37	74
37	96
37	101
37	103
37	104
37	139
37	155
37	176
37	184
37	186
37	188
37	192
37	193
38	10
38	19
38	46
38	49
38	68
38	75
38	116
38	137
38	155
38	170
38	186
38	187
38	188
38	189
38	190
38	192
39	20
39	34
39	60
39	81
39	87
39	93
39	131
39	147
39	148
39	150
39	159
39	165
39	173
39	188
39	194
39	198
40	10
40	17
40	20
40	34
40	36
40	71
40	100
40	110
40	115
40	141
40	150
40	156
40	158
40	168
40	176
40	182
41	9
41	58
41	65
41	122
41	125
41	132
41	149
41	163
41	164
41	175
41	176
41	189
41	191
41	192
41	197
41	198
42	35
42	71
42	83
42	121
42	144
42	149
42	160
42	161
42	167
42	179
42	182
42	184
42	191
42	195
42	197
42	198
43	40
43	113
43	137
43	147
43	148
43	151
43	156
43	161
43	166
43	170
43	172
43	187
43	191
43	198
43	199
43	200
44	18
44	35
44	65
44	87
44	89
44	91
44	93
44	99
44	103
44	137
44	149
44	159
44	163
44	164
44	165
44	195
45	21
45	34
45	70
45	98
45	99
45	120
45	135
45	138
45	143
45	149
45	162
45	165
45	176
45	182
45	199
45	200
46	30
46	64
46	103
46	104
46	117
46	124
46	131
46	133
46	144
46	149
46	169
46	177
46	183
46	196
46	197
46	199
47	3
47	44
47	46
47	97
47	108
47	113
47	114
47	116
47	122
47	123
47	151
47	154
47	158
47	176
47	182
47	192
48	24
48	78
48	98
48	99
48	102
48	111
48	152
48	154
48	155
48	166
48	167
48	168
48	171
48	174
48	182
48	190
49	18
49	52
49	78
49	84
49	96
49	136
49	164
49	165
49	175
49	181
49	187
49	189
49	190
49	191
49	192
49	196
50	37
50	55
50	75
50	85
50	140
50	150
50	168
50	171
50	173
50	174
50	178
50	185
50	194
50	196
50	197
50	198
51	25
51	38
51	53
51	64
51	73
51	75
51	77
51	85
51	98
51	151
51	154
51	177
51	189
51	193
51	198
51	200
52	50
52	61
52	88
52	90
52	120
52	126
52	142
52	144
52	148
52	171
52	183
52	189
52	190
52	191
52	192
52	197
53	4
53	7
53	9
53	12
53	59
53	99
53	129
53	156
53	167
53	173
53	181
53	183
53	187
53	194
53	197
53	199
54	23
54	26
54	67
54	74
54	89
54	116
54	126
54	130
54	145
54	158
54	163
54	165
54	171
54	176
54	184
54	187
55	50
55	92
55	95
55	100
55	107
55	139
55	150
55	159
55	169
55	174
55	181
55	186
55	187
55	193
55	195
55	197
56	31
56	44
56	51
56	143
56	155
56	156
56	160
56	162
56	163
56	179
56	181
56	186
56	193
56	197
56	199
56	200
57	28
57	87
57	108
57	110
57	112
57	129
57	133
57	141
57	148
57	151
57	167
57	175
57	177
57	187
57	195
57	199
58	29
58	54
58	61
58	107
58	119
58	134
58	137
58	157
58	173
58	181
58	185
58	187
58	192
58	193
58	196
58	200
59	8
59	24
59	30
59	45
59	109
59	110
59	111
59	140
59	143
59	145
59	160
59	177
59	178
59	187
59	194
59	198
60	5
60	70
60	75
60	80
60	101
60	113
60	124
60	153
60	164
60	173
60	176
60	185
60	189
60	193
60	198
60	200
61	11
61	29
61	57
61	88
61	92
61	98
61	107
61	148
61	153
61	157
61	165
61	186
61	189
61	190
61	192
61	193
62	27
62	34
62	37
62	42
62	77
62	81
62	94
62	115
62	122
62	137
62	151
62	154
62	164
62	168
62	177
62	181
63	21
63	60
63	77
63	91
63	114
63	124
63	128
63	131
63	141
63	143
63	156
63	162
63	170
63	174
63	179
63	188
64	10
64	78
64	97
64	109
64	110
64	117
64	135
64	153
64	162
64	172
64	174
64	178
64	180
64	182
64	193
64	198
65	4
65	14
65	41
65	44
65	81
65	85
65	96
65	113
65	146
65	149
65	152
65	163
65	164
65	172
65	189
65	190
66	32
66	58
66	88
66	99
66	105
66	125
66	134
66	142
66	146
66	153
66	159
66	164
66	179
66	181
66	187
66	193
67	1
67	7
67	39
67	56
67	61
67	72
67	102
67	116
67	124
67	178
67	184
67	188
67	192
67	194
67	199
67	200
68	14
68	77
68	81
68	86
68	112
68	117
68	124
68	161
68	172
68	174
68	175
68	179
68	184
68	191
68	193
68	198
69	56
69	68
69	74
69	85
69	132
69	141
69	146
69	154
69	157
69	171
69	174
69	177
69	186
69	188
69	192
69	198
70	69
70	107
70	123
70	144
70	153
70	157
70	170
70	177
70	178
70	183
70	184
70	186
70	188
70	192
70	193
70	194
71	22
71	39
71	84
71	122
71	136
71	141
71	146
71	148
71	150
71	155
71	159
71	161
71	180
71	185
71	193
71	194
72	17
72	21
72	25
72	94
72	103
72	115
72	134
72	135
72	159
72	166
72	172
72	177
72	179
72	180
72	195
72	197
73	5
73	37
73	45
73	51
73	55
73	60
73	65
73	84
73	93
73	135
73	137
73	138
73	168
73	175
73	185
73	193
74	45
74	84
74	97
74	122
74	133
74	136
74	137
74	159
74	174
74	176
74	179
74	186
74	193
74	194
74	195
74	196
75	11
75	19
75	34
75	38
75	41
75	48
75	56
75	90
75	91
75	95
75	111
75	123
75	171
75	181
75	189
75	190
76	6
76	12
76	19
76	86
76	99
76	126
76	147
76	161
76	164
76	169
76	174
76	178
76	182
76	190
76	191
76	200
77	11
77	78
77	82
77	101
77	129
77	135
77	163
77	168
77	170
77	190
77	195
77	196
77	197
77	198
77	199
77	200
78	12
78	19
78	21
78	26
78	57
78	99
78	112
78	121
78	141
78	152
78	153
78	174
78	190
78	191
78	192
78	200
79	32
79	33
79	59
79	73
79	94
79	100
79	101
79	109
79	139
79	140
79	160
79	166
79	188
79	191
79	198
79	199
80	16
80	43
80	50
80	66
80	125
80	141
80	150
80	161
80	169
80	172
80	177
80	183
80	185
80	186
80	193
80	194
81	8
81	18
81	48
81	69
81	76
81	80
81	83
81	91
81	104
81	140
81	149
81	151
81	164
81	188
81	194
81	195
82	58
82	75
82	104
82	109
82	128
82	148
82	158
82	166
82	176
82	179
82	181
82	184
82	186
82	193
82	197
82	199
83	24
83	42
83	73
83	122
83	123
83	142
83	145
83	151
83	164
83	174
83	179
83	180
83	182
83	188
83	198
83	200
84	5
84	32
84	35
84	94
84	96
84	113
84	142
84	147
84	153
84	161
84	171
84	186
84	189
84	190
84	192
84	197
85	26
85	42
85	47
85	64
85	68
85	70
85	86
85	111
85	121
85	133
85	141
85	165
85	179
85	180
85	187
85	194
86	10
86	14
86	20
86	32
86	65
86	66
86	87
86	90
86	92
86	96
86	145
86	182
86	192
86	193
86	196
86	199
87	10
87	28
87	33
87	42
87	96
87	108
87	110
87	122
87	167
87	182
87	183
87	190
87	194
87	195
87	196
87	199
88	5
88	51
88	61
88	80
88	84
88	94
88	128
88	136
88	139
88	143
88	149
88	160
88	184
88	190
88	192
88	195
89	62
89	63
89	75
89	77
89	116
89	130
89	142
89	151
89	154
89	160
89	170
89	175
89	184
89	185
89	188
89	191
90	3
90	16
90	41
90	96
90	108
90	112
90	113
90	117
90	125
90	143
90	184
90	186
90	189
90	190
90	198
90	200
91	31
91	42
91	50
91	68
91	113
91	123
91	139
91	152
91	157
91	158
91	178
91	180
91	186
91	187
91	194
91	198
92	2
92	14
92	24
92	50
92	98
92	107
92	117
92	122
92	139
92	142
92	150
92	156
92	167
92	177
92	183
92	186
93	11
93	20
93	69
93	72
93	84
93	99
93	107
93	117
93	127
93	132
93	172
93	177
93	183
93	195
93	196
93	199
94	20
94	54
94	61
94	98
94	120
94	125
94	129
94	138
94	140
94	143
94	155
94	171
94	183
94	188
94	189
94	195
95	1
95	6
95	17
95	60
95	132
95	135
95	136
95	145
95	170
95	176
95	185
95	186
95	190
95	193
95	197
95	200
96	25
96	40
96	59
96	83
96	92
96	114
96	118
96	122
96	130
96	131
96	143
96	166
96	169
96	183
96	188
96	200
97	59
97	69
97	128
97	133
97	141
97	146
97	148
97	154
97	157
97	168
97	173
97	175
97	178
97	188
97	191
97	199
98	23
98	40
98	62
98	88
98	104
98	122
98	130
98	133
98	157
98	175
98	176
98	181
98	184
98	185
98	195
98	197
99	3
99	12
99	45
99	70
99	77
99	78
99	104
99	114
99	144
99	158
99	162
99	164
99	178
99	194
99	198
99	199
100	12
100	14
100	15
100	40
100	58
100	101
100	140
100	142
100	170
100	177
100	186
100	191
100	192
100	193
100	198
100	199
101	22
101	41
101	100
101	116
101	137
101	148
101	152
101	157
101	170
101	175
101	188
101	189
101	191
101	197
101	198
101	199
102	29
102	83
102	92
102	120
102	139
102	141
102	146
102	159
102	169
102	171
102	174
102	176
102	181
102	184
102	191
102	192
103	31
103	50
103	77
103	82
103	87
103	92
103	117
103	120
103	127
103	128
103	155
103	159
103	167
103	178
103	182
103	200
104	28
104	30
104	60
104	63
104	117
104	125
104	127
104	144
104	151
104	154
104	162
104	181
104	186
104	187
104	197
105	22
105	25
105	59
105	88
105	93
105	101
105	118
105	138
105	155
105	182
105	187
105	189
105	190
105	192
105	199
106	4
106	66
106	90
106	134
106	136
106	152
106	168
106	170
106	172
106	174
106	181
106	182
106	196
106	198
106	200
107	103
107	119
107	147
107	158
107	162
107	163
107	167
107	169
107	175
107	176
107	185
107	189
107	196
107	197
107	199
108	1
108	35
108	38
108	39
108	57
108	87
108	118
108	125
108	134
108	166
108	167
108	174
108	181
108	185
108	195
109	44
109	68
109	130
109	139
109	146
109	153
109	157
109	159
109	166
109	183
109	185
109	189
109	191
109	198
109	199
110	10
110	35
110	60
110	66
110	76
110	122
110	134
110	144
110	149
110	163
110	180
110	185
110	196
110	198
110	199
111	26
111	27
111	46
111	47
111	57
111	79
111	106
111	130
111	131
111	155
111	165
111	166
111	184
111	190
111	193
112	33
112	38
112	43
112	75
112	85
112	96
112	108
112	127
112	134
112	138
112	167
112	192
112	195
112	199
112	200
113	59
113	66
113	75
113	78
113	83
113	105
113	106
113	121
113	122
113	123
113	131
113	156
113	170
113	185
113	186
114	15
114	36
114	120
114	135
114	138
114	158
114	160
114	175
114	176
114	179
114	185
114	187
114	192
114	195
114	196
115	3
115	21
115	27
115	132
115	138
115	145
115	147
115	150
115	159
115	173
115	176
115	179
115	185
115	194
115	196
116	2
116	7
116	48
116	52
116	93
116	94
116	114
116	139
116	142
116	152
116	168
116	181
116	189
116	191
116	192
117	47
117	64
117	91
117	95
117	102
117	103
117	136
117	150
117	158
117	168
117	175
117	180
117	185
117	196
117	197
118	36
118	92
118	112
118	141
118	152
118	161
118	163
118	165
118	166
118	167
118	169
118	173
118	186
118	194
118	196
119	16
119	42
119	63
119	67
119	121
119	122
119	138
119	152
119	158
119	169
119	178
119	184
119	188
119	196
119	197
120	26
120	35
120	72
120	80
120	85
120	101
120	117
120	126
120	132
120	145
120	159
120	161
120	184
120	185
120	193
121	23
121	28
121	33
121	78
121	81
121	84
121	144
121	153
121	166
121	174
121	178
121	181
121	184
121	190
121	200
122	55
122	62
122	104
122	115
122	117
122	125
122	126
122	142
122	143
122	151
122	154
122	164
122	188
122	198
122	200
123	66
123	69
123	70
123	103
123	119
123	174
123	175
123	178
123	180
123	184
123	185
123	187
123	188
123	190
123	197
124	21
124	66
124	90
124	100
124	119
124	125
124	135
124	146
124	147
124	150
124	153
124	174
124	183
124	184
124	188
125	1
125	43
125	48
125	104
125	116
125	119
125	123
125	126
125	132
125	148
125	158
125	161
125	182
125	194
125	195
126	56
126	58
126	63
126	74
126	76
126	97
126	112
126	130
126	153
126	156
126	157
126	168
126	178
126	180
126	200
127	37
127	38
127	58
127	82
127	88
127	138
127	145
127	150
127	187
127	191
127	193
127	195
127	197
127	199
127	200
128	37
128	57
128	64
128	89
128	135
128	141
128	147
128	150
128	162
128	177
128	190
128	191
128	197
128	199
128	200
129	4
129	8
129	49
129	61
129	79
129	124
129	127
129	160
129	168
129	169
129	176
129	179
129	184
129	185
129	196
130	7
130	27
130	40
130	86
130	102
130	111
130	147
130	156
130	165
130	172
130	173
130	178
130	181
130	197
130	198
131	8
131	65
131	97
131	115
131	151
131	157
131	168
131	170
131	171
131	172
131	183
131	191
131	195
131	198
131	199
132	1
132	7
132	67
132	76
132	103
132	130
132	138
132	144
132	165
132	186
132	187
132	190
132	191
132	198
132	200
133	9
133	71
133	76
133	95
133	144
133	162
133	168
133	178
133	183
133	185
133	187
133	194
133	195
133	197
133	199
134	50
134	55
134	71
134	74
134	87
134	113
134	129
134	149
134	162
134	174
134	176
134	181
134	190
134	195
134	200
135	13
135	30
135	62
135	63
135	85
135	91
135	102
135	130
135	140
135	142
135	175
135	180
135	182
135	189
135	196
136	11
136	55
136	69
136	100
136	127
136	142
136	143
136	156
136	164
136	171
136	173
136	180
136	183
136	187
136	200
137	13
137	62
137	73
137	75
137	99
137	105
137	126
137	135
137	151
137	157
137	163
137	165
137	169
137	182
137	193
138	55
138	79
138	127
138	145
138	158
138	163
138	169
138	180
138	183
138	186
138	189
138	193
138	194
138	195
138	196
139	9
139	13
139	45
139	66
139	93
139	118
139	119
139	121
139	144
139	145
139	160
139	166
139	174
139	184
139	187
140	40
140	60
140	104
140	107
140	133
140	138
140	153
140	156
140	173
140	186
140	189
140	192
140	194
140	197
140	200
141	5
141	9
141	14
141	29
141	44
141	120
141	127
141	131
141	148
141	152
141	156
141	162
141	167
141	176
141	182
142	13
142	25
142	69
142	98
142	101
142	131
142	137
142	160
142	169
142	171
142	182
142	183
142	189
142	190
142	192
143	17
143	49
143	51
143	81
143	82
143	84
143	93
143	136
143	159
143	166
143	167
143	168
143	187
143	192
143	193
144	116
144	123
144	124
144	128
144	129
144	136
144	139
144	153
144	154
144	169
144	182
144	188
144	193
144	194
144	195
145	13
145	46
145	53
145	78
145	92
145	100
145	112
145	119
145	121
145	159
145	161
145	183
145	186
145	189
145	193
146	51
146	94
146	106
146	123
146	132
146	139
146	153
146	155
146	161
146	177
146	184
146	188
146	195
146	196
146	199
147	5
147	15
147	71
147	86
147	110
147	130
147	142
147	150
147	152
147	165
147	181
147	193
147	196
147	198
147	199
148	23
148	36
148	47
148	63
148	77
148	106
148	127
148	147
148	169
148	172
148	175
148	178
148	197
148	199
148	200
149	21
149	41
149	44
149	48
149	65
149	81
149	127
149	141
149	164
149	165
149	183
149	187
149	193
149	197
149	199
150	28
150	29
150	62
150	63
150	98
150	105
150	106
150	148
150	169
150	177
150	187
150	189
150	194
150	196
150	197
151	24
151	49
151	80
151	109
151	111
151	125
151	143
151	162
151	173
151	182
151	186
151	193
151	194
151	199
151	200
152	2
152	30
152	68
152	76
152	82
152	165
152	181
152	183
152	184
152	185
152	188
152	191
152	192
152	196
152	197
153	8
153	96
153	119
153	121
153	124
153	125
153	139
153	146
153	147
153	152
153	174
153	184
153	188
153	193
153	195
154	85
154	94
154	97
154	105
154	108
154	111
154	120
154	152
154	161
154	162
154	167
154	188
154	190
154	193
154	197
155	3
155	53
155	54
155	81
155	94
155	109
155	146
155	156
155	169
155	171
155	182
155	183
155	187
155	194
155	200
156	31
156	32
156	36
156	79
156	114
156	115
156	130
156	147
156	150
156	155
156	160
156	167
156	169
156	172
156	173
157	19
157	25
157	31
157	43
157	79
157	97
157	109
157	131
157	167
157	177
157	179
157	191
157	196
157	198
157	199
158	23
158	39
158	71
158	102
158	119
158	128
158	132
158	134
158	165
158	170
158	175
158	179
158	190
158	191
158	192
159	22
159	56
159	74
159	88
159	97
159	123
159	129
159	163
159	171
159	177
159	180
159	182
159	185
159	195
159	196
160	22
160	42
160	102
160	106
160	109
160	110
160	145
160	151
160	162
160	167
160	172
160	179
160	190
160	197
160	199
161	59
161	80
161	89
161	102
161	111
161	112
161	129
161	158
161	159
161	165
161	173
161	182
161	188
161	190
161	196
162	2
162	7
162	83
162	105
162	111
162	135
162	140
162	158
162	163
162	164
162	180
162	182
162	185
162	189
162	200
163	34
163	48
163	82
163	129
163	152
163	160
163	162
163	164
163	167
163	168
163	175
163	180
163	192
163	199
163	200
164	9
164	44
164	119
164	120
164	121
164	132
164	133
164	145
164	171
164	176
164	177
164	186
164	194
164	199
165	59
165	66
165	75
165	100
165	108
165	113
165	118
165	148
165	152
165	166
165	175
165	177
165	184
165	188
165	194
166	71
166	80
166	116
166	148
166	157
166	160
166	171
166	172
166	174
166	187
166	190
166	191
166	195
166	198
166	199
167	67
167	96
167	108
167	112
167	116
167	118
167	133
167	136
167	148
167	155
167	179
167	186
167	195
167	196
167	199
168	3
168	15
168	60
168	95
168	107
168	112
168	117
168	118
168	129
168	130
168	163
168	179
168	182
168	185
168	193
169	19
169	38
169	81
169	89
169	115
169	116
169	123
169	126
169	132
169	157
169	176
169	194
169	195
169	196
169	197
170	19
170	29
170	48
170	55
170	79
170	109
170	123
170	154
170	166
170	172
170	181
170	184
170	191
170	198
170	199
171	6
171	15
171	16
171	23
171	52
171	67
171	74
171	137
171	140
171	155
171	157
171	165
171	178
171	181
171	196
172	9
172	49
172	79
172	95
172	101
172	106
172	158
172	161
172	165
172	170
172	177
172	183
172	196
172	198
172	199
173	35
173	49
173	68
173	71
173	97
173	107
173	116
173	145
173	148
173	160
173	161
173	169
173	170
173	185
173	200
174	106
174	146
174	149
174	153
174	157
174	163
174	166
174	175
174	177
174	178
174	188
174	189
174	190
174	192
174	198
175	80
175	82
175	90
175	98
175	100
175	103
175	144
175	151
175	159
175	161
175	165
175	168
175	179
175	182
175	192
176	65
176	107
176	134
176	137
176	139
176	154
176	170
176	177
176	185
176	186
176	187
176	189
176	194
176	197
176	199
177	37
177	93
177	95
177	111
177	114
177	117
177	159
177	160
177	163
177	169
177	185
177	186
177	194
177	195
177	200
178	29
178	67
178	102
178	106
178	111
178	131
178	133
178	145
178	146
178	164
178	174
178	175
178	184
178	192
178	193
179	5
179	24
179	30
179	54
179	64
179	73
179	109
179	129
179	154
179	168
179	182
179	183
179	189
179	192
179	200
180	16
180	53
180	64
180	83
180	86
180	90
180	110
180	117
180	163
180	167
180	173
180	186
180	191
180	193
180	200
181	8
181	27
181	93
181	120
181	140
181	143
181	149
181	159
181	162
181	166
181	169
181	172
181	178
181	190
181	194
182	16
182	18
182	32
182	56
182	124
182	131
182	162
182	165
182	166
182	172
182	176
182	180
182	184
182	197
182	198
183	103
183	115
183	125
183	136
183	138
183	150
183	156
183	177
183	180
183	185
183	187
183	189
183	195
183	196
183	200
184	42
184	64
184	68
184	102
184	121
184	124
184	144
184	157
184	158
184	174
184	178
184	179
184	188
184	196
184	200
185	30
185	46
185	107
185	110
185	111
185	121
185	141
185	142
185	152
185	171
185	176
185	191
185	195
185	196
185	200
186	47
186	72
186	89
186	93
186	106
186	126
186	130
186	148
186	151
186	159
186	176
186	184
186	185
186	195
186	197
187	13
187	90
187	92
187	128
187	134
187	136
187	140
187	155
187	162
187	176
187	179
187	183
187	188
187	194
187	196
188	70
188	102
188	115
188	120
188	123
188	136
188	138
188	140
188	146
188	151
188	172
188	178
188	180
188	194
188	195
189	38
189	40
189	54
189	86
189	101
189	105
189	137
189	142
189	158
189	159
189	180
189	183
189	190
189	192
189	194
190	25
190	78
190	132
190	133
190	142
190	147
190	155
190	176
190	178
190	188
190	189
190	192
190	193
190	197
190	198
191	26
191	37
191	45
191	54
191	112
191	138
191	145
191	156
191	157
191	161
191	166
191	172
191	188
191	197
191	198
192	58
192	61
192	91
192	105
192	121
192	127
192	128
192	142
192	167
192	174
192	175
192	181
192	189
192	190
192	196
193	14
193	58
193	68
193	82
193	90
193	100
193	114
193	140
193	161
193	171
193	184
193	187
193	191
193	197
193	200
194	93
194	113
194	119
194	125
194	127
194	154
194	169
194	170
194	173
194	177
194	184
194	185
194	187
194	195
194	197
195	37
195	60
195	74
195	79
195	103
195	105
195	113
195	121
195	133
195	155
195	181
195	183
195	192
195	194
195	196
196	15
196	83
196	97
196	115
196	133
196	146
196	150
196	154
196	158
196	164
196	175
196	186
196	187
196	194
196	197
197	32
197	39
197	59
197	76
197	91
197	110
197	150
197	169
197	177
197	183
197	185
197	187
197	188
197	190
197	196
198	13
198	31
198	72
198	88
198	100
198	109
198	118
198	131
198	143
198	170
198	171
198	172
198	175
198	196
198	199
199	43
199	110
199	119
199	131
199	164
199	170
199	172
199	179
199	183
199	187
199	191
199	195
199	197
199	198
200	6
200	39
200	52
200	71
200	79
200	88
200	114
200	134
200	143
200	150
200	183
200	193
200	194
200	196
200	199
