in-degree distribution (probability density function of the degree in logarithmic bins) 
17.5227	0.144863
19.4872	0.117871
21	0.0221958
22.35	0.050939
24.6818	0.0514378
27.5	0.0257561
29.4	0.0197032
32	0.0271311
34.8462	0.0215853
38.5294	0.0259121

in-degree distribution (degree-occurrences) 
17	0.105
18	0.115
19	0.1
20	0.095
21	0.04
22	0.065
23	0.035
24	0.045
25	0.055
26	0.01
27	0.03
28	0.03
29	0.03
30	0.02
31	0.02
32	0.035
33	0.02
34	0.02
35	0.035
36	0.01
37	0.02
38	0.02
39	0.025
40	0.02


--------------------------------------
out-degree distribution (probability density function of the degree in logarithmic bins) 
24	5.04212
25	4.93822

out-degree distribution (degree-occurrences) 
24	0.495
25	0.505


--------------------------------------
community distribution (size-occurrences)
19	0.142857
23	0.142857
27	0.142857
29	0.285714
36	0.142857
37	0.142857


--------------------------------------
mixing parameter (in-links)
0.262586	0.04
0.269231	0.005
0.272727	0.025
0.277778	0.085
0.28091	0.05
0.285714	0.06
0.291036	0.06
0.294932	0.145
0.3	0.135
0.303942	0.05
0.309284	0.05
0.315164	0.115
0.31903	0.075
0.322269	0.025
0.333333	0.065
0.352941	0.015

--------------------------------------
mixing parameter (out-links)
0.1225	0.01
0.16	0.01
0.166667	0.02
0.2	0.025
0.208333	0.045
0.245429	0.175
0.286437	0.29
0.325926	0.225
0.36	0.035
0.375	0.05
0.4	0.065
0.416667	0.01
0.44	0.02
0.458333	0.01
0.48	0.005
0.56	0.005

--------------------------------------
