in-degree distribution (probability density function of the degree in logarithmic bins) 
17.5476	0.138278
19.44	0.0755584
21	0.0388427
22.4783	0.0585798
24.8649	0.0865089
27.4615	0.0279024
29.6667	0.0177329
32.1111	0.0325573
34.7	0.0166041
38.1111	0.0137182

in-degree distribution (degree-occurrences) 
17	0.095
18	0.115
19	0.07
20	0.055
21	0.07
22	0.06
23	0.055
24	0.085
25	0.04
26	0.06
27	0.035
28	0.03
29	0.015
30	0.03
31	0.02
32	0.04
33	0.03
34	0.03
35	0.005
36	0.015
37	0.015
38	0.015
39	0.01
40	0.005


--------------------------------------
out-degree distribution (probability density function of the degree in logarithmic bins) 
24	7.84329
25	2.24909

out-degree distribution (degree-occurrences) 
24	0.77
25	0.23


--------------------------------------
community distribution (size-occurrences)
18	0.142857
21	0.142857
25	0.142857
27	0.142857
30	0.142857
39	0.142857
40	0.142857


--------------------------------------
mixing parameter (in-links)
0.470588	0.04
0.475003	0.095
0.478261	0.04
0.480423	0.035
0.484523	0.015
0.486833	0.01
0.5	0.54
0.513533	0.02
0.516072	0.05
0.519074	0.04
0.521739	0.015
0.525202	0.045
0.529412	0.055

--------------------------------------
mixing parameter (out-links)
0.375	0.02
0.4	0.01
0.416667	0.035
0.44	0.005
0.458333	0.095
0.48	0.09
0.5	0.475
0.52	0.075
0.541667	0.115
0.56	0.04
0.583333	0.03
0.6	0.01

--------------------------------------
