in-degree distribution (probability density function of the degree in logarithmic bins) 
17.5143	0.115232
19.4667	0.0906701
21	0.0305193
22.4348	0.0585798
25	0.0771566
27.4	0.0321951
29.3333	0.0177329
32.2667	0.0271311
34.9231	0.0215853
38	0.0243879

in-degree distribution (degree-occurrences) 
17	0.085
18	0.09
19	0.08
20	0.07
21	0.055
22	0.065
23	0.05
24	0.06
25	0.045
26	0.06
27	0.045
28	0.03
29	0.03
30	0.015
31	0.01
32	0.035
33	0.03
34	0.025
35	0.02
36	0.02
37	0.03
38	0.025
39	0.02
40	0.005


--------------------------------------
out-degree distribution (probability density function of the degree in logarithmic bins) 
24	0.509305
25	9.28972

out-degree distribution (degree-occurrences) 
24	0.05
25	0.95


--------------------------------------
community distribution (size-occurrences)
22	0.142857
23	0.285714
29	0.142857
31	0.142857
35	0.142857
37	0.142857


--------------------------------------
mixing parameter (in-links)
0.647059	0.01
0.666667	0.07
0.678571	0.02
0.681364	0.06
0.685056	0.085
0.69181	0.08
0.695913	0.08
0.7	0.09
0.704777	0.175
0.708995	0.07
0.714286	0.05
0.719241	0.06
0.722581	0.08
0.727273	0.025
0.730769	0.005
0.737128	0.04

--------------------------------------
mixing parameter (out-links)
0.6	0.035
0.64	0.08
0.666667	0.02
0.68	0.345
0.708333	0.03
0.72	0.37
0.76	0.08
0.8	0.03
0.84	0.01

--------------------------------------
