in-degree distribution (probability density function of the degree in logarithmic bins) 
15.4286	0.0729481
17.9	0.0923906
20.5	0.0491464
22.96	0.0453871
25.9412	0.0273623
28.8889	0.0256856
32	0.0164464
36.7778	0.0100945
42.2308	0.012927
47.3077	0.0114606

in-degree distribution (degree-occurrences) 
15	0.08
16	0.06
17	0.075
18	0.07
19	0.055
20	0.06
21	0.06
22	0.035
23	0.06
24	0.03
25	0.035
26	0.02
27	0.03
28	0.045
29	0.01
30	0.035
31	0.02
32	0.03
33	0.01
34	0.005
35	0.01
36	0.015
37	0.005
38	0.005
39	0.01
40	0.01
41	0.015
42	0.005
43	0.02
44	0.015
45	0.015
46	0.005
47	0.015
48	0.01
49	0.015
50	0.005


--------------------------------------
out-degree distribution (probability density function of the degree in logarithmic bins) 
24	0.0259237
25	2.78955
26	2.08188

out-degree distribution (degree-occurrences) 
24	0.005
25	0.56
26	0.435


--------------------------------------
community distribution (size-occurrences)
27	0.166667
29	0.166667
30	0.166667
31	0.166667
36	0.166667
47	0.166667


--------------------------------------
mixing parameter (in-links)
0.25	0.015
0.263158	0.01
0.26685	0.07
0.272727	0.025
0.277901	0.065
0.284973	0.115
0.289866	0.025
0.294138	0.15
0.299651	0.13
0.304223	0.1
0.309108	0.04
0.31391	0.105
0.319809	0.07
0.324081	0.01
0.333333	0.065
0.352941	0.005

--------------------------------------
mixing parameter (out-links)
0	0.015
0.04	0.005
0.08	0.02
0.117902	0.055
0.158322	0.055
0.197041	0.065
0.236308	0.075
0.276923	0.14
0.314793	0.13
0.345353	0.08
0.36	0.1
0.390385	0.16
0.423077	0.035
0.44	0.025
0.466813	0.035
0.538462	0.005

--------------------------------------
