in-degree distribution (probability density function of the degree in logarithmic bins) 
15.6667	0.0703428
17.8571	0.0970102
20.36	0.0511941
23.0526	0.0344942
25.9286	0.0225337
29.2353	0.0242586
32.5789	0.0240371
36.7059	0.0190673
43.1667	0.00596629
47.5714	0.0123422

in-degree distribution (degree-occurrences) 
15	0.045
16	0.09
17	0.095
18	0.05
19	0.065
20	0.08
21	0.045
22	0.03
23	0.03
24	0.035
25	0.025
26	0.025
27	0.02
28	0.02
29	0.025
30	0.04
31	0.03
32	0.015
33	0.015
34	0.035
35	0.01
36	0.035
37	0.02
38	0.01
39	0.01
42	0.01
43	0.005
44	0.015
45	0.01
46	0.015
47	0.01
48	0.01
49	0.01
50	0.015


--------------------------------------
out-degree distribution (probability density function of the degree in logarithmic bins) 
25	2.64646
26	7.24254

out-degree distribution (degree-occurrences) 
25	0.26
26	0.74


--------------------------------------
community distribution (size-occurrences)
21	0.142857
24	0.285714
26	0.142857
29	0.142857
33	0.142857
43	0.142857


--------------------------------------
mixing parameter (in-links)
0.466667	0.025
0.470588	0.045
0.474937	0.06
0.478261	0.01
0.481873	0.03
0.485113	0.025
0.488629	0.04
0.5	0.53
0.510204	0.005
0.515042	0.05
0.51894	0.04
0.521739	0.02
0.525564	0.05
0.529412	0.05
0.533333	0.02

--------------------------------------
mixing parameter (out-links)
0.384615	0.015
0.4	0.005
0.423077	0.01
0.44	0.03
0.461538	0.075
0.48	0.125
0.5	0.49
0.52	0.085
0.538462	0.13
0.576923	0.01
0.6	0.015
0.615385	0.01

--------------------------------------
