in-degree distribution (probability density function of the degree in logarithmic bins) 
15.5	0.115715
17.64	0.0614439
20.4545	0.0482348
22.4762	0.041073
25	0.0314057
27.5	0.0249032
31.75	0.0222155
35.6667	0.0185792
39.6364	0.0121542
44.6429	0.0137994

in-degree distribution (degree-occurrences) 
15	0.105
16	0.105
17	0.045
18	0.08
19	0.02
20	0.02
21	0.07
22	0.055
23	0.05
24	0.03
25	0.03
26	0.03
27	0.05
28	0.02
29	0.01
30	0.005
31	0.035
32	0.015
33	0.025
34	0.01
35	0.025
36	0.02
37	0.02
38	0.01
39	0.015
40	0.015
41	0.015
42	0.015
43	0.01
44	0.005
45	0.015
46	0.005
47	0.02


--------------------------------------
out-degree distribution (probability density function of the degree in logarithmic bins) 
25	9.77156
26	0.391489

out-degree distribution (degree-occurrences) 
25	0.96
26	0.04


--------------------------------------
community distribution (size-occurrences)
22	0.166667
29	0.166667
30	0.166667
34	0.166667
41	0.166667
44	0.166667


--------------------------------------
mixing parameter (in-links)
0.666667	0.1
0.677559	0.02
0.681234	0.055
0.684962	0.02
0.687771	0.105
0.694368	0.11
0.697171	0.035
0.702147	0.12
0.706754	0.095
0.710134	0.05
0.714286	0.085
0.71934	0.025
0.722222	0.055
0.727273	0.025
0.733136	0.065
0.736842	0.01
0.75	0.025

--------------------------------------
mixing parameter (out-links)
0.56	0.005
0.6	0.03
0.64	0.075
0.68	0.29
0.692308	0.035
0.72	0.46
0.730769	0.005
0.76	0.095
0.8	0.005

--------------------------------------
