in-degree distribution (probability density function of the degree in logarithmic bins) 
7.96429	0.140049
9	0.0798327
10.4528	0.0935356
12.85	0.0593014
15.3636	0.0273988
18.1304	0.0240625
21.2727	0.0193348
25.9048	0.0155038
30.3636	0.00682207
36.1667	0.00625185
40	0.000875309

in-degree distribution (degree-occurrences) 
7	0.00666667
8	0.18
9	0.126667
10	0.0966667
11	0.08
12	0.0533333
13	0.0466667
14	0.0333333
15	0.0466667
16	0.0266667
17	0.0233333
18	0.02
19	0.0333333
20	0.0233333
21	0.0133333
22	0.03
23	0.00666667
24	0.0166667
25	0.0166667
26	0.01
27	0.01
28	0.0166667
29	0.01
30	0.01
31	0.01
32	0.00666667
34	0.0133333
35	0.00333333
36	0.00333333
37	0.00666667
38	0.01
39	0.00333333
40	0.00666667


--------------------------------------
out-degree distribution (probability density function of the degree in logarithmic bins) 
14	0.997345
15	8.75891

out-degree distribution (degree-occurrences) 
14	0.0966667
15	0.903333


--------------------------------------
community distribution (size-occurrences)
8	0.0555556
9	0.111111
10	0.0555556
11	0.277778
13	0.0555556
14	0.0555556
16	0.0555556
17	0.0555556
18	0.0555556
29	0.0555556
30	0.0555556
32	0.0555556
40	0.0555556


--------------------------------------
mixing parameter (in-links)
0.222222	0.04
0.25	0.136667
0.263158	0.00666667
0.271087	0.0933333
0.278094	0.0266667
0.28965	0.113333
0.299891	0.156667
0.309243	0.0933333
0.318069	0.0766667
0.333333	0.15
0.362825	0.0266667
0.375	0.0766667
0.428571	0.00333333

--------------------------------------
mixing parameter (out-links)
0	0.166667
0.0677019	0.0766667
0.134319	0.0966667
0.200893	0.0533333
0.267244	0.11
0.333333	0.09
0.357143	0.00333333
0.403175	0.12
0.466667	0.07
0.528205	0.0866667
0.597279	0.07
0.666667	0.02
0.733333	0.0233333
0.8	0.01
1	0.00333333

--------------------------------------
