1	42
1	117
1	134
1	136
1	184
1	185
1	209
1	228
1	239
1	244
1	252
1	270
1	271
1	276
1	294
2	11
2	80
2	89
2	92
2	119
2	123
2	140
2	151
2	163
2	164
2	180
2	186
2	221
2	291
2	300
3	26
3	27
3	49
3	74
3	102
3	161
3	170
3	172
3	202
3	211
3	213
3	214
3	224
3	264
3	278
4	19
4	59
4	112
4	173
4	218
4	221
4	235
4	260
4	261
4	265
4	266
4	268
4	272
4	285
4	286
5	32
5	70
5	94
5	144
5	216
5	225
5	238
5	241
5	249
5	279
5	290
5	293
5	294
5	295
5	296
6	7
6	20
6	22
6	29
6	34
6	35
6	47
6	89
6	126
6	156
6	157
6	172
6	179
6	202
6	228
7	69
7	96
7	102
7	103
7	105
7	138
7	154
7	157
7	171
7	183
7	199
7	209
7	225
7	236
7	263
8	65
8	93
8	116
8	150
8	169
8	172
8	186
8	192
8	215
8	230
8	234
8	235
8	247
8	248
8	251
9	17
9	36
9	71
9	106
9	169
9	191
9	206
9	210
9	229
9	243
9	253
9	258
9	259
9	262
9	297
10	1
10	47
10	184
10	188
10	203
10	226
10	255
10	266
10	269
10	274
10	278
10	279
10	286
10	288
10	300
11	2
11	37
11	46
11	104
11	151
11	180
11	186
11	199
11	207
11	282
11	283
11	297
11	298
11	299
11	300
12	70
12	132
12	175
12	206
12	207
12	219
12	225
12	238
12	249
12	263
12	282
12	294
12	295
12	296
12	299
13	49
13	69
13	90
13	103
13	105
13	117
13	118
13	150
13	171
13	173
13	183
13	199
13	275
13	276
13	297
14	12
14	21
14	189
14	193
14	238
14	249
14	263
14	276
14	282
14	290
14	293
14	294
14	295
14	296
14	299
15	40
15	42
15	130
15	145
15	155
15	184
15	185
15	209
15	228
15	239
15	244
15	252
15	274
15	287
15	298
16	2
16	23
16	51
16	65
16	112
16	122
16	130
16	131
16	153
16	158
16	215
16	228
16	234
16	244
17	9
17	16
17	71
17	90
17	92
17	97
17	176
17	200
17	229
17	232
17	243
17	253
17	258
17	259
17	262
18	48
18	68
18	107
18	118
18	143
18	144
18	166
18	167
18	168
18	190
18	194
18	231
18	259
18	279
18	283
19	109
19	183
19	198
19	200
19	211
19	222
19	235
19	240
19	265
19	268
19	270
19	272
19	280
19	284
19	287
20	6
20	22
20	29
20	34
20	35
20	47
20	54
20	66
20	126
20	156
20	157
20	172
20	224
20	238
21	5
21	70
21	207
21	219
21	225
21	238
21	263
21	275
21	276
21	290
21	293
21	294
21	295
21	296
21	299
22	6
22	29
22	47
22	126
22	156
22	172
22	183
22	194
22	204
22	210
22	255
22	279
22	289
22	294
22	299
23	8
23	51
23	59
23	101
23	112
23	122
23	127
23	131
23	153
23	158
23	173
23	284
23	285
23	286
23	299
24	8
24	33
24	84
24	93
24	98
24	159
24	177
24	181
24	218
24	248
24	253
24	261
24	287
24	288
24	294
25	45
25	56
25	94
25	120
25	125
25	137
25	160
25	208
25	233
25	245
25	259
25	289
25	293
25	294
25	300
26	3
26	27
26	30
26	136
26	147
26	162
26	205
26	211
26	213
26	214
26	222
26	233
26	241
26	257
26	297
27	22
27	74
27	95
27	127
27	128
27	147
27	170
27	187
27	202
27	205
27	211
27	213
27	214
27	229
27	269
28	4
28	53
28	61
28	108
28	135
28	173
28	200
28	235
28	236
28	250
28	265
28	268
28	277
28	284
28	285
29	13
29	22
29	44
29	50
29	95
29	114
29	156
29	157
29	172
29	191
29	213
29	247
29	250
29	253
29	255
30	24
30	66
30	72
30	81
30	88
30	99
30	114
30	133
30	146
30	159
30	168
30	177
30	253
30	280
30	292
31	33
31	79
31	85
31	93
31	110
31	129
31	130
31	156
31	163
31	164
31	193
31	195
31	201
31	212
31	268
32	1
32	24
32	107
32	123
32	134
32	141
32	185
32	186
32	209
32	228
32	239
32	244
32	252
32	270
32	279
33	31
33	37
33	100
33	110
33	129
33	133
33	161
33	192
33	193
33	195
33	199
33	201
33	212
33	288
33	297
34	23
34	35
34	48
34	126
34	156
34	157
34	172
34	246
34	248
34	256
34	257
34	274
34	279
34	295
34	296
35	20
35	34
35	95
35	109
35	120
35	126
35	138
35	142
35	172
35	208
35	211
35	223
35	231
35	253
35	270
36	15
36	67
36	86
36	134
36	145
36	184
36	185
36	209
36	228
36	239
36	244
36	245
36	252
36	273
36	290
37	67
37	91
37	113
37	118
37	127
37	129
37	133
37	137
37	142
37	176
37	182
37	232
37	233
37	254
37	282
38	4
38	96
38	196
38	221
38	222
38	235
38	240
38	246
38	260
38	261
38	266
38	268
38	280
38	287
38	297
39	152
39	154
39	187
39	188
39	197
39	226
39	256
39	269
39	274
39	278
39	279
39	286
39	287
39	298
39	300
40	1
40	15
40	32
40	87
40	100
40	124
40	145
40	173
40	185
40	188
40	239
40	244
40	252
40	285
40	295
41	56
41	66
41	151
41	223
41	229
41	242
41	264
41	270
41	273
41	277
41	281
41	283
41	289
41	291
41	292
42	32
42	36
42	100
42	101
42	178
42	185
42	212
42	228
42	239
42	241
42	244
42	245
42	252
42	286
42	295
43	34
43	44
43	54
43	67
43	72
43	98
43	104
43	114
43	116
43	121
43	179
43	260
43	265
43	296
43	300
44	11
44	17
44	22
44	43
44	67
44	98
44	104
44	114
44	121
44	181
44	238
44	256
44	261
44	264
44	295
45	25
45	28
45	55
45	60
45	63
45	90
45	125
45	150
45	152
45	234
45	254
45	258
45	263
45	264
45	299
46	61
46	79
46	92
46	97
46	189
46	194
46	210
46	215
46	218
46	220
46	243
46	253
46	258
46	259
46	262
47	65
47	123
47	126
47	142
47	156
47	157
47	172
47	226
47	229
47	233
47	245
47	257
47	277
47	289
47	294
48	14
48	62
48	68
48	118
48	143
48	144
48	159
48	167
48	168
48	176
48	190
48	227
48	257
48	289
48	300
49	7
49	69
49	90
49	97
49	103
49	105
49	171
49	173
49	183
49	188
49	199
49	215
49	249
49	269
49	300
50	96
50	108
50	162
50	196
50	198
50	218
50	222
50	250
50	261
50	266
50	272
50	280
50	287
50	294
50	297
51	16
51	23
51	82
51	112
51	122
51	130
51	131
51	153
51	154
51	155
51	158
51	202
51	208
51	242
51	262
52	66
52	214
52	217
52	223
52	231
52	264
52	270
52	273
52	276
52	277
52	281
52	283
52	289
52	291
52	292
53	187
53	196
53	198
53	221
53	222
53	235
53	246
53	254
53	260
53	261
53	266
53	280
53	284
53	285
53	297
54	43
54	44
54	67
54	88
54	98
54	104
54	114
54	121
54	160
54	163
54	219
54	281
54	284
54	291
54	299
55	60
55	63
55	86
55	87
55	125
55	132
55	136
55	153
55	160
55	178
55	228
55	246
55	280
55	281
55	298
56	122
56	149
56	153
56	194
56	208
56	224
56	231
56	242
56	267
56	270
56	273
56	281
56	283
56	289
56	292
57	37
57	76
57	83
57	91
57	113
57	125
57	127
57	137
57	142
57	176
57	182
57	230
57	266
57	271
57	272
58	103
58	197
58	203
58	226
58	242
58	257
58	269
58	271
58	277
58	278
58	279
58	286
58	288
58	298
58	300
59	38
59	50
59	86
59	96
59	124
59	162
59	221
59	222
59	246
59	254
59	268
59	272
59	284
59	285
59	297
60	45
60	55
60	63
60	87
60	109
60	120
60	125
60	131
60	138
60	160
60	191
60	198
60	275
60	290
61	9
61	15
61	46
61	84
61	106
61	170
61	194
61	210
61	230
61	243
61	245
61	253
61	258
61	259
61	262
62	53
62	76
62	98
62	107
62	118
62	143
62	144
62	145
62	168
62	170
62	190
62	204
62	216
62	243
62	297
63	45
63	55
63	87
63	120
63	125
63	160
63	174
63	183
63	185
63	220
63	231
63	239
63	247
63	290
64	19
64	31
64	33
64	85
64	89
64	110
64	129
64	161
64	164
64	193
64	195
64	201
64	212
64	227
64	287
65	8
65	13
65	26
65	72
65	116
65	178
65	215
65	217
65	230
65	232
65	237
65	247
65	248
65	251
65	258
66	52
66	149
66	179
66	194
66	195
66	224
66	242
66	253
66	273
66	281
66	283
66	288
66	289
66	291
66	292
67	10
67	43
67	54
67	64
67	98
67	104
67	114
67	121
67	148
67	190
67	217
67	219
67	239
67	275
67	277
68	45
68	78
68	81
68	107
68	143
68	167
68	168
68	169
68	190
68	223
68	233
68	235
68	248
68	254
68	264
69	7
69	13
69	49
69	90
69	103
69	105
69	171
69	173
69	183
69	195
69	196
69	199
69	283
69	284
69	286
70	12
70	14
70	111
70	146
70	207
70	227
70	249
70	276
70	282
70	290
70	293
70	294
70	295
70	296
70	299
71	9
71	29
71	31
71	191
71	210
71	220
71	221
71	229
71	243
71	253
71	258
71	259
71	262
71	263
71	269
72	4
72	144
72	148
72	150
72	178
72	192
72	197
72	215
72	230
72	232
72	234
72	241
72	247
72	248
72	251
73	28
73	59
73	96
73	187
73	198
73	250
73	254
73	260
73	261
73	265
73	268
73	272
73	280
73	284
73	285
74	102
74	128
74	144
74	162
74	175
74	202
74	205
74	211
74	213
74	214
74	229
74	230
74	258
74	263
74	268
75	135
75	138
75	182
75	233
75	256
75	257
75	267
75	271
75	274
75	279
75	285
75	286
75	288
75	298
75	300
76	37
76	57
76	68
76	83
76	113
76	140
76	142
76	176
76	181
76	197
76	221
76	229
76	268
76	279
76	287
77	52
77	165
77	194
77	208
77	217
77	224
77	231
77	256
77	267
77	270
77	277
77	281
77	289
77	291
77	292
78	30
78	81
78	91
78	99
78	101
78	121
78	133
78	156
78	159
78	177
78	205
78	210
78	215
78	263
78	298
79	17
79	42
79	92
79	147
79	191
79	203
79	210
79	220
79	229
79	243
79	253
79	258
79	259
79	262
79	285
80	2
80	16
80	79
80	119
80	123
80	137
80	140
80	149
80	151
80	154
80	163
80	164
80	180
80	186
80	190
81	30
81	76
81	78
81	84
81	86
81	88
81	101
81	133
81	159
81	177
81	198
81	265
81	267
81	272
81	284
82	77
82	94
82	217
82	223
82	224
82	231
82	267
82	270
82	273
82	277
82	281
82	283
82	289
82	291
82	292
83	5
83	76
83	91
83	104
83	127
83	137
83	142
83	176
83	211
83	224
83	240
83	265
83	267
83	282
83	291
84	20
84	30
84	32
84	78
84	88
84	99
84	119
84	125
84	133
84	159
84	177
84	189
84	251
84	270
84	292
85	31
85	93
85	110
85	140
85	150
85	161
85	193
85	195
85	201
85	206
85	212
85	239
85	258
85	283
85	295
86	28
86	96
86	124
86	140
86	200
86	221
86	222
86	236
86	240
86	246
86	272
86	275
86	281
86	284
86	297
87	25
87	55
87	60
87	63
87	98
87	120
87	160
87	164
87	200
87	234
87	237
87	254
87	271
87	294
87	297
88	42
88	48
88	52
88	78
88	81
88	84
88	101
88	104
88	108
88	133
88	159
88	187
88	219
88	230
88	299
89	33
89	57
89	64
89	93
89	129
89	179
89	193
89	195
89	201
89	210
89	212
89	261
89	291
89	293
89	298
90	101
90	171
90	173
90	182
90	183
90	199
90	210
90	233
90	242
90	249
90	250
90	252
90	291
90	294
90	296
91	76
91	83
91	113
91	127
91	137
91	142
91	175
91	176
91	240
91	249
91	251
91	279
91	282
91	292
91	300
92	46
92	61
92	97
92	122
92	174
92	191
92	210
92	220
92	243
92	253
92	258
92	259
92	262
92	277
92	298
93	25
93	38
93	85
93	102
93	110
93	161
93	193
93	195
93	201
93	212
93	221
93	248
93	255
93	272
93	285
94	21
94	146
94	206
94	207
94	225
94	238
94	241
94	263
94	275
94	282
94	290
94	294
94	295
94	296
94	299
95	3
95	27
95	128
95	134
95	147
95	149
95	170
95	202
95	205
95	211
95	213
95	214
95	278
95	295
95	296
96	4
96	19
96	59
96	84
96	86
96	162
96	167
96	187
96	204
96	266
96	272
96	284
96	285
96	286
96	297
97	17
97	46
97	47
97	81
97	105
97	106
97	191
97	210
97	220
97	226
97	243
97	253
97	258
97	259
97	262
98	38
98	43
98	44
98	54
98	67
98	103
98	104
98	114
98	121
98	131
98	184
98	205
98	247
98	255
98	264
99	24
99	78
99	81
99	84
99	88
99	101
99	133
99	148
99	159
99	177
99	207
99	236
99	271
99	289
99	294
100	1
100	49
100	58
100	80
100	145
100	154
100	185
100	209
100	216
100	228
100	244
100	252
100	261
100	265
100	271
101	4
101	24
101	40
101	60
101	81
101	88
101	97
101	99
101	133
101	159
101	177
101	200
101	284
101	288
101	300
102	1
102	5
102	25
102	112
102	128
102	132
102	147
102	170
102	202
102	205
102	213
102	214
102	257
102	261
102	290
103	13
103	30
103	70
103	90
103	105
103	140
103	162
103	171
103	173
103	177
103	180
103	183
103	199
103	219
103	295
104	43
104	44
104	54
104	55
104	98
104	106
104	114
104	121
104	127
104	198
104	243
104	271
104	274
104	286
104	293
105	7
105	13
105	69
105	78
105	103
105	121
105	171
105	173
105	183
105	188
105	190
105	198
105	199
105	258
105	297
106	46
106	49
106	79
106	83
106	97
106	126
106	220
106	225
106	229
106	243
106	253
106	256
106	258
106	259
106	262
107	18
107	29
107	48
107	60
107	62
107	119
107	145
107	167
107	190
107	205
107	282
107	287
107	288
107	289
107	291
108	38
108	41
108	85
108	196
108	200
108	222
108	246
108	250
108	260
108	265
108	272
108	285
108	287
108	297
108	298
109	19
109	115
109	155
109	236
109	246
109	254
109	260
109	265
109	266
109	268
109	272
109	280
109	284
109	285
109	287
110	6
110	31
110	64
110	71
110	129
110	161
110	193
110	195
110	201
110	210
110	212
110	262
110	272
110	280
110	292
111	132
111	146
111	206
111	207
111	225
111	227
111	245
111	275
111	276
111	290
111	293
111	294
111	295
111	296
111	299
112	16
112	20
112	30
112	51
112	122
112	130
112	131
112	153
112	158
112	192
112	247
112	262
112	270
112	280
112	286
113	34
113	37
113	57
113	76
113	83
113	91
113	127
113	137
113	142
113	147
113	176
113	202
113	207
113	277
113	282
114	14
114	26
114	43
114	44
114	54
114	67
114	98
114	104
114	110
114	121
114	149
114	184
114	195
114	206
114	296
115	153
115	175
115	189
115	216
115	241
115	249
115	263
115	276
115	287
115	290
115	293
115	294
115	295
115	296
115	299
116	24
116	29
116	136
116	148
116	178
116	190
116	192
116	215
116	230
116	232
116	234
116	247
116	248
116	251
116	274
117	135
117	138
117	152
117	174
117	180
117	182
117	255
117	256
117	274
117	278
117	279
117	286
117	288
117	298
117	300
118	18
118	48
118	62
118	111
118	124
118	132
118	143
118	144
118	146
118	168
118	180
118	190
118	215
118	268
118	280
119	11
119	51
119	80
119	123
119	148
119	151
119	163
119	164
119	170
119	180
119	186
119	229
119	234
119	236
119	269
120	5
120	25
120	45
120	55
120	69
120	87
120	125
120	136
120	160
120	176
120	193
120	202
120	216
120	252
121	26
121	44
121	54
121	61
121	67
121	98
121	104
121	107
121	113
121	114
121	193
121	220
121	237
121	260
121	269
122	6
122	10
122	27
122	35
122	72
122	87
122	130
122	131
122	147
122	153
122	165
122	223
122	257
122	271
122	272
123	2
123	11
123	18
123	80
123	140
123	141
123	163
123	164
123	180
123	186
123	237
123	252
123	265
123	270
123	296
124	73
124	155
124	168
124	221
124	222
124	240
124	246
124	254
124	266
124	268
124	280
124	285
124	287
124	292
124	297
125	25
125	45
125	55
125	60
125	63
125	87
125	120
125	133
125	160
125	165
125	245
125	255
125	273
125	287
126	6
126	20
126	22
126	34
126	35
126	47
126	110
126	129
126	145
126	156
126	157
126	170
126	172
126	247
126	273
127	3
127	16
127	21
127	39
127	57
127	137
127	166
127	176
127	218
127	222
127	224
127	240
127	265
127	281
127	284
128	6
128	27
128	36
128	74
128	82
128	95
128	134
128	166
128	170
128	205
128	211
128	213
128	214
128	260
128	279
129	33
129	64
129	89
129	126
129	128
129	161
129	175
129	188
129	191
129	193
129	195
129	212
129	243
129	252
129	276
130	16
130	23
130	51
130	108
130	112
130	122
130	131
130	134
130	153
130	158
130	222
130	267
130	274
130	298
131	16
131	23
131	63
131	83
131	89
131	112
131	122
131	130
131	153
131	158
131	164
131	238
131	244
131	266
131	290
132	5
132	115
132	216
132	241
132	245
132	249
132	263
132	276
132	282
132	290
132	293
132	294
132	295
132	296
132	299
133	24
133	30
133	62
133	74
133	82
133	88
133	99
133	101
133	165
133	177
133	280
133	284
133	285
133	293
133	297
134	36
134	40
134	55
134	99
134	100
134	185
134	193
134	209
134	218
134	226
134	228
134	239
134	244
134	252
134	271
135	39
135	58
135	73
135	154
135	166
135	197
135	226
135	233
135	250
135	255
135	257
135	274
135	286
135	288
135	300
136	134
136	148
136	160
136	169
136	178
136	215
136	223
136	230
136	232
136	234
136	247
136	248
136	251
136	289
136	293
137	21
137	23
137	46
137	57
137	76
137	83
137	91
137	113
137	127
137	142
137	172
137	176
137	201
137	224
137	246
138	117
138	174
138	182
138	197
138	213
138	256
138	257
138	269
138	271
138	278
138	279
138	288
138	298
138	299
138	300
139	179
139	181
139	217
139	224
139	237
139	242
139	264
139	267
139	270
139	273
139	277
139	281
139	283
139	291
139	292
140	2
140	11
140	14
140	100
140	119
140	123
140	128
140	151
140	163
140	164
140	180
140	186
140	205
140	259
140	265
141	152
141	182
141	188
141	233
141	255
141	256
141	257
141	269
141	271
141	274
141	278
141	286
141	288
141	298
141	300
142	37
142	57
142	76
142	83
142	91
142	113
142	127
142	137
142	139
142	176
142	218
142	227
142	232
142	292
142	294
143	18
143	58
143	62
143	64
143	144
143	167
143	168
143	190
143	241
143	260
143	261
143	285
143	290
143	293
143	295
144	3
144	62
144	68
144	107
144	118
144	143
144	167
144	168
144	190
144	209
144	214
144	220
144	243
144	260
144	291
145	36
145	40
145	42
145	100
145	134
145	184
145	220
145	228
145	239
145	244
145	246
145	250
145	252
145	260
145	266
146	12
146	14
146	132
146	206
146	216
146	238
146	245
146	263
146	275
146	276
146	282
146	293
146	295
146	296
146	299
147	26
147	27
147	69
147	84
147	95
147	96
147	102
147	131
147	146
147	202
147	205
147	211
147	213
147	214
147	273
148	72
148	73
148	116
148	117
148	136
148	150
148	157
148	178
148	230
148	232
148	234
148	247
148	248
148	251
148	276
149	52
149	93
149	179
149	181
149	208
149	223
149	224
149	242
149	264
149	277
149	278
149	283
149	284
149	289
149	291
150	77
150	85
150	136
150	178
150	192
150	215
150	230
150	232
150	234
150	247
150	248
150	251
150	254
150	273
150	296
151	80
151	97
151	119
151	123
151	140
151	163
151	164
151	180
151	186
151	216
151	246
151	273
151	278
151	281
151	282
152	58
152	141
152	197
152	201
152	203
152	226
152	233
152	252
152	256
152	269
152	274
152	286
152	288
152	298
152	300
153	25
153	51
153	63
153	112
153	122
153	130
153	131
153	151
153	158
153	197
153	214
153	228
153	234
153	249
153	278
154	10
154	45
154	135
154	152
154	174
154	203
154	255
154	257
154	272
154	279
154	283
154	288
154	295
154	298
154	300
155	7
155	50
155	109
155	162
155	187
155	217
155	221
155	235
155	236
155	260
155	266
155	278
155	284
155	287
155	300
156	50
156	79
156	87
156	179
156	196
156	208
156	212
156	222
156	224
156	226
156	236
156	241
156	244
156	260
156	300
157	6
157	20
157	22
157	29
157	34
157	47
157	105
157	121
157	126
157	156
157	172
157	240
157	258
157	299
158	23
158	51
158	91
158	112
158	113
158	115
158	122
158	130
158	131
158	153
158	160
158	212
158	257
158	290
159	24
159	30
159	78
159	81
159	84
159	88
159	99
159	101
159	125
159	177
159	250
159	260
159	266
159	281
159	297
160	25
160	33
160	55
160	60
160	63
160	87
160	120
160	125
160	157
160	176
160	275
160	281
160	283
160	286
161	39
161	64
161	85
161	89
161	93
161	119
161	143
161	195
161	196
161	201
161	212
161	226
161	285
161	293
161	299
162	74
162	80
162	126
162	160
162	204
162	206
162	235
162	254
162	261
162	265
162	266
162	272
162	280
162	284
162	287
163	2
163	17
163	62
163	66
163	75
163	80
163	151
163	164
163	180
163	186
163	211
163	216
163	249
163	278
163	288
164	2
164	12
164	80
164	95
164	119
164	123
164	137
164	140
164	156
164	163
164	180
164	186
164	227
164	238
164	259
165	139
165	181
165	194
165	224
165	237
165	264
165	267
165	270
165	273
165	277
165	281
165	283
165	289
165	291
165	292
166	10
166	58
166	135
166	174
166	197
166	226
166	255
166	271
166	274
166	278
166	279
166	286
166	288
166	298
166	300
167	18
167	48
167	68
167	107
167	116
167	118
167	144
167	168
167	190
167	246
167	265
167	275
167	278
167	283
168	18
168	35
168	48
168	62
168	68
168	103
168	107
168	115
168	118
168	143
168	144
168	167
168	190
168	219
168	232
169	65
169	148
169	158
169	174
169	178
169	180
169	192
169	204
169	215
169	230
169	232
169	234
169	247
169	248
169	251
170	22
170	26
170	95
170	102
170	128
170	147
170	189
170	199
170	202
170	211
170	213
170	214
170	282
170	294
170	298
171	8
171	13
171	31
171	69
171	161
171	169
171	173
171	183
171	199
171	230
171	247
171	256
171	264
171	268
171	297
172	6
172	20
172	29
172	34
172	35
172	43
172	47
172	126
172	139
172	156
172	157
172	159
172	223
172	225
172	296
173	7
173	49
173	69
173	90
173	103
173	105
173	139
173	171
173	183
173	199
173	231
173	240
173	241
173	251
173	285
174	166
174	182
174	188
174	203
174	226
174	235
174	255
174	256
174	269
174	271
174	274
174	278
174	286
174	298
174	300
175	12
175	206
175	219
175	225
175	227
175	245
175	249
175	263
175	275
175	282
175	293
175	294
175	295
175	296
175	299
176	37
176	52
176	53
176	57
176	76
176	83
176	91
176	113
176	127
176	137
176	142
176	276
176	288
176	292
176	296
177	9
177	24
177	78
177	84
177	99
177	101
177	122
177	133
177	153
177	159
177	161
177	230
177	268
177	293
178	8
178	136
178	169
178	177
178	191
178	192
178	215
178	217
178	230
178	234
178	240
178	247
178	248
178	251
178	274
179	66
179	67
179	82
179	90
179	124
179	181
179	237
179	242
179	264
179	267
179	273
179	283
179	289
179	291
179	292
180	11
180	54
180	94
180	119
180	123
180	140
180	151
180	163
180	164
180	186
180	250
180	251
180	269
180	275
180	282
181	56
181	139
181	165
181	179
181	208
181	237
181	264
181	267
181	270
181	273
181	277
181	281
181	289
181	291
181	292
182	75
182	135
182	154
182	233
182	255
182	256
182	257
182	269
182	271
182	274
182	279
182	286
182	288
182	298
182	300
183	13
183	49
183	78
183	113
183	149
183	173
183	177
183	185
183	196
183	199
183	225
183	239
183	266
183	267
183	289
184	15
184	36
184	110
184	130
184	145
184	209
184	225
184	228
184	239
184	244
184	252
184	262
184	273
184	283
184	290
185	1
185	15
185	32
185	105
185	111
185	134
185	171
185	181
185	182
185	184
185	209
185	228
185	239
185	244
185	252
186	11
186	119
186	123
186	140
186	142
186	151
186	163
186	164
186	178
186	180
186	201
186	250
186	262
186	276
186	291
187	19
187	86
187	162
187	196
187	198
187	200
187	204
187	209
187	236
187	253
187	254
187	261
187	262
187	266
187	287
188	75
188	174
188	203
188	241
188	255
188	269
188	271
188	272
188	276
188	279
188	286
188	288
188	293
188	298
188	300
189	143
189	175
189	213
189	219
189	227
189	241
189	245
189	263
189	276
189	282
189	290
189	293
189	295
189	296
189	299
190	18
190	48
190	68
190	99
190	106
190	107
190	118
190	143
190	144
190	167
190	168
190	263
190	280
190	281
190	285
191	13
191	61
191	79
191	92
191	171
191	214
191	219
191	220
191	229
191	243
191	253
191	258
191	259
191	262
191	298
192	56
192	65
192	106
192	123
192	150
192	169
192	178
192	215
192	232
192	247
192	248
192	251
192	254
192	261
192	286
193	31
193	85
193	89
193	93
193	110
193	141
193	161
193	187
193	195
193	201
193	212
193	287
193	288
193	290
193	298
194	82
194	165
194	179
194	185
194	223
194	224
194	231
194	264
194	267
194	273
194	281
194	283
194	291
194	292
194	293
195	7
195	27
195	31
195	64
195	89
195	161
195	184
195	193
195	201
195	203
195	212
195	239
195	275
195	292
195	298
196	73
196	187
196	190
196	198
196	208
196	235
196	236
196	254
196	260
196	266
196	268
196	272
196	284
196	287
196	297
197	10
197	38
197	39
197	152
197	159
197	182
197	203
197	256
197	257
197	269
197	274
197	279
197	288
197	298
197	300
198	50
198	86
198	114
198	196
198	204
198	221
198	236
198	240
198	254
198	268
198	280
198	284
198	285
198	287
198	297
199	7
199	33
199	49
199	75
199	90
199	100
199	103
199	105
199	171
199	173
199	183
199	256
199	287
199	296
199	299
200	51
200	73
200	109
200	221
200	227
200	240
200	246
200	250
200	254
200	265
200	281
200	284
200	285
200	287
200	297
201	43
201	64
201	93
201	107
201	129
201	158
201	161
201	193
201	195
201	203
201	212
201	254
201	263
201	273
201	295
202	71
202	74
202	95
202	102
202	128
202	147
202	158
202	205
202	211
202	213
202	214
202	221
202	243
202	262
202	274
203	18
203	19
203	141
203	197
203	255
203	256
203	269
203	271
203	274
203	278
203	279
203	286
203	288
203	298
203	300
204	86
204	108
204	120
204	124
204	187
204	213
204	222
204	235
204	236
204	250
204	260
204	265
204	268
204	272
204	287
205	3
205	26
205	74
205	102
205	128
205	147
205	151
205	170
205	202
205	211
205	213
205	214
205	217
205	220
205	251
206	12
206	21
206	115
206	146
206	219
206	225
206	241
206	245
206	263
206	282
206	290
206	293
206	294
206	295
206	299
207	14
207	132
207	135
207	163
207	199
207	206
207	219
207	238
207	248
207	249
207	275
207	276
207	282
207	294
207	299
208	77
208	165
208	217
208	224
208	231
208	237
208	264
208	267
208	273
208	277
208	281
208	283
208	289
208	291
208	292
209	1
209	15
209	32
209	36
209	42
209	73
209	145
209	155
209	184
209	228
209	239
209	244
209	245
209	249
209	252
210	9
210	23
210	71
210	79
210	106
210	162
210	163
210	191
210	212
210	220
210	229
210	253
210	258
210	259
210	262
211	3
211	57
211	77
211	95
211	128
211	146
211	170
211	198
211	202
211	205
211	235
211	242
211	248
211	272
211	280
212	33
212	81
212	85
212	89
212	99
212	110
212	129
212	167
212	193
212	194
212	199
212	209
212	269
212	291
212	297
213	3
213	10
213	74
213	95
213	147
213	170
213	178
213	202
213	205
213	211
213	214
213	243
213	255
213	264
213	300
214	3
214	26
214	74
214	102
214	147
214	170
214	202
214	205
214	211
214	213
214	232
214	266
214	277
214	292
214	300
215	27
215	59
215	68
215	72
215	136
215	150
215	169
215	183
215	192
215	232
215	234
215	236
215	247
215	248
215	251
216	5
216	12
216	227
216	238
216	245
216	267
216	275
216	276
216	282
216	290
216	293
216	294
216	295
216	296
216	299
217	77
217	139
217	208
217	223
217	231
217	237
217	242
217	264
217	267
217	270
217	273
217	283
217	289
217	291
217	292
218	19
218	50
218	116
218	198
218	222
218	240
218	246
218	261
218	265
218	266
218	284
218	285
218	287
218	292
218	297
219	5
219	21
219	175
219	192
219	207
219	227
219	241
219	275
219	276
219	282
219	290
219	293
219	294
219	295
219	299
220	17
220	71
220	96
220	97
220	111
220	143
220	167
220	168
220	169
220	191
220	229
220	243
220	258
220	259
220	262
221	28
221	38
221	64
221	96
221	124
221	155
221	209
221	246
221	268
221	272
221	280
221	285
221	287
221	288
221	297
222	38
222	53
222	96
222	124
222	155
222	187
222	218
222	236
222	240
222	246
222	268
222	280
222	284
222	287
222	297
223	41
223	56
223	66
223	165
223	181
223	194
223	204
223	234
223	242
223	267
223	273
223	277
223	283
223	291
223	292
224	139
224	165
224	181
224	208
224	223
224	231
224	237
224	242
224	270
224	277
224	281
224	283
224	289
224	291
224	292
225	70
225	115
225	189
225	227
225	241
225	249
225	275
225	276
225	282
225	290
225	293
225	294
225	295
225	296
225	299
226	75
226	138
226	141
226	154
226	233
226	251
226	255
226	256
226	269
226	271
226	279
226	286
226	288
226	298
226	300
227	70
227	111
227	175
227	207
227	216
227	225
227	249
227	263
227	275
227	290
227	293
227	294
227	295
227	296
227	299
228	9
228	15
228	40
228	41
228	57
228	145
228	157
228	158
228	184
228	185
228	191
228	209
228	239
228	244
228	252
229	9
229	46
229	79
229	108
229	195
229	202
229	210
229	220
229	238
229	243
229	246
229	253
229	258
229	259
229	262
230	8
230	116
230	136
230	150
230	167
230	169
230	192
230	215
230	232
230	234
230	237
230	247
230	248
230	274
230	284
231	41
231	77
231	149
231	208
231	217
231	224
231	264
231	267
231	270
231	273
231	277
231	281
231	289
231	291
231	292
232	12
232	65
232	116
232	169
232	178
232	192
232	215
232	230
232	234
232	247
232	248
232	251
232	261
232	280
232	289
233	58
233	75
233	117
233	141
233	166
233	257
233	269
233	271
233	274
233	278
233	279
233	286
233	288
233	298
233	300
234	45
234	65
234	116
234	136
234	148
234	178
234	192
234	213
234	232
234	247
234	248
234	251
234	267
234	291
234	295
235	4
235	19
235	59
235	182
235	187
235	201
235	222
235	236
235	240
235	244
235	254
235	260
235	265
235	280
235	297
236	4
236	59
236	73
236	155
236	198
236	204
236	218
236	221
236	222
236	240
236	260
236	261
236	268
236	280
236	285
237	41
237	52
237	66
237	139
237	208
237	223
237	242
237	270
237	273
237	277
237	281
237	283
237	289
237	291
237	292
238	70
238	115
238	132
238	189
238	216
238	241
238	245
238	249
238	275
238	276
238	290
238	293
238	294
238	295
238	299
239	40
239	42
239	100
239	134
239	145
239	184
239	185
239	228
239	231
239	236
239	244
239	252
239	257
239	283
239	288
240	28
240	59
240	60
240	155
240	218
240	221
240	246
240	250
240	254
240	260
240	265
240	268
240	272
240	280
240	287
241	94
241	111
241	132
241	175
241	197
241	216
241	225
241	227
241	238
241	263
241	275
241	290
241	293
241	296
241	299
242	41
242	165
242	181
242	217
242	223
242	224
242	231
242	264
242	267
242	270
242	277
242	281
242	283
242	289
242	292
243	61
243	71
243	97
243	175
243	191
243	210
243	220
243	229
243	242
243	253
243	258
243	259
243	262
243	271
243	276
244	1
244	32
244	36
244	69
244	100
244	120
244	134
244	168
244	184
244	209
244	228
244	239
244	252
244	262
244	299
245	111
245	132
245	207
245	216
245	219
245	249
245	263
245	276
245	282
245	290
245	293
245	294
245	295
245	296
245	299
246	28
246	59
246	109
246	129
246	152
246	186
246	204
246	218
246	250
246	265
246	284
246	287
246	293
246	296
246	297
247	8
247	44
247	72
247	85
247	109
247	148
247	169
247	171
247	215
247	227
247	230
247	234
247	248
247	251
247	279
248	65
248	70
248	72
248	116
248	128
248	148
248	150
248	169
248	230
248	232
248	234
248	235
248	247
248	251
248	289
249	21
249	88
249	94
249	185
249	206
249	219
249	241
249	245
249	275
249	276
249	282
249	290
249	293
249	294
249	296
250	4
250	189
250	218
250	221
250	226
250	235
250	260
250	261
250	265
250	275
250	280
250	284
250	285
250	290
250	297
251	8
251	65
251	72
251	92
251	148
251	150
251	192
251	230
251	232
251	234
251	237
251	247
251	248
251	268
251	274
252	11
252	28
252	37
252	40
252	42
252	100
252	145
252	184
252	209
252	228
252	232
252	239
252	242
252	244
252	268
253	17
253	46
253	53
253	71
253	177
253	191
253	192
253	210
253	220
253	229
253	243
253	258
253	259
253	262
253	291
254	32
254	53
254	58
254	204
254	240
254	250
254	259
254	260
254	265
254	266
254	272
254	285
254	287
254	297
254	299
255	117
255	129
255	166
255	174
255	188
255	223
255	256
255	271
255	274
255	278
255	279
255	286
255	288
255	298
255	300
256	135
256	166
256	188
256	203
256	226
256	233
256	255
256	257
256	269
256	271
256	278
256	279
256	286
256	298
256	300
257	39
257	75
257	154
257	166
257	182
257	188
257	197
257	203
257	233
257	266
257	271
257	278
257	279
257	288
257	298
258	17
258	71
258	75
258	80
258	92
258	97
258	106
258	210
258	220
258	229
258	244
258	253
258	259
258	262
258	286
259	9
259	61
259	79
259	92
259	106
259	205
259	220
259	225
259	229
259	235
259	243
259	251
259	253
259	258
259	262
260	108
260	189
260	198
260	200
260	218
260	228
260	240
260	254
260	265
260	268
260	272
260	280
260	285
260	287
260	297
261	109
261	187
261	196
261	200
261	204
261	218
261	236
261	246
261	250
261	254
261	266
261	268
261	284
261	285
261	297
262	61
262	62
262	68
262	106
262	171
262	191
262	207
262	210
262	229
262	243
262	253
262	258
262	259
262	277
262	278
263	15
263	146
263	175
263	189
263	206
263	207
263	216
263	227
263	249
263	290
263	293
263	294
263	295
263	296
263	299
264	92
264	179
264	194
264	217
264	224
264	231
264	256
264	270
264	273
264	277
264	281
264	283
264	289
264	291
264	292
265	28
265	53
265	155
265	162
265	172
265	212
265	218
265	222
265	261
265	270
265	280
265	285
265	287
265	296
265	297
266	108
266	124
266	148
266	150
266	152
266	155
266	196
266	236
266	244
266	250
266	261
266	269
266	272
266	280
266	297
267	40
267	41
267	102
267	139
267	149
267	165
267	208
267	223
267	237
267	242
267	264
267	273
267	289
267	291
267	292
268	35
268	86
268	109
268	124
268	155
268	165
268	196
268	198
268	211
268	221
268	236
268	266
268	287
268	292
268	297
269	39
269	135
269	138
269	152
269	166
269	188
269	197
269	233
269	255
269	256
269	257
269	278
269	286
269	298
269	300
270	56
270	82
270	139
270	165
270	208
270	231
270	237
270	242
270	267
270	277
270	281
270	283
270	289
270	291
270	292
271	75
271	117
271	138
271	152
271	188
271	203
271	226
271	257
271	274
271	278
271	279
271	286
271	288
271	298
271	300
272	50
272	200
272	204
272	214
272	218
272	235
272	244
272	246
272	255
272	260
272	261
272	268
272	280
272	284
272	285
273	52
273	77
273	149
273	194
273	217
273	223
273	231
273	237
273	242
273	264
273	270
273	277
273	289
273	291
273	292
274	10
274	117
274	141
274	154
274	197
274	203
274	255
274	256
274	269
274	271
274	278
274	286
274	288
274	298
274	300
275	14
275	94
275	111
275	146
275	166
275	189
275	206
275	238
275	276
275	282
275	290
275	294
275	295
275	296
275	299
276	21
276	94
276	115
276	132
276	146
276	189
276	219
276	227
276	238
276	282
276	290
276	294
276	295
276	296
276	299
277	77
277	82
277	118
277	181
277	200
277	217
277	223
277	231
277	237
277	267
277	273
277	281
277	283
277	289
277	291
278	58
278	117
278	138
278	141
278	154
278	174
278	203
278	226
278	255
278	256
278	269
278	279
278	286
278	298
278	300
279	117
279	138
279	152
279	188
279	197
279	233
279	255
279	256
279	257
279	269
279	271
279	274
279	288
279	298
279	300
280	162
280	200
280	201
280	204
280	218
280	240
280	250
280	252
280	260
280	261
280	265
280	266
280	272
280	285
280	297
281	52
281	56
281	149
281	179
281	222
281	237
281	242
281	264
281	267
281	270
281	277
281	283
281	289
281	291
281	292
282	5
282	111
282	189
282	203
282	216
282	241
282	245
282	249
282	275
282	290
282	293
282	294
282	295
282	296
282	299
283	56
283	135
283	149
283	179
283	194
283	217
283	259
283	264
283	267
283	273
283	277
283	281
283	289
283	291
283	292
284	2
284	73
284	109
284	162
284	200
284	240
284	250
284	261
284	266
284	268
284	272
284	280
284	287
284	297
285	38
285	50
285	108
285	124
285	174
285	196
285	218
285	235
285	236
285	250
285	261
285	272
285	284
285	297
286	39
286	135
286	152
286	233
286	256
286	257
286	269
286	271
286	274
286	278
286	279
286	288
286	298
286	300
287	61
287	73
287	108
287	151
287	186
287	187
287	196
287	204
287	235
287	240
287	246
287	250
287	254
287	284
288	39
288	141
288	154
288	174
288	182
288	226
288	233
288	252
288	255
288	271
288	278
288	279
288	298
288	300
289	41
289	56
289	77
289	82
289	139
289	194
289	217
289	237
289	264
289	267
289	270
289	273
289	277
289	283
290	70
290	189
290	219
290	227
290	241
290	245
290	259
290	275
290	276
290	282
290	293
290	294
290	295
290	296
291	66
291	179
291	181
291	208
291	223
291	231
291	264
291	267
291	270
291	277
291	281
291	289
291	292
291	293
292	82
292	149
292	179
292	181
292	194
292	217
292	224
292	237
292	239
292	242
292	253
292	270
292	281
292	283
293	94
293	189
293	206
293	225
293	238
293	245
293	263
293	275
293	276
293	290
293	294
293	295
293	296
293	299
294	14
294	94
294	115
294	175
294	207
294	219
294	225
294	238
294	241
294	245
294	263
294	282
294	295
294	299
295	111
295	115
295	175
295	206
295	207
295	225
295	245
295	263
295	275
295	282
295	290
295	293
295	296
295	299
296	146
296	207
296	216
296	227
296	238
296	241
296	249
296	263
296	275
296	276
296	282
296	293
296	294
296	299
297	53
297	112
297	200
297	235
297	254
297	258
297	260
297	261
297	265
297	266
297	280
297	284
297	285
297	287
298	138
298	141
298	166
298	174
298	182
298	188
298	226
298	233
298	257
298	269
298	274
298	278
298	288
298	300
299	206
299	216
299	219
299	225
299	227
299	245
299	249
299	263
299	275
299	276
299	282
299	293
299	295
299	296
300	10
300	58
300	166
300	204
300	226
300	233
300	238
300	257
300	271
300	274
300	278
300	286
300	288
300	298
