in-degree distribution (probability density function of the degree in logarithmic bins) 
8.50704	0.172348
10	0.0455799
11.4082	0.0866461
13.94	0.0754615
16.4762	0.0270506
18.7895	0.0208888
22.5556	0.0253354
26.3333	0.00961052
30.9375	0.0109367
35.8462	0.00758428

in-degree distribution (degree-occurrences) 
8	0.116667
9	0.12
10	0.0733333
11	0.0966667
12	0.0666667
13	0.0666667
14	0.0433333
15	0.0566667
16	0.0366667
17	0.0333333
18	0.0266667
19	0.0233333
20	0.0133333
21	0.03
22	0.0133333
23	0.0133333
24	0.0333333
25	0.00666667
26	0.0166667
27	0.0133333
28	0.00333333
29	0.02
31	0.0133333
32	0.00333333
33	0.0166667
34	0.01
35	0.01
36	0.01
37	0.00666667
38	0.00333333
39	0.00333333


--------------------------------------
out-degree distribution (probability density function of the degree in logarithmic bins) 
14	0.0354237
15	2.10413
16	2.65014

out-degree distribution (degree-occurrences) 
14	0.00666667
15	0.423333
16	0.57


--------------------------------------
community distribution (size-occurrences)
8	0.0625
9	0.125
11	0.125
12	0.0625
13	0.125
16	0.0625
21	0.0625
24	0.125
27	0.0625
30	0.0625
33	0.0625
39	0.0625


--------------------------------------
mixing parameter (in-links)
0.625	0.05
0.636364	0.0266667
0.643697	0.0166667
0.666667	0.17
0.676471	0.00333333
0.682717	0.0433333
0.690612	0.13
0.699096	0.113333
0.706151	0.0866667
0.713361	0.08
0.721879	0.0366667
0.727564	0.08
0.733913	0.0333333
0.75	0.0933333
0.769231	0.00333333
0.777778	0.0333333

--------------------------------------
mixing parameter (out-links)
0.375	0.00333333
0.466667	0.00666667
0.5	0.00333333
0.533333	0.00666667
0.5625	0.02
0.616667	0.1
0.666667	0.173333
0.6875	0.286667
0.732641	0.183333
0.75	0.123333
0.80875	0.0666667
0.873333	0.0166667
0.936111	0.01

--------------------------------------
