1	11
1	39
1	48
1	50
1	51
1	67
1	91
1	92
1	175
1	182
1	193
1	196
1	224
1	228
1	243
1	299
2	63
2	106
2	159
2	167
2	214
2	239
2	241
2	255
2	264
2	269
2	273
2	274
2	289
2	290
2	297
2	298
3	27
3	40
3	48
3	117
3	141
3	152
3	183
3	194
3	195
3	197
3	198
3	201
3	206
3	287
3	294
3	295
4	24
4	26
4	59
4	94
4	112
4	178
4	207
4	221
4	225
4	234
4	243
4	245
4	286
4	288
4	289
4	296
5	54
5	81
5	155
5	168
5	199
5	213
5	239
5	255
5	269
5	270
5	278
5	289
5	290
5	297
5	298
6	60
6	146
6	192
6	201
6	220
6	250
6	256
6	283
6	284
6	285
6	287
6	291
6	293
6	295
6	296
6	299
7	49
7	60
7	61
7	64
7	69
7	135
7	200
7	201
7	204
7	215
7	230
7	249
7	261
7	271
7	293
7	299
8	122
8	151
8	153
8	224
8	250
8	280
8	283
8	284
8	285
8	287
8	292
8	293
8	295
8	296
8	299
8	300
9	8
9	100
9	192
9	240
9	256
9	277
9	283
9	284
9	285
9	291
9	292
9	293
9	294
9	295
9	299
9	300
10	13
10	33
10	37
10	65
10	66
10	104
10	143
10	216
10	230
10	240
10	249
10	263
10	271
10	275
10	276
10	291
11	48
11	50
11	91
11	145
11	154
11	165
11	175
11	182
11	187
11	196
11	230
11	265
11	282
11	288
11	289
11	300
12	83
12	107
12	124
12	142
12	160
12	203
12	214
12	217
12	219
12	223
12	229
12	231
12	248
12	252
12	253
12	261
13	7
13	65
13	105
13	106
13	155
13	169
13	189
13	204
13	215
13	232
13	249
13	255
13	270
13	271
13	275
13	278
14	47
14	70
14	111
14	127
14	194
14	217
14	242
14	262
14	272
14	276
14	281
14	282
14	286
14	288
14	294
14	299
15	153
15	192
15	203
15	220
15	224
15	277
15	280
15	285
15	287
15	291
15	292
15	293
15	294
15	295
15	299
15	300
16	18
16	36
16	84
16	93
16	102
16	154
16	188
16	254
16	258
16	259
16	265
16	293
16	296
16	297
16	299
16	300
17	22
17	149
17	150
17	181
17	208
17	209
17	215
17	232
17	244
17	246
17	253
17	257
17	260
17	261
17	266
17	268
18	31
18	64
18	99
18	119
18	125
18	154
18	168
18	211
18	238
18	241
18	254
18	256
18	258
18	265
18	286
18	295
19	3
19	30
19	37
19	86
19	89
19	133
19	139
19	184
19	213
19	236
19	238
19	247
19	251
19	263
19	290
19	296
20	3
20	40
20	78
20	117
20	130
20	152
20	169
20	183
20	195
20	197
20	198
20	206
20	219
20	253
20	294
20	296
21	32
21	72
21	80
21	88
21	99
21	112
21	150
21	176
21	178
21	188
21	204
21	236
21	252
21	265
21	274
21	289
22	84
22	99
22	125
22	161
22	164
22	188
22	190
22	244
22	245
22	254
22	258
22	259
22	265
22	279
22	283
22	297
23	24
23	55
23	66
23	85
23	108
23	110
23	184
23	199
23	207
23	238
23	247
23	251
23	258
23	263
23	278
23	292
24	19
24	82
24	108
24	135
24	139
24	144
24	172
24	184
24	200
24	238
24	247
24	251
24	263
24	264
24	266
24	271
25	27
25	60
25	146
25	201
25	220
25	240
25	250
25	256
25	280
25	285
25	291
25	292
25	293
25	294
25	295
25	299
26	4
26	35
26	80
26	87
26	202
26	207
26	221
26	225
26	231
26	234
26	243
26	245
26	253
26	266
26	272
26	282
27	8
27	58
27	122
27	203
27	233
27	235
27	240
27	267
27	280
27	284
27	287
27	292
27	293
27	296
27	299
27	300
28	42
28	98
28	105
28	135
28	149
28	164
28	171
28	187
28	189
28	249
28	264
28	265
28	271
28	275
28	291
28	297
29	76
29	107
29	109
29	123
29	193
29	199
29	206
29	223
29	229
29	231
29	252
29	253
29	255
29	266
29	292
29	293
30	2
30	23
30	48
30	63
30	101
30	158
30	159
30	210
30	241
30	264
30	269
30	274
30	278
30	290
30	297
30	298
31	41
31	69
31	77
31	113
31	126
31	161
31	188
31	211
31	246
31	254
31	258
31	259
31	265
31	286
31	287
31	292
32	20
32	38
32	79
32	80
32	97
32	111
32	112
32	142
32	176
32	185
32	222
32	233
32	243
32	282
32	287
32	294
33	7
33	21
33	28
33	42
33	55
33	121
33	137
33	150
33	171
33	174
33	215
33	232
33	271
33	275
33	291
33	295
34	63
34	101
34	131
34	158
34	167
34	204
34	227
34	239
34	241
34	274
34	278
34	288
34	289
34	290
34	297
34	298
35	26
35	110
35	128
35	160
35	172
35	202
35	207
35	221
35	225
35	234
35	243
35	245
35	247
35	254
35	260
35	286
36	16
36	18
36	77
36	98
36	113
36	174
36	186
36	188
36	190
36	233
36	234
36	254
36	258
36	259
36	265
36	291
37	13
37	20
37	64
37	204
37	209
37	215
37	230
37	232
37	271
37	279
37	282
37	284
37	285
37	291
37	293
37	298
38	15
38	45
38	72
38	79
38	80
38	97
38	108
38	112
38	140
38	176
38	178
38	184
38	242
38	252
38	262
38	273
39	11
39	50
39	51
39	52
39	89
39	91
39	92
39	123
39	146
39	175
39	180
39	182
39	196
39	208
39	266
39	279
40	20
40	94
40	107
40	115
40	117
40	126
40	141
40	183
40	195
40	197
40	198
40	206
40	207
40	218
40	234
40	277
41	4
41	22
41	32
41	113
41	119
41	161
41	166
41	188
41	211
41	215
41	234
41	254
41	258
41	259
41	265
41	281
42	56
42	91
42	137
42	162
42	169
42	191
42	195
42	204
42	222
42	230
42	239
42	249
42	250
42	275
42	286
42	296
43	49
43	94
43	148
43	208
43	217
43	230
43	253
43	262
43	272
43	276
43	279
43	281
43	282
43	286
43	288
44	121
44	128
44	134
44	180
44	181
44	191
44	209
44	232
44	245
44	246
44	257
44	260
44	266
44	268
44	286
44	292
45	21
45	32
45	33
45	41
45	71
45	72
45	79
45	97
45	176
45	178
45	179
45	206
45	233
45	287
45	291
45	295
46	99
46	128
46	149
46	150
46	180
46	181
46	197
46	232
46	244
46	246
46	257
46	260
46	261
46	266
46	268
47	14
47	52
47	90
47	194
47	206
47	217
47	230
47	242
47	262
47	272
47	276
47	279
47	281
47	282
47	286
47	288
48	1
48	39
48	51
48	67
48	69
48	162
48	170
48	175
48	182
48	196
48	241
48	248
48	280
48	288
48	292
48	294
49	52
49	75
49	145
49	148
49	172
49	194
49	208
49	217
49	242
49	272
49	276
49	279
49	281
49	282
49	286
49	288
50	44
50	48
50	77
50	87
50	92
50	131
50	175
50	182
50	195
50	196
50	207
50	228
50	266
50	272
50	284
50	296
51	1
51	39
51	48
51	50
51	91
51	92
51	96
51	175
51	182
51	196
51	215
51	223
51	257
51	259
51	291
51	294
52	3
52	45
52	49
52	90
52	177
52	217
52	226
52	228
52	272
52	276
52	279
52	281
52	282
52	286
52	288
52	299
53	10
53	88
53	118
53	130
53	153
53	159
53	174
53	205
53	211
53	212
53	216
53	218
53	222
53	228
53	237
53	246
54	101
54	106
54	114
54	155
54	176
54	230
54	241
54	269
54	270
54	273
54	278
54	283
54	289
54	290
54	297
54	298
55	12
55	19
55	86
55	95
55	108
55	133
55	173
55	213
55	236
55	238
55	248
55	251
55	263
55	280
55	287
55	290
56	58
56	103
56	137
56	143
56	166
56	183
56	205
56	208
56	221
56	229
56	253
56	271
56	275
56	278
56	284
56	294
57	129
57	164
57	203
57	250
57	256
57	277
57	280
57	284
57	285
57	287
57	292
57	294
57	295
57	296
57	299
57	300
58	15
58	57
58	220
58	224
58	233
58	235
58	250
58	283
58	284
58	285
58	293
58	294
58	295
58	296
58	299
58	300
59	74
59	81
59	154
59	157
59	160
59	185
59	202
59	207
59	222
59	225
59	234
59	243
59	245
59	256
59	287
59	299
60	58
60	100
60	153
60	163
60	220
60	233
60	267
60	283
60	284
60	287
60	291
60	293
60	294
60	296
60	299
60	300
61	17
61	62
61	68
61	71
61	76
61	103
61	119
61	136
61	171
61	186
61	206
61	235
61	265
61	271
61	287
61	294
62	40
62	61
62	71
62	73
62	76
62	103
62	115
62	120
62	139
62	140
62	201
62	244
62	245
62	275
62	277
62	288
63	87
63	96
63	159
63	184
63	185
63	199
63	239
63	264
63	269
63	273
63	274
63	278
63	289
63	290
63	297
63	298
64	2
64	13
64	33
64	62
64	114
64	162
64	169
64	171
64	187
64	189
64	249
64	258
64	271
64	275
64	279
64	286
65	9
65	42
65	50
65	56
65	83
65	111
65	119
65	167
65	176
65	187
65	194
65	220
65	223
65	249
65	271
65	294
66	7
66	56
66	104
66	147
66	171
66	178
66	204
66	211
66	241
66	268
66	275
66	278
66	284
66	287
66	296
66	299
67	1
67	11
67	51
67	91
67	92
67	161
67	175
67	182
67	187
67	196
67	235
67	246
67	263
67	268
67	271
67	296
68	15
68	45
68	62
68	71
68	73
68	76
68	100
68	103
68	140
68	148
68	173
68	203
68	221
68	240
68	254
68	284
69	12
69	24
69	83
69	93
69	120
69	165
69	174
69	222
69	223
69	231
69	237
69	248
69	252
69	253
69	276
69	277
70	43
70	47
70	52
70	145
70	148
70	217
70	226
70	242
70	272
70	276
70	279
70	281
70	282
70	286
70	288
71	61
71	68
71	70
71	73
71	122
71	140
71	143
71	148
71	173
71	182
71	204
71	231
71	237
71	265
71	275
71	277
72	21
72	32
72	38
72	45
72	80
72	90
72	97
72	112
72	152
72	164
72	176
72	178
72	207
72	227
72	239
72	268
73	5
73	46
73	61
73	62
73	68
73	71
73	103
73	140
73	214
73	225
73	257
73	269
73	270
73	285
73	297
73	299
74	88
74	118
74	130
74	138
74	144
74	177
74	200
74	218
74	222
74	228
74	237
74	240
74	252
74	262
74	266
74	267
75	64
75	120
75	148
75	187
75	194
75	226
75	228
75	242
75	251
75	272
75	276
75	279
75	281
75	282
75	286
75	288
76	61
76	62
76	67
76	68
76	71
76	73
76	103
76	140
76	148
76	160
76	209
76	230
76	255
76	257
76	279
76	299
77	16
77	18
77	41
77	107
77	119
77	160
77	186
77	211
77	238
77	240
77	247
77	254
77	258
77	259
77	265
77	280
78	28
78	37
78	83
78	110
78	126
78	150
78	160
78	167
78	192
78	202
78	207
78	221
78	234
78	243
78	245
78	282
79	33
79	113
79	157
79	176
79	178
79	190
79	195
79	203
79	205
79	248
79	256
79	262
79	267
79	284
79	298
79	300
80	54
80	58
80	79
80	130
80	175
80	176
80	178
80	180
80	203
80	218
80	219
80	235
80	247
80	270
80	273
80	278
81	5
81	46
81	52
81	56
81	111
81	208
81	217
81	219
81	242
81	262
81	276
81	279
81	281
81	282
81	286
81	288
82	72
82	89
82	139
82	173
82	184
82	220
82	229
82	231
82	232
82	236
82	247
82	251
82	258
82	263
82	281
82	289
83	12
83	69
83	93
83	109
83	142
83	193
83	200
83	223
83	229
83	231
83	232
83	248
83	253
83	277
83	283
83	298
84	74
84	88
84	118
84	142
84	200
84	205
84	212
84	216
84	217
84	218
84	219
84	222
84	228
84	237
84	263
84	264
85	52
85	89
85	105
85	116
85	133
85	147
85	173
85	184
85	194
85	219
85	236
85	238
85	243
85	247
85	251
85	263
86	6
86	89
86	93
86	95
86	139
86	147
86	173
86	191
86	205
86	236
86	238
86	247
86	251
86	255
86	263
86	276
87	57
87	151
87	164
87	224
87	233
87	250
87	256
87	277
87	284
87	285
87	291
87	292
87	294
87	295
87	296
87	300
88	1
88	36
88	53
88	74
88	84
88	138
88	182
88	200
88	205
88	212
88	216
88	218
88	222
88	237
88	243
88	253
89	19
89	82
89	98
89	131
89	133
89	184
89	212
89	213
89	226
89	238
89	247
89	251
89	263
89	269
89	280
89	286
90	6
90	120
90	145
90	172
90	177
90	208
90	219
90	226
90	237
90	242
90	272
90	279
90	282
90	286
90	288
90	298
91	8
91	30
91	39
91	51
91	56
91	108
91	114
91	121
91	189
91	196
91	210
91	213
91	218
91	257
91	277
91	284
92	1
92	7
92	11
92	39
92	67
92	91
92	156
92	175
92	182
92	196
92	200
92	233
92	259
92	264
92	269
92	283
93	29
93	49
93	69
93	109
93	123
93	124
93	193
93	223
93	225
93	229
93	231
93	248
93	250
93	252
93	253
93	282
94	47
94	81
94	97
94	135
94	177
94	217
94	226
94	262
94	272
94	276
94	279
94	281
94	282
94	286
94	288
94	295
95	21
95	23
95	78
95	82
95	85
95	108
95	147
95	175
95	200
95	213
95	236
95	238
95	251
95	263
95	270
95	297
96	2
96	101
96	106
96	114
96	239
96	255
96	264
96	269
96	270
96	273
96	274
96	278
96	290
96	297
96	298
97	21
97	38
97	45
97	72
97	80
97	112
97	124
97	153
97	160
97	176
97	178
97	213
97	271
97	290
97	297
97	298
98	22
98	43
98	119
98	120
98	157
98	181
98	188
98	189
98	190
98	211
98	216
98	254
98	258
98	259
98	283
98	295
99	16
99	22
99	77
99	98
99	127
99	161
99	178
99	186
99	188
99	190
99	240
99	254
99	258
99	259
99	262
99	265
100	122
100	146
100	179
100	224
100	256
100	280
100	283
100	284
100	285
100	287
100	291
100	292
100	293
100	295
100	296
100	300
101	5
101	96
101	158
101	166
101	199
101	214
101	239
101	264
101	269
101	270
101	273
101	278
101	289
101	290
101	297
101	298
102	17
102	91
102	109
102	128
102	181
102	209
102	232
102	237
102	244
102	246
102	257
102	260
102	261
102	266
102	268
102	273
103	73
103	76
103	77
103	86
103	140
103	170
103	191
103	210
103	244
103	249
103	274
103	278
103	281
103	282
103	288
103	298
104	7
104	13
104	28
104	37
104	53
104	63
104	135
104	153
104	162
104	189
104	194
104	204
104	221
104	249
104	271
104	275
105	25
105	37
105	57
105	64
105	76
105	143
105	162
105	171
105	215
105	230
105	237
105	249
105	271
105	275
105	288
105	292
106	30
106	34
106	156
106	159
106	166
106	199
106	210
106	227
106	241
106	264
106	269
106	273
106	278
106	290
106	297
106	298
107	12
107	66
107	123
107	142
107	165
107	174
107	184
107	193
107	202
107	223
107	229
107	248
107	249
107	252
107	253
107	254
108	34
108	85
108	89
108	123
108	132
108	141
108	192
108	213
108	231
108	236
108	247
108	251
108	263
108	282
108	290
108	298
109	27
109	124
109	159
109	165
109	174
109	193
109	223
109	229
109	231
109	232
109	235
109	244
109	252
109	253
109	260
109	283
110	26
110	29
110	59
110	78
110	126
110	157
110	185
110	202
110	221
110	225
110	243
110	245
110	249
110	281
110	285
110	292
111	70
111	120
111	148
111	175
111	208
111	219
111	242
111	252
111	262
111	270
111	272
111	279
111	281
111	282
111	286
111	288
112	13
112	21
112	32
112	38
112	45
112	72
112	79
112	115
112	151
112	176
112	178
112	218
112	229
112	260
112	277
112	283
113	77
113	81
113	92
113	93
113	99
113	125
113	154
113	161
113	190
113	233
113	254
113	258
113	265
113	267
113	294
113	295
114	34
114	96
114	131
114	165
114	168
114	170
114	227
114	255
114	264
114	273
114	278
114	289
114	290
114	296
114	297
114	298
115	100
115	113
115	117
115	141
115	174
115	176
115	177
115	183
115	189
115	195
115	197
115	198
115	206
115	220
115	285
115	300
116	11
116	16
116	23
116	55
116	64
116	82
116	147
116	173
116	236
116	238
116	247
116	248
116	250
116	251
116	263
116	273
117	14
117	20
117	40
117	115
117	152
117	183
117	190
117	195
117	197
117	198
117	206
117	246
117	256
117	265
117	277
117	297
118	74
118	78
118	83
118	84
118	88
118	130
118	168
118	205
118	212
118	216
118	218
118	221
118	222
118	228
118	237
118	265
119	16
119	41
119	51
119	77
119	86
119	104
119	125
119	132
119	154
119	161
119	186
119	254
119	258
119	259
119	263
119	265
120	75
120	94
120	196
120	217
120	219
120	226
120	258
120	262
120	272
120	276
120	279
120	281
120	282
120	286
120	288
120	291
121	102
121	147
121	169
121	180
121	191
121	196
121	209
121	244
121	246
121	257
121	260
121	261
121	266
121	268
121	292
121	298
122	15
122	136
122	164
122	179
122	192
122	267
122	280
122	284
122	291
122	292
122	293
122	294
122	295
122	296
122	299
122	300
123	7
123	26
123	93
123	107
123	124
123	166
123	174
123	223
123	229
123	248
123	252
123	253
123	261
123	272
123	281
123	286
124	31
124	42
124	69
124	73
124	107
124	142
124	174
124	193
124	223
124	229
124	231
124	246
124	248
124	252
124	253
124	273
125	28
125	99
125	113
125	186
125	188
125	190
125	198
125	202
125	211
125	223
125	257
125	258
125	259
125	264
125	265
125	275
126	4
126	26
126	110
126	123
126	157
126	160
126	185
126	202
126	223
126	225
126	229
126	234
126	243
126	245
126	269
126	289
127	14
127	52
127	68
127	139
127	217
127	226
127	255
127	262
127	272
127	276
127	279
127	281
127	286
127	288
127	291
127	300
128	19
128	44
128	102
128	132
128	141
128	180
128	181
128	244
128	255
128	256
128	257
128	260
128	261
128	266
128	268
128	288
129	58
129	87
129	256
129	267
129	277
129	280
129	284
129	285
129	287
129	291
129	292
129	293
129	295
129	296
129	299
129	300
130	67
130	74
130	84
130	118
130	138
130	152
130	199
130	200
130	205
130	216
130	218
130	222
130	228
130	237
130	250
130	279
131	96
131	117
131	156
131	168
131	196
131	237
131	239
131	255
131	264
131	270
131	273
131	289
131	290
131	297
131	298
132	31
132	102
132	129
132	138
132	149
132	150
132	180
132	209
132	232
132	244
132	257
132	260
132	261
132	266
132	268
133	23
133	85
133	86
133	158
133	184
133	211
133	213
133	224
133	238
133	251
133	263
133	268
133	271
133	275
133	295
134	102
134	143
134	144
134	191
134	209
134	215
134	244
134	246
134	257
134	260
134	261
134	266
134	267
134	268
134	280
135	10
135	33
135	64
135	105
135	187
135	189
135	204
135	223
135	230
135	242
135	249
135	260
135	271
135	274
135	275
136	15
136	153
136	203
136	240
136	280
136	283
136	284
136	285
136	287
136	291
136	292
136	293
136	294
136	296
136	299
136	300
137	13
137	65
137	66
137	125
137	143
137	162
137	172
137	189
137	215
137	230
137	239
137	266
137	271
137	275
137	291
138	118
138	163
138	200
138	205
138	212
138	216
138	218
138	222
138	228
138	237
138	241
138	269
138	274
138	282
138	296
139	76
139	85
139	116
139	173
139	184
139	213
139	225
139	226
139	236
139	247
139	251
139	266
139	278
139	285
139	289
140	61
140	62
140	68
140	71
140	73
140	76
140	103
140	167
140	228
140	280
140	290
140	296
140	298
140	300
141	3
141	14
141	68
141	102
141	143
141	162
141	179
141	181
141	183
141	185
141	195
141	197
141	198
141	243
141	268
142	25
142	83
142	93
142	109
142	124
142	174
142	223
142	229
142	231
142	248
142	252
142	253
142	261
142	272
142	298
143	56
143	66
143	134
143	162
143	187
143	198
143	215
143	230
143	234
143	249
143	267
143	271
143	274
143	275
143	300
144	46
144	134
144	149
144	180
144	193
144	199
144	232
144	244
144	246
144	260
144	262
144	266
144	268
144	288
144	293
145	43
145	90
145	94
145	111
145	120
145	172
145	194
145	226
145	242
145	262
145	272
145	281
145	282
145	286
145	288
146	203
146	220
146	233
146	235
146	240
146	267
146	277
146	280
146	285
146	287
146	292
146	293
146	294
146	296
146	300
147	10
147	24
147	70
147	89
147	95
147	116
147	193
147	213
147	236
147	238
147	247
147	251
147	263
147	277
147	298
148	35
148	49
148	67
148	145
148	177
148	208
148	219
148	262
148	272
148	275
148	279
148	281
148	282
148	286
148	288
149	110
149	121
149	132
149	134
149	156
149	169
149	191
149	209
149	232
149	257
149	260
149	261
149	266
149	268
149	273
150	17
150	95
150	128
150	130
150	134
150	179
150	244
150	246
150	257
150	260
150	261
150	266
150	268
150	270
150	273
151	6
151	27
151	60
151	192
151	201
151	233
151	267
151	277
151	283
151	284
151	285
151	291
151	293
151	299
151	300
152	3
152	57
152	59
152	115
152	134
152	141
152	195
152	197
152	198
152	206
152	227
152	236
152	287
152	288
152	293
153	192
153	224
153	233
153	235
153	267
153	277
153	283
153	284
153	291
153	292
153	293
153	294
153	295
153	296
153	299
153	300
154	16
154	18
154	121
154	186
154	190
154	211
154	225
154	233
154	248
154	254
154	258
154	259
154	262
154	265
154	281
155	5
155	137
155	156
155	159
155	168
155	214
155	242
155	269
155	270
155	274
155	278
155	289
155	290
155	297
155	298
156	147
156	166
156	227
156	239
156	247
156	251
156	255
156	264
156	270
156	273
156	275
156	289
156	290
156	297
156	298
157	35
157	59
157	97
157	185
157	202
157	207
157	221
157	225
157	234
157	243
157	245
157	274
157	278
157	281
157	293
158	47
158	156
158	167
158	210
158	241
158	255
158	270
158	273
158	278
158	281
158	289
158	290
158	294
158	297
158	298
159	30
159	34
159	126
159	170
159	187
159	227
159	255
159	260
159	270
159	273
159	274
159	289
159	290
159	297
159	298
160	4
160	78
160	157
160	185
160	197
160	202
160	221
160	225
160	234
160	243
160	245
160	263
160	268
160	274
160	276
161	31
161	39
161	63
161	98
161	99
161	141
161	202
161	211
161	254
161	259
161	264
161	265
161	272
161	287
161	300
162	56
162	66
162	80
162	135
162	137
162	143
162	149
162	187
162	189
162	221
162	271
162	275
162	283
162	295
162	296
163	27
163	129
163	136
163	201
163	220
163	224
163	233
163	250
163	280
163	283
163	285
163	291
163	294
163	295
163	299
163	300
164	100
164	203
164	220
164	233
164	277
164	280
164	283
164	284
164	285
164	287
164	292
164	293
164	295
164	296
164	300
165	44
165	47
165	95
165	107
165	109
165	124
165	149
165	178
165	193
165	223
165	231
165	247
165	248
165	252
165	253
166	2
166	30
166	131
166	167
166	199
166	214
166	255
166	264
166	269
166	278
166	289
166	290
166	297
166	298
167	96
167	131
167	139
167	168
167	227
167	238
167	239
167	255
167	270
167	274
167	278
167	289
167	290
167	297
167	298
168	23
168	54
168	199
168	210
168	241
168	251
168	255
168	269
168	274
168	276
168	278
168	289
168	290
168	297
168	298
169	10
169	28
169	42
169	143
169	145
169	162
169	187
169	188
169	204
169	215
169	230
169	258
169	271
169	275
169	299
170	54
170	101
170	167
170	168
170	210
170	214
170	239
170	255
170	269
170	273
170	274
170	278
170	290
170	297
170	298
171	33
171	39
171	56
171	66
171	79
171	104
171	114
171	169
171	187
171	246
171	247
171	271
171	275
171	291
171	295
172	47
172	82
172	111
172	137
172	145
172	194
172	208
172	242
172	251
172	271
172	276
172	281
172	282
172	286
172	288
173	24
173	95
173	147
173	171
173	175
173	213
173	235
173	236
173	238
173	247
173	251
173	259
173	263
173	278
173	280
174	69
174	123
174	124
174	180
174	203
174	204
174	229
174	231
174	235
174	244
174	248
174	252
174	253
174	273
174	293
175	11
175	48
175	51
175	67
175	89
175	135
175	136
175	162
175	182
175	204
175	230
175	241
175	252
175	253
175	275
176	21
176	32
176	47
176	73
176	80
176	97
176	112
176	118
176	177
176	178
176	186
176	273
176	276
176	277
176	290
177	43
177	49
177	111
177	120
177	145
177	172
177	194
177	242
177	276
177	279
177	281
177	282
177	286
177	288
178	38
178	45
178	58
178	72
178	79
178	97
178	108
178	112
178	216
178	236
178	239
178	270
178	279
178	285
178	297
179	136
179	163
179	235
179	240
179	250
179	277
179	285
179	287
179	291
179	293
179	294
179	295
179	296
179	299
179	300
180	46
180	102
180	116
180	132
180	183
180	186
180	232
180	244
180	246
180	257
180	260
180	261
180	266
180	268
180	297
181	118
181	144
181	149
181	191
181	209
181	232
181	244
181	246
181	248
181	255
181	257
181	260
181	266
181	268
181	284
182	12
182	40
182	50
182	63
182	65
182	67
182	82
182	92
182	175
182	188
182	196
182	262
182	265
182	288
182	297
183	40
183	74
183	110
183	141
183	152
183	195
183	197
183	198
183	206
183	214
183	241
183	245
183	254
183	290
183	294
184	55
184	116
184	117
184	169
184	173
184	206
184	236
184	238
184	250
184	254
184	263
184	283
184	286
184	293
184	299
185	4
185	42
185	110
185	126
185	157
185	160
185	207
185	221
185	225
185	234
185	245
185	256
185	267
185	268
185	272
186	22
186	36
186	65
186	98
186	125
186	192
186	211
186	226
186	231
186	254
186	258
186	259
186	260
186	261
186	265
187	26
187	37
187	65
187	97
187	171
187	201
187	204
187	224
187	230
187	243
187	249
187	271
187	275
187	283
187	298
188	31
188	36
188	75
188	84
188	154
188	158
188	211
188	236
188	254
188	258
188	259
188	265
188	268
188	274
188	294
189	60
189	104
189	137
189	171
189	182
189	185
189	197
189	204
189	225
189	227
189	230
189	245
189	275
189	298
189	300
190	41
190	98
190	122
190	154
190	161
190	163
190	222
190	254
190	259
190	261
190	265
190	279
190	291
190	297
190	300
191	46
191	75
191	121
191	134
191	180
191	181
191	209
191	244
191	257
191	260
191	266
191	268
191	275
191	292
191	297
192	146
192	151
192	163
192	203
192	220
192	250
192	277
192	284
192	285
192	287
192	292
192	294
192	295
192	296
192	299
192	300
193	83
193	95
193	109
193	123
193	142
193	165
193	174
193	183
193	199
193	209
193	225
193	248
193	252
193	253
193	282
194	11
194	49
194	127
194	219
194	242
194	262
194	263
194	272
194	276
194	279
194	281
194	282
194	286
194	288
194	296
195	20
195	104
195	115
195	119
195	141
195	152
195	183
195	197
195	198
195	206
195	241
195	249
195	278
195	289
195	292
196	18
196	152
196	167
196	176
196	182
196	198
196	224
196	226
196	229
196	264
196	272
196	276
196	280
196	287
196	293
197	3
197	20
197	86
197	113
197	117
197	140
197	141
197	152
197	183
197	195
197	198
197	206
197	211
197	227
197	259
198	36
198	43
198	115
198	134
198	152
198	183
198	195
198	197
198	206
198	210
198	220
198	249
198	285
198	290
198	293
199	138
199	155
199	156
199	166
199	168
199	214
199	227
199	234
199	270
199	274
199	278
199	289
199	290
199	297
199	298
200	8
200	53
200	96
200	117
200	130
200	138
200	155
200	212
200	218
200	222
200	228
200	237
200	248
200	250
200	257
201	163
201	203
201	240
201	256
201	267
201	277
201	280
201	283
201	285
201	287
201	292
201	293
201	296
201	299
201	300
202	35
202	107
202	110
202	126
202	165
202	185
202	207
202	221
202	225
202	234
202	243
202	245
202	259
202	262
202	292
203	8
203	87
203	146
203	163
203	267
203	277
203	280
203	283
203	285
203	287
203	291
203	294
203	295
203	299
203	300
204	16
204	53
204	64
204	65
204	104
204	162
204	169
204	189
204	215
204	230
204	249
204	269
204	275
204	296
204	300
205	1
205	71
205	84
205	106
205	130
205	142
205	200
205	212
205	216
205	220
205	222
205	228
205	237
205	271
205	295
206	3
206	20
206	40
206	101
206	115
206	117
206	152
206	159
206	183
206	195
206	197
206	198
206	242
206	277
207	35
207	59
207	68
207	110
207	157
207	185
207	202
207	213
207	221
207	225
207	234
207	242
207	243
207	245
207	279
208	81
208	94
208	145
208	172
208	217
208	219
208	226
208	262
208	272
208	276
208	279
208	281
208	282
208	286
208	288
209	22
209	132
209	144
209	191
209	231
209	232
209	244
209	246
209	257
209	260
209	261
209	266
209	268
209	269
209	282
210	62
210	98
210	151
210	166
210	171
210	214
210	227
210	236
210	264
210	273
210	274
210	289
210	290
210	297
210	298
211	31
211	41
211	98
211	119
211	154
211	171
211	186
211	190
211	212
211	258
211	265
211	279
211	290
211	297
211	300
212	17
212	50
212	53
212	61
212	74
212	88
212	205
212	216
212	218
212	220
212	222
212	228
212	237
212	261
212	300
213	23
213	51
213	54
213	55
213	80
213	147
213	154
213	173
213	184
213	212
213	236
213	238
213	247
213	251
213	263
214	106
214	156
214	162
214	209
214	227
214	255
214	270
214	274
214	278
214	280
214	289
214	290
214	294
214	297
214	298
215	10
215	137
215	143
215	155
215	181
215	186
215	204
215	214
215	229
215	230
215	249
215	251
215	258
215	271
215	275
216	34
216	84
216	102
216	105
216	130
216	138
216	200
216	212
216	218
216	222
216	228
216	237
216	245
216	278
216	284
217	70
217	94
217	148
217	177
217	208
217	219
217	242
217	272
217	276
217	279
217	281
217	282
217	286
217	288
218	1
218	70
218	124
218	130
218	138
218	163
218	177
218	200
218	205
218	212
218	216
218	222
218	228
218	234
218	237
219	43
219	81
219	127
219	177
219	208
219	240
219	246
219	252
219	276
219	279
219	281
219	282
219	286
219	288
219	293
220	129
220	136
220	151
220	164
220	235
220	250
220	256
220	280
220	283
220	284
220	291
220	293
220	294
220	295
220	296
220	299
221	19
221	38
221	50
221	96
221	126
221	127
221	185
221	225
221	234
221	242
221	243
221	245
221	254
221	281
221	289
222	53
222	74
222	91
222	118
222	173
222	200
222	205
222	212
222	213
222	216
222	218
222	228
222	237
222	271
222	280
223	29
223	83
223	92
223	107
223	123
223	144
223	165
223	227
223	231
223	248
223	252
223	253
223	262
223	290
223	292
224	25
224	87
224	235
224	256
224	267
224	280
224	284
224	287
224	291
224	292
224	294
224	295
224	296
224	299
224	300
225	35
225	59
225	138
225	157
225	158
225	160
225	161
225	185
225	205
225	207
225	221
225	223
225	243
225	245
225	285
226	14
226	81
226	88
226	127
226	208
226	219
226	224
226	244
226	249
226	262
226	276
226	279
226	281
226	282
226	286
227	63
227	106
227	158
227	170
227	239
227	241
227	255
227	264
227	273
227	274
227	278
227	289
227	297
227	298
228	88
228	92
228	118
228	195
228	200
228	205
228	212
228	216
228	218
228	222
228	226
228	237
228	244
228	261
229	12
229	136
229	142
229	165
229	193
229	209
229	223
229	231
229	239
229	248
229	252
229	253
229	279
229	289
229	292
230	18
230	104
230	105
230	128
230	135
230	137
230	161
230	164
230	169
230	187
230	201
230	215
230	249
230	271
230	275
231	61
231	116
231	123
231	131
231	193
231	208
231	216
231	229
231	248
231	252
231	253
231	258
231	263
231	285
231	298
232	17
232	29
232	121
232	128
232	149
232	168
232	191
232	244
232	257
232	259
232	261
232	266
232	268
232	269
232	281
233	179
233	240
233	250
233	267
233	277
233	280
233	283
233	284
233	285
233	287
233	292
233	295
233	296
233	299
233	300
234	62
234	78
234	146
234	157
234	160
234	202
234	218
234	221
234	243
234	245
234	249
234	276
234	282
234	286
234	290
235	9
235	25
235	136
235	153
235	224
235	250
235	284
235	285
235	287
235	291
235	292
235	293
235	294
235	296
235	299
236	19
236	23
236	55
236	95
236	108
236	116
236	133
236	139
236	190
236	202
236	217
236	247
236	259
236	263
236	283
237	38
237	53
237	84
237	101
237	116
237	132
237	138
237	200
237	205
237	212
237	216
237	218
237	222
237	228
237	243
238	19
238	24
238	55
238	82
238	95
238	116
238	137
238	184
238	196
238	216
238	247
238	261
238	263
238	280
238	295
239	90
239	96
239	155
239	208
239	210
239	241
239	264
239	269
239	270
239	274
239	281
239	289
239	290
239	297
239	298
240	122
240	153
240	201
240	235
240	283
240	284
240	285
240	287
240	291
240	292
240	293
240	294
240	296
240	299
240	300
241	5
241	34
241	101
241	131
241	170
241	210
241	214
241	227
241	264
241	270
241	273
241	274
241	278
241	289
241	298
242	14
242	90
242	103
242	129
242	133
242	194
242	208
242	262
242	272
242	276
242	281
242	282
242	286
242	288
242	297
243	59
243	78
243	85
243	126
243	160
243	180
243	189
243	207
243	221
243	225
243	227
243	234
243	245
243	280
243	289
244	44
244	46
244	55
244	121
244	134
244	149
244	150
244	151
244	181
244	188
244	191
244	238
244	246
244	260
244	261
245	4
245	26
245	78
245	126
245	128
245	155
245	202
245	207
245	217
245	221
245	234
245	239
245	243
245	252
245	284
246	46
246	57
246	121
246	129
246	132
246	144
246	161
246	180
246	181
246	213
246	232
246	257
246	261
246	266
246	268
247	85
247	86
247	139
247	147
247	165
247	179
247	183
247	213
247	236
247	251
247	254
247	263
247	267
247	286
247	293
248	13
248	29
248	83
248	93
248	133
248	174
248	193
248	196
248	210
248	223
248	229
248	231
248	252
248	253
248	275
249	28
249	33
249	37
249	42
249	105
249	140
249	169
249	189
249	215
249	228
249	251
249	268
249	271
249	275
249	285
250	15
250	58
250	100
250	122
250	146
250	235
250	267
250	280
250	283
250	287
250	291
250	294
250	295
250	296
250	300
251	28
251	75
251	86
251	108
251	127
251	133
251	156
251	182
251	198
251	212
251	213
251	238
251	255
251	257
251	263
252	12
252	29
252	69
252	79
252	93
252	165
252	193
252	226
252	229
252	248
252	253
252	267
252	270
252	276
252	287
253	29
253	109
253	142
253	165
253	173
253	174
253	229
253	231
253	248
253	252
253	256
253	260
253	269
253	270
253	274
254	32
254	36
254	119
254	125
254	186
254	188
254	202
254	211
254	258
254	259
254	263
254	265
254	273
254	291
254	299
255	125
255	155
255	156
255	159
255	199
255	214
255	224
255	241
255	251
255	269
255	270
255	278
255	289
255	297
255	298
256	6
256	100
256	153
256	164
256	201
256	240
256	267
256	277
256	283
256	284
256	287
256	292
256	293
256	295
256	296
257	17
257	44
257	109
257	149
257	150
257	180
257	181
257	191
257	209
257	232
257	246
257	261
257	266
257	268
257	295
258	31
258	113
258	115
258	125
258	170
258	186
258	188
258	190
258	210
258	211
258	216
258	217
258	259
258	265
258	290
259	36
259	88
259	105
259	112
259	113
259	145
259	146
259	154
259	191
259	215
259	254
259	258
259	267
259	290
259	295
260	59
260	102
260	144
260	150
260	181
260	232
260	236
260	246
260	250
260	254
260	257
260	261
260	266
260	268
260	299
261	2
261	41
261	44
261	46
261	82
261	121
261	144
261	191
261	209
261	237
261	246
261	260
261	266
261	268
261	283
262	48
262	127
262	148
262	172
262	193
262	194
262	207
262	219
262	260
262	272
262	276
262	279
262	281
262	286
262	288
263	24
263	60
263	82
263	85
263	86
263	103
263	106
263	133
263	139
263	157
263	173
263	236
263	247
263	251
263	289
264	131
264	159
264	170
264	197
264	199
264	227
264	256
264	269
264	270
264	274
264	288
264	289
264	290
264	297
264	298
265	4
265	18
265	22
265	77
265	99
265	119
265	161
265	186
265	190
265	238
265	257
265	258
265	259
265	272
265	285
266	44
266	128
266	132
266	144
266	150
266	184
266	192
266	209
266	246
266	257
266	260
266	261
266	268
266	274
266	296
267	8
267	9
267	122
267	151
267	179
267	235
267	240
267	256
267	280
267	283
267	285
267	287
267	291
267	294
267	295
267	299
268	17
268	128
268	132
268	134
268	150
268	214
268	232
268	244
268	247
268	252
268	260
268	261
268	265
268	266
268	289
269	30
269	114
269	205
269	210
269	214
269	239
269	241
269	259
269	264
269	270
269	273
269	278
269	285
269	290
269	297
270	2
270	114
270	166
270	167
270	210
270	239
270	241
270	269
270	273
270	274
270	278
270	289
270	297
270	298
271	10
271	65
271	66
271	104
271	135
271	169
271	187
271	189
271	212
271	230
271	249
271	275
271	276
271	281
271	299
272	70
272	75
272	94
272	120
272	127
272	163
272	172
272	217
272	262
272	271
272	279
272	281
272	282
272	286
272	288
273	5
273	34
273	54
273	106
273	170
273	214
273	227
273	239
273	241
273	255
273	264
273	269
273	289
273	290
273	297
274	2
274	5
274	101
274	114
274	158
274	168
274	210
274	214
274	269
274	273
274	278
274	289
274	290
274	297
274	298
275	7
275	10
275	89
275	105
275	122
275	125
275	135
275	171
275	185
275	211
275	215
275	249
275	271
275	298
275	300
276	43
276	81
276	111
276	120
276	172
276	177
276	194
276	219
276	262
276	272
276	279
276	282
276	286
276	288
277	6
277	87
277	151
277	201
277	233
277	250
277	256
277	267
277	283
277	284
277	291
277	292
277	294
277	295
277	299
277	300
278	30
278	54
278	156
278	168
278	199
278	241
278	264
278	269
278	270
278	273
278	274
278	289
278	290
278	297
278	298
279	72
279	75
279	90
279	127
279	148
279	190
279	215
279	226
279	242
279	272
279	276
279	281
279	282
279	286
279	288
280	25
280	60
280	163
280	201
280	220
280	224
280	256
280	267
280	277
280	283
280	284
280	287
280	292
280	299
280	300
281	47
281	90
281	94
281	99
281	145
281	242
281	262
281	272
281	276
281	279
281	282
281	284
281	288
281	297
281	300
282	14
282	49
282	90
282	147
282	177
282	208
282	219
282	226
282	275
282	276
282	279
282	281
282	284
282	286
282	288
283	15
283	57
283	129
283	163
283	203
283	235
283	240
283	250
283	267
283	277
283	280
283	287
283	292
283	295
283	296
283	299
283	300
284	87
284	129
284	179
284	220
284	224
284	235
284	250
284	277
284	285
284	287
284	291
284	294
284	295
284	296
284	300
285	6
285	136
285	153
285	192
285	201
285	203
285	256
285	277
285	280
285	283
285	292
285	293
285	294
285	296
285	299
286	9
286	52
286	53
286	81
286	85
286	111
286	170
286	194
286	217
286	226
286	238
286	262
286	279
286	282
286	288
287	9
287	129
287	136
287	164
287	179
287	224
287	235
287	267
287	277
287	284
287	285
287	291
287	293
287	294
287	296
287	299
288	35
288	70
288	75
288	172
288	177
288	219
288	226
288	262
288	264
288	272
288	276
288	279
288	281
288	282
288	286
289	124
289	131
289	133
289	158
289	167
289	239
289	264
289	270
289	272
289	273
289	274
289	278
289	290
289	297
289	298
290	155
290	159
290	166
290	170
290	210
290	214
290	227
290	255
290	269
290	273
290	274
290	289
290	297
290	298
291	27
291	163
291	164
291	179
291	220
291	277
291	280
291	283
291	285
291	287
291	292
291	293
291	295
291	296
291	299
292	122
292	151
292	233
292	250
292	256
292	277
292	280
292	283
292	291
292	293
292	294
292	295
292	296
292	299
292	300
293	9
293	151
293	201
293	203
293	233
293	267
293	277
293	280
293	283
293	291
293	292
293	294
293	295
293	296
293	300
294	25
294	58
294	100
294	224
294	233
294	240
294	256
294	267
294	285
294	287
294	292
294	295
294	296
294	299
294	300
295	6
295	57
295	179
295	192
295	201
295	240
295	256
295	277
295	283
295	284
295	285
295	291
295	293
295	294
295	299
295	300
296	57
296	129
296	146
296	179
296	233
296	235
296	280
296	283
296	284
296	287
296	291
296	293
296	294
296	295
296	300
297	63
297	158
297	166
297	167
297	170
297	199
297	227
297	264
297	269
297	270
297	273
297	274
297	278
297	289
297	298
298	54
298	114
298	155
298	158
298	166
298	199
298	210
298	255
298	264
298	270
298	273
298	274
298	278
298	289
298	290
299	9
299	27
299	60
299	100
299	164
299	192
299	224
299	240
299	250
299	284
299	291
299	292
299	293
299	294
299	300
300	8
300	25
300	87
300	146
300	192
300	220
300	240
300	256
300	267
300	280
300	283
300	285
300	287
300	291
300	292
300	293
