1	16
1	47
1	81
1	113
1	115
1	136
1	154
1	183
1	260
1	266
1	268
1	287
1	288
1	293
1	295
2	17
2	30
2	56
2	61
2	72
2	76
2	83
2	144
2	181
2	217
2	228
2	250
2	262
2	264
2	300
3	61
3	108
3	131
3	150
3	189
3	191
3	199
3	214
3	233
3	236
3	239
3	259
3	283
3	286
3	290
4	52
4	73
4	109
4	138
4	162
4	184
4	187
4	208
4	210
4	212
4	223
4	246
4	265
4	281
4	296
5	37
5	44
5	53
5	55
5	99
5	125
5	141
5	195
5	207
5	253
5	278
5	281
5	290
5	297
5	300
6	49
6	51
6	73
6	120
6	138
6	164
6	168
6	206
6	208
6	216
6	237
6	257
6	288
6	296
6	300
7	65
7	93
7	118
7	120
7	145
7	172
7	212
7	243
7	247
7	255
7	259
7	260
7	262
7	272
7	282
8	50
8	156
8	185
8	191
8	205
8	232
8	238
8	240
8	249
8	274
8	281
8	282
8	285
8	286
8	290
9	10
9	26
9	35
9	55
9	127
9	144
9	151
9	159
9	172
9	176
9	208
9	236
9	286
9	292
9	300
10	50
10	78
10	113
10	140
10	149
10	172
10	187
10	216
10	223
10	247
10	255
10	258
10	278
10	293
10	300
11	103
11	107
11	148
11	189
11	205
11	217
11	229
11	245
11	255
11	267
11	270
11	272
11	277
11	284
11	287
12	47
12	91
12	105
12	114
12	117
12	130
12	151
12	170
12	185
12	201
12	223
12	270
12	275
12	281
12	289
13	3
13	133
13	147
13	170
13	177
13	201
13	210
13	223
13	232
13	238
13	239
13	255
13	266
13	291
13	292
14	32
14	41
14	56
14	66
14	110
14	213
14	232
14	251
14	253
14	285
14	286
14	290
14	296
14	297
14	299
15	9
15	24
15	172
15	203
15	204
15	215
15	256
15	258
15	263
15	267
15	274
15	282
15	288
15	296
15	300
16	87
16	142
16	144
16	151
16	162
16	163
16	169
16	181
16	208
16	223
16	227
16	238
16	252
16	281
16	298
17	31
17	78
17	116
17	120
17	157
17	167
17	169
17	172
17	218
17	220
17	256
17	260
17	264
17	286
17	294
18	25
18	36
18	81
18	176
18	221
18	228
18	256
18	257
18	264
18	267
18	276
18	277
18	285
18	291
18	299
19	77
19	98
19	127
19	149
19	161
19	188
19	222
19	227
19	236
19	245
19	247
19	259
19	270
19	274
19	296
20	31
20	117
20	154
20	168
20	174
20	176
20	230
20	231
20	235
20	238
20	240
20	280
20	292
20	297
20	298
21	5
21	16
21	132
21	212
21	215
21	234
21	250
21	265
21	270
21	280
21	281
21	288
21	294
21	298
21	300
22	133
22	137
22	140
22	162
22	164
22	182
22	201
22	216
22	243
22	273
22	279
22	288
22	293
22	298
22	299
23	31
23	58
23	126
23	151
23	169
23	180
23	186
23	187
23	194
23	211
23	218
23	238
23	263
23	270
23	276
24	5
24	34
24	44
24	91
24	146
24	185
24	239
24	254
24	257
24	260
24	269
24	274
24	277
24	291
24	299
25	1
25	74
25	96
25	109
25	131
25	202
25	209
25	211
25	232
25	242
25	253
25	261
25	262
25	266
25	276
26	67
26	101
26	118
26	155
26	188
26	213
26	220
26	246
26	259
26	261
26	273
26	281
26	283
26	288
26	294
27	2
27	95
27	100
27	121
27	128
27	138
27	161
27	199
27	253
27	254
27	267
27	278
27	295
27	296
27	298
28	72
28	92
28	102
28	139
28	170
28	191
28	199
28	203
28	231
28	252
28	253
28	266
28	275
28	283
28	284
29	54
29	55
29	63
29	171
29	188
29	191
29	232
29	238
29	240
29	248
29	262
29	274
29	291
29	292
29	295
30	65
30	80
30	83
30	86
30	100
30	143
30	156
30	159
30	178
30	224
30	236
30	252
30	259
30	264
30	265
31	24
31	64
31	76
31	90
31	93
31	135
31	164
31	198
31	208
31	218
31	251
31	252
31	268
31	279
31	295
32	19
32	65
32	67
32	86
32	130
32	133
32	163
32	232
32	241
32	248
32	250
32	261
32	284
32	294
32	297
33	25
33	109
33	138
33	183
33	185
33	205
33	222
33	252
33	269
33	273
33	277
33	282
33	283
33	294
33	300
34	57
34	118
34	184
34	189
34	209
34	210
34	212
34	221
34	230
34	234
34	254
34	264
34	267
34	271
34	293
35	2
35	80
35	83
35	84
35	149
35	157
35	159
35	184
35	207
35	237
35	258
35	262
35	265
35	277
35	294
36	95
36	114
36	115
36	172
36	180
36	184
36	220
36	240
36	267
36	273
36	277
36	281
36	283
36	291
36	294
37	16
37	59
37	137
37	218
37	220
37	230
37	248
37	261
37	266
37	273
37	278
37	287
37	289
37	292
37	295
38	10
38	12
38	36
38	98
38	110
38	121
38	147
38	171
38	173
38	187
38	245
38	247
38	277
38	294
38	296
39	14
39	84
39	145
39	181
39	191
39	212
39	233
39	235
39	240
39	276
39	282
39	283
39	286
39	293
39	299
40	19
40	67
40	71
40	86
40	129
40	205
40	219
40	241
40	265
40	275
40	281
40	283
40	284
40	293
40	294
41	37
41	49
41	119
41	123
41	137
41	186
41	210
41	211
41	253
41	255
41	274
41	283
41	289
41	295
41	300
42	61
42	85
42	94
42	113
42	154
42	168
42	200
42	207
42	219
42	244
42	268
42	275
42	277
42	280
42	300
43	36
43	49
43	57
43	63
43	82
43	92
43	121
43	130
43	160
43	164
43	214
43	248
43	258
43	276
43	297
44	56
44	111
44	129
44	158
44	165
44	171
44	215
44	251
44	252
44	260
44	265
44	271
44	292
44	294
44	298
45	76
45	117
45	123
45	194
45	210
45	236
45	249
45	254
45	255
45	275
45	282
45	285
45	291
45	293
45	299
46	30
46	61
46	112
46	123
46	141
46	142
46	146
46	167
46	179
46	220
46	226
46	227
46	249
46	273
46	287
47	30
47	64
47	113
47	144
47	196
47	224
47	228
47	235
47	242
47	248
47	251
47	268
47	275
47	282
47	285
48	28
48	75
48	79
48	125
48	132
48	185
48	187
48	193
48	194
48	213
48	247
48	263
48	282
48	296
48	298
49	29
49	58
49	135
49	150
49	153
49	158
49	192
49	230
49	245
49	264
49	268
49	276
49	278
49	282
49	294
50	11
50	71
50	105
50	128
50	188
50	214
50	218
50	238
50	252
50	269
50	276
50	282
50	289
50	292
50	297
51	4
51	55
51	82
51	89
51	102
51	107
51	175
51	195
51	198
51	209
51	250
51	256
51	263
51	278
51	299
52	35
52	72
52	91
52	128
52	135
52	152
52	188
52	201
52	202
52	216
52	230
52	257
52	264
52	278
52	297
53	27
53	76
53	141
53	181
53	200
53	214
53	217
53	221
53	229
53	258
53	284
53	287
53	292
53	295
53	296
54	41
54	101
54	124
54	127
54	157
54	176
54	186
54	228
54	256
54	258
54	260
54	263
54	266
54	290
54	299
55	61
55	68
55	117
55	141
55	207
55	210
55	243
55	245
55	249
55	257
55	275
55	290
55	292
55	295
55	300
56	2
56	88
56	89
56	115
56	138
56	166
56	190
56	196
56	199
56	204
56	218
56	254
56	278
56	284
56	289
57	5
57	76
57	109
57	111
57	188
57	205
57	209
57	232
57	246
57	250
57	269
57	282
57	284
57	286
57	287
58	2
58	13
58	15
58	19
58	23
58	47
58	54
58	94
58	117
58	151
58	159
58	188
58	235
58	258
58	267
59	119
59	136
59	137
59	183
59	223
59	227
59	239
59	247
59	249
59	268
59	278
59	279
59	296
59	299
59	300
60	1
60	12
60	35
60	112
60	116
60	214
60	229
60	236
60	254
60	270
60	272
60	274
60	293
60	295
60	296
61	4
61	81
61	117
61	119
61	124
61	190
61	199
61	210
61	216
61	226
61	231
61	242
61	288
61	292
61	299
62	24
62	50
62	67
62	108
62	133
62	165
62	221
62	237
62	254
62	259
62	260
62	271
62	273
62	274
62	300
63	6
63	39
63	175
63	186
63	191
63	198
63	206
63	211
63	232
63	261
63	264
63	278
63	293
63	295
63	299
64	5
64	124
64	127
64	128
64	141
64	178
64	193
64	206
64	207
64	254
64	257
64	265
64	283
64	286
64	294
65	47
65	67
65	113
65	129
65	165
65	173
65	180
65	194
65	265
65	268
65	273
65	275
65	284
65	285
65	286
66	85
66	105
66	146
66	163
66	177
66	222
66	229
66	268
66	269
66	279
66	284
66	287
66	288
66	289
66	297
67	65
67	90
67	161
67	176
67	192
67	194
67	195
67	207
67	231
67	239
67	249
67	265
67	272
67	285
67	291
68	85
68	119
68	130
68	150
68	175
68	177
68	188
68	196
68	220
68	243
68	256
68	264
68	288
68	295
68	297
69	21
69	99
69	155
69	175
69	177
69	187
69	195
69	207
69	244
69	265
69	268
69	278
69	281
69	284
69	300
70	4
70	136
70	175
70	189
70	206
70	244
70	250
70	270
70	275
70	283
70	285
70	287
70	291
70	298
70	300
71	18
71	67
71	105
71	162
71	202
71	214
71	226
71	241
71	247
71	251
71	254
71	257
71	267
71	276
71	284
72	71
72	74
72	92
72	119
72	125
72	206
72	221
72	229
72	232
72	241
72	251
72	263
72	281
72	287
72	288
73	1
73	72
73	83
73	130
73	142
73	156
73	168
73	183
73	198
73	243
73	245
73	256
73	268
73	269
73	279
74	3
74	45
74	71
74	82
74	86
74	109
74	166
74	209
74	226
74	246
74	253
74	261
74	263
74	266
74	300
75	14
75	84
75	129
75	149
75	154
75	186
75	201
75	228
75	236
75	267
75	272
75	279
75	280
75	288
75	295
76	66
76	96
76	111
76	163
76	194
76	197
76	201
76	246
76	248
76	269
76	277
76	280
76	284
76	287
76	300
77	88
77	123
77	165
77	182
77	192
77	220
77	224
77	226
77	246
77	260
77	272
77	275
77	279
77	293
77	296
78	19
78	59
78	89
78	133
78	169
78	180
78	186
78	239
78	241
78	265
78	270
78	279
78	294
78	296
78	299
79	130
79	186
79	198
79	201
79	233
79	246
79	250
79	251
79	252
79	255
79	273
79	276
79	277
79	285
79	300
80	21
80	93
80	154
80	167
80	188
80	192
80	243
80	251
80	266
80	275
80	276
80	278
80	296
80	297
80	300
81	17
81	34
81	99
81	121
81	159
81	169
81	196
81	211
81	214
81	222
81	242
81	250
81	264
81	293
81	300
82	6
82	13
82	39
82	156
82	160
82	169
82	198
82	200
82	237
82	257
82	270
82	274
82	280
82	291
82	292
83	13
83	40
83	73
83	127
83	130
83	181
83	182
83	212
83	252
83	265
83	278
83	283
83	286
83	296
83	299
84	10
84	14
84	44
84	77
84	97
84	114
84	167
84	230
84	245
84	253
84	256
84	269
84	274
84	277
84	296
85	50
85	101
85	116
85	131
85	174
85	211
85	217
85	228
85	247
85	248
85	250
85	260
85	278
85	282
85	297
86	1
86	22
86	32
86	33
86	45
86	49
86	111
86	160
86	178
86	213
86	224
86	266
86	274
86	296
86	297
87	9
87	46
87	150
87	179
87	182
87	198
87	222
87	233
87	236
87	237
87	248
87	262
87	267
87	276
87	298
88	7
88	10
88	19
88	89
88	114
88	215
88	237
88	239
88	244
88	255
88	262
88	277
88	283
88	285
88	292
89	44
89	69
89	70
89	96
89	101
89	162
89	166
89	203
89	216
89	232
89	236
89	271
89	278
89	283
89	285
90	34
90	88
90	122
90	156
90	161
90	162
90	183
90	190
90	213
90	234
90	258
90	287
90	289
90	291
90	295
91	82
91	102
91	121
91	171
91	193
91	200
91	209
91	223
91	232
91	262
91	269
91	288
91	290
91	291
91	292
92	52
92	62
92	74
92	100
92	116
92	129
92	142
92	153
92	183
92	224
92	235
92	248
92	249
92	280
92	284
93	1
93	39
93	86
93	116
93	139
93	153
93	170
93	172
93	173
93	182
93	228
93	237
93	278
93	297
93	300
94	48
94	81
94	90
94	197
94	199
94	215
94	231
94	238
94	239
94	255
94	257
94	271
94	292
94	296
94	298
95	105
95	143
95	157
95	165
95	184
95	212
95	214
95	228
95	241
95	242
95	245
95	255
95	257
95	272
95	292
96	7
96	54
96	95
96	97
96	118
96	126
96	137
96	155
96	194
96	201
96	227
96	257
96	276
96	280
96	297
97	42
97	46
97	60
97	101
97	153
97	210
97	220
97	227
97	252
97	259
97	277
97	288
97	291
97	293
97	297
98	34
98	58
98	112
98	120
98	148
98	162
98	184
98	190
98	212
98	218
98	225
98	234
98	236
98	250
98	291
99	50
99	109
99	126
99	135
99	174
99	181
99	234
99	272
99	275
99	276
99	289
99	290
99	293
99	298
99	300
100	72
100	88
100	93
100	168
100	182
100	210
100	213
100	221
100	237
100	239
100	242
100	256
100	278
100	289
100	290
101	32
101	96
101	128
101	183
101	206
101	223
101	259
101	260
101	273
101	276
101	283
101	285
101	290
101	294
101	298
102	37
102	53
102	69
102	107
102	137
102	147
102	253
102	261
102	266
102	270
102	271
102	282
102	285
102	298
102	299
103	3
103	67
103	121
103	195
103	196
103	208
103	230
103	246
103	249
103	252
103	256
103	272
103	289
103	290
103	299
104	22
104	152
104	155
104	199
104	208
104	217
104	223
104	244
104	276
104	281
104	282
104	289
104	292
104	294
104	295
105	32
105	76
105	125
105	152
105	193
105	223
105	264
105	267
105	269
105	279
105	284
105	287
105	292
105	296
105	299
106	69
106	71
106	83
106	92
106	114
106	137
106	219
106	222
106	256
106	273
106	279
106	283
106	285
106	292
106	293
107	70
107	135
107	192
107	240
107	244
107	245
107	250
107	251
107	259
107	263
107	274
107	275
107	280
107	292
107	296
108	58
108	59
108	74
108	92
108	106
108	143
108	158
108	201
108	216
108	220
108	231
108	233
108	235
108	263
108	292
109	112
109	118
109	131
109	196
109	203
109	219
109	245
109	252
109	255
109	258
109	262
109	271
109	284
109	290
109	298
110	24
110	134
110	163
110	171
110	187
110	200
110	201
110	216
110	218
110	229
110	254
110	268
110	270
110	275
110	296
111	69
111	103
111	147
111	184
111	212
111	216
111	220
111	223
111	270
111	273
111	284
111	288
111	290
111	295
111	299
112	9
112	29
112	82
112	94
112	111
112	115
112	123
112	132
112	148
112	167
112	203
112	226
112	238
112	293
112	299
113	10
113	84
113	104
113	144
113	159
113	180
113	181
113	267
113	271
113	275
113	277
113	285
113	292
113	293
113	300
114	50
114	91
114	92
114	121
114	164
114	192
114	214
114	217
114	224
114	229
114	253
114	256
114	277
114	289
114	297
115	36
115	43
115	79
115	157
115	183
115	186
115	187
115	209
115	225
115	233
115	242
115	275
115	281
115	285
115	287
116	140
116	144
116	161
116	179
116	216
116	219
116	237
116	249
116	265
116	275
116	277
116	283
116	287
116	292
116	296
117	4
117	27
117	148
117	154
117	161
117	179
117	181
117	261
117	269
117	276
117	280
117	291
117	293
117	294
117	299
118	4
118	66
118	94
118	116
118	123
118	143
118	170
118	180
118	201
118	253
118	255
118	283
118	288
118	294
118	295
119	17
119	60
119	66
119	99
119	122
119	131
119	163
119	171
119	188
119	193
119	195
119	233
119	252
119	274
119	291
120	11
120	26
120	39
120	118
120	135
120	139
120	261
120	274
120	277
120	286
120	290
120	293
120	296
120	297
120	299
121	77
121	140
121	146
121	161
121	190
121	206
121	212
121	216
121	220
121	227
121	238
121	271
121	272
121	284
121	293
122	118
122	160
122	198
122	225
122	241
122	251
122	261
122	263
122	264
122	274
122	276
122	278
122	286
122	289
122	290
123	46
123	60
123	97
123	98
123	142
123	168
123	223
123	237
123	246
123	275
123	281
123	282
123	284
123	293
123	299
124	23
124	58
124	107
124	149
124	169
124	173
124	190
124	197
124	214
124	250
124	256
124	263
124	280
124	291
124	293
125	11
125	53
125	63
125	66
125	98
125	134
125	217
125	246
125	247
125	269
125	284
125	287
125	293
125	299
125	300
126	28
126	85
126	87
126	89
126	97
126	121
126	135
126	166
126	190
126	197
126	257
126	272
126	276
126	287
126	291
127	18
127	130
127	168
127	174
127	177
127	178
127	185
127	202
127	203
127	244
127	262
127	265
127	266
127	288
127	295
128	22
128	45
128	51
128	68
128	91
128	100
128	108
128	146
128	201
128	228
128	235
128	244
128	283
128	286
128	289
129	2
129	16
129	30
129	40
129	57
129	59
129	69
129	70
129	139
129	206
129	231
129	252
129	265
129	286
129	295
130	16
130	64
130	112
130	128
130	168
130	192
130	200
130	226
130	231
130	240
130	244
130	269
130	274
130	287
130	293
131	10
131	40
131	60
131	111
131	150
131	174
131	181
131	200
131	223
131	268
131	273
131	281
131	286
131	288
131	290
132	39
132	78
132	112
132	151
132	153
132	163
132	204
132	218
132	219
132	237
132	247
132	266
132	270
132	271
132	296
133	47
133	93
133	116
133	128
133	148
133	158
133	189
133	208
133	216
133	228
133	239
133	261
133	279
133	291
133	298
134	12
134	119
134	121
134	130
134	142
134	146
134	177
134	196
134	224
134	237
134	254
134	266
134	289
134	293
134	295
135	21
135	45
135	127
135	139
135	176
135	192
135	229
135	249
135	259
135	264
135	273
135	276
135	277
135	283
135	287
136	59
136	75
136	193
136	194
136	218
136	237
136	239
136	270
136	280
136	288
136	294
136	295
136	296
136	297
136	300
137	28
137	33
137	66
137	164
137	202
137	209
137	250
137	253
137	261
137	264
137	266
137	269
137	279
137	280
137	298
138	96
138	103
138	175
138	178
138	212
138	232
138	247
138	257
138	260
138	265
138	284
138	286
138	289
138	293
138	299
139	23
139	133
139	136
139	155
139	177
139	211
139	226
139	243
139	248
139	270
139	285
139	287
139	293
139	298
139	300
140	95
140	98
140	163
140	178
140	193
140	204
140	208
140	223
140	236
140	254
140	255
140	258
140	275
140	278
140	287
141	37
141	42
141	51
141	60
141	107
141	165
141	173
141	223
141	257
141	258
141	261
141	262
141	276
141	296
141	297
142	7
142	32
142	97
142	146
142	166
142	173
142	181
142	189
142	208
142	219
142	243
142	247
142	260
142	272
142	276
143	5
143	26
143	110
143	111
143	146
143	154
143	197
143	204
143	206
143	222
143	233
143	246
143	248
143	249
143	255
144	15
144	90
144	111
144	115
144	160
144	164
144	195
144	231
144	243
144	274
144	277
144	280
144	283
144	289
144	298
145	4
145	18
145	105
145	133
145	192
145	231
145	240
145	247
145	267
145	271
145	273
145	281
145	283
145	294
145	298
146	77
146	94
146	98
146	137
146	224
146	237
146	242
146	254
146	255
146	261
146	270
146	271
146	273
146	275
146	289
147	34
147	134
147	162
147	164
147	185
147	192
147	213
147	237
147	238
147	251
147	278
147	280
147	291
147	292
147	299
148	31
148	41
148	62
148	64
148	126
148	193
148	194
148	205
148	231
148	255
148	256
148	278
148	284
148	298
148	299
149	159
149	221
149	222
149	226
149	236
149	242
149	255
149	260
149	262
149	266
149	269
149	279
149	280
149	292
149	293
150	8
150	73
150	89
150	122
150	138
150	145
150	151
150	160
150	180
150	225
150	234
150	267
150	269
150	294
150	299
151	3
151	30
151	35
151	87
151	99
151	102
151	110
151	194
151	197
151	205
151	230
151	246
151	254
151	281
151	296
152	6
152	30
152	46
152	48
152	62
152	127
152	176
152	177
152	240
152	248
152	282
152	283
152	286
152	294
152	297
153	7
153	89
153	129
153	144
153	178
153	197
153	227
153	238
153	258
153	266
153	272
153	288
153	289
153	291
153	298
154	17
154	114
154	155
154	176
154	179
154	187
154	208
154	215
154	241
154	250
154	255
154	275
154	284
154	290
154	300
155	36
155	38
155	148
155	190
155	224
155	225
155	228
155	237
155	252
155	254
155	269
155	277
155	278
155	286
155	298
156	9
156	67
156	99
156	134
156	153
156	179
156	189
156	240
156	266
156	272
156	277
156	280
156	283
156	288
156	290
157	17
157	27
157	125
157	172
157	205
157	209
157	237
157	258
157	261
157	263
157	264
157	271
157	285
157	295
157	296
158	57
158	75
158	160
158	163
158	167
158	190
158	198
158	222
158	227
158	243
158	262
158	269
158	270
158	284
158	298
159	6
159	80
159	103
159	113
159	152
159	170
159	172
159	215
159	226
159	232
159	284
159	290
159	292
159	293
159	300
160	10
160	14
160	42
160	103
160	135
160	171
160	207
160	215
160	248
160	251
160	259
160	272
160	293
160	297
160	298
161	6
161	95
161	110
161	123
161	152
161	166
161	167
161	169
161	187
161	204
161	226
161	235
161	247
161	270
161	296
162	8
162	24
162	37
162	123
162	181
162	191
162	217
162	218
162	229
162	245
162	271
162	274
162	278
162	286
162	292
163	21
163	114
163	147
163	176
163	185
163	210
163	211
163	234
163	239
163	248
163	259
163	260
163	285
163	288
163	292
164	31
164	56
164	106
164	148
164	176
164	195
164	235
164	236
164	244
164	251
164	259
164	271
164	291
164	295
164	300
165	22
165	43
165	143
165	174
165	186
165	215
165	216
165	238
165	244
165	245
165	250
165	267
165	278
165	279
165	300
166	28
166	65
166	171
166	207
166	211
166	243
166	244
166	267
166	277
166	279
166	280
166	281
166	285
166	290
166	294
167	97
167	126
167	135
167	207
167	213
167	219
167	257
167	267
167	268
167	271
167	282
167	285
167	286
167	289
167	293
168	12
168	18
168	23
168	73
168	129
168	150
168	201
168	202
168	244
168	250
168	259
168	261
168	269
168	270
168	272
169	15
169	54
169	55
169	84
169	124
169	183
169	197
169	235
169	238
169	252
169	258
169	287
169	288
169	289
169	299
170	4
170	53
170	88
170	138
170	203
170	204
170	210
170	232
170	234
170	241
170	249
170	260
170	266
170	298
170	300
171	23
171	51
171	52
171	108
171	179
171	193
171	206
171	226
171	228
171	256
171	261
171	269
171	271
171	277
171	285
172	7
172	17
172	18
172	39
172	120
172	141
172	143
172	180
172	256
172	258
172	263
172	266
172	267
172	286
172	288
173	8
173	69
173	99
173	153
173	170
173	227
173	241
173	252
173	263
173	270
173	271
173	275
173	279
173	286
173	295
174	64
174	90
174	96
174	106
174	117
174	145
174	176
174	191
174	197
174	240
174	241
174	248
174	277
174	286
174	290
175	25
175	27
175	40
175	80
175	145
175	159
175	178
175	215
175	245
175	256
175	267
175	279
175	291
175	298
175	300
176	12
176	26
176	104
176	125
176	195
176	197
176	211
176	238
176	240
176	247
176	251
176	278
176	288
176	290
176	297
177	18
177	68
177	93
177	110
177	134
177	171
177	203
177	208
177	224
177	236
177	243
177	249
177	286
177	298
177	300
178	2
178	75
178	127
178	153
178	168
178	216
178	221
178	238
178	251
178	265
178	273
178	278
178	279
178	284
178	294
179	59
179	112
179	119
179	142
179	174
179	196
179	198
179	217
179	241
179	243
179	266
179	267
179	273
179	288
179	297
180	100
180	120
180	204
180	209
180	214
180	243
180	247
180	256
180	257
180	260
180	264
180	267
180	279
180	286
180	294
181	9
181	35
181	118
181	131
181	219
181	232
181	257
181	270
181	272
181	279
181	284
181	290
181	293
181	295
181	297
182	19
182	20
182	22
182	50
182	52
182	224
182	235
182	241
182	262
182	265
182	279
182	286
182	288
182	295
182	297
183	74
183	92
183	97
183	140
183	160
183	166
183	206
183	242
183	258
183	281
183	283
183	291
183	294
183	298
183	299
184	153
184	155
184	169
184	187
184	197
184	205
184	214
184	258
184	262
184	265
184	271
184	282
184	289
184	296
184	297
185	75
185	76
185	87
185	147
185	162
185	178
185	221
185	230
185	238
185	261
185	281
185	287
185	291
185	292
185	296
186	23
186	42
186	58
186	148
186	172
186	183
186	220
186	234
186	253
186	265
186	271
186	279
186	282
186	289
186	294
187	20
187	48
187	136
187	140
187	193
187	204
187	263
187	264
187	268
187	270
187	286
187	290
187	292
187	296
187	300
188	41
188	88
188	146
188	148
188	170
188	195
188	198
188	199
188	214
188	216
188	260
188	261
188	268
188	277
188	287
189	44
189	66
189	129
189	134
189	152
189	179
189	196
189	214
189	224
189	227
189	228
189	234
189	245
189	255
189	271
190	11
190	27
190	98
190	143
190	193
190	203
190	214
190	225
190	249
190	258
190	273
190	274
190	275
190	278
190	280
191	54
191	56
191	91
191	97
191	175
191	208
191	238
191	241
191	255
191	274
191	281
191	287
191	290
191	291
191	293
192	28
192	63
192	75
192	106
192	152
192	176
192	180
192	238
192	270
192	273
192	274
192	278
192	280
192	282
192	290
193	23
193	49
193	78
193	166
193	205
193	222
193	227
193	239
193	257
193	263
193	269
193	270
193	273
193	276
193	296
194	8
194	27
194	124
194	162
194	164
194	189
194	210
194	224
194	235
194	247
194	279
194	280
194	285
194	292
194	297
195	72
195	104
195	132
195	151
195	171
195	182
195	218
195	230
195	251
195	257
195	258
195	273
195	285
195	288
195	297
196	42
196	122
196	131
196	152
196	174
196	241
196	250
196	251
196	272
196	275
196	285
196	289
196	295
196	296
196	299
197	22
197	65
197	66
197	94
197	102
197	128
197	134
197	136
197	196
197	203
197	205
197	218
197	242
197	263
197	283
198	45
198	56
198	57
198	60
198	74
198	79
198	147
198	188
198	219
198	224
198	258
198	270
198	282
198	291
198	293
199	71
199	81
199	101
199	149
199	154
199	189
199	190
199	197
199	219
199	227
199	235
199	267
199	272
199	293
199	300
200	20
200	64
200	82
200	114
200	182
200	185
200	198
200	215
200	226
200	230
200	255
200	269
200	274
200	292
200	295
201	62
201	87
201	128
201	150
201	167
201	212
201	225
201	235
201	244
201	254
201	262
201	271
201	273
201	280
201	287
202	93
202	94
202	115
202	122
202	124
202	145
202	225
202	227
202	231
202	233
202	244
202	273
202	274
202	281
202	300
203	3
203	33
203	59
203	62
203	123
203	140
203	143
203	166
203	179
203	196
203	204
203	236
203	246
203	264
203	284
204	117
204	136
204	164
204	169
204	240
204	254
204	259
204	269
204	270
204	271
204	282
204	294
204	296
204	297
204	298
205	12
205	38
205	79
205	111
205	141
205	151
205	152
205	185
205	188
205	236
205	260
205	282
205	289
205	298
205	299
206	104
206	156
206	188
206	199
206	202
206	217
206	231
206	233
206	253
206	273
206	277
206	281
206	283
206	288
206	294
207	51
207	78
207	84
207	191
207	195
207	235
207	241
207	244
207	275
207	278
207	279
207	285
207	289
207	297
207	300
208	106
208	108
208	112
208	127
208	156
208	186
208	217
208	223
208	226
208	254
208	271
208	280
208	286
208	296
208	298
209	1
209	28
209	102
209	150
209	151
209	180
209	192
209	203
209	250
209	253
209	261
209	264
209	266
209	288
209	291
210	29
210	44
210	87
210	118
210	136
210	150
210	185
210	204
210	219
210	230
210	247
210	262
210	274
210	282
210	299
211	37
211	138
211	139
211	150
211	156
211	158
211	190
211	200
211	204
211	226
211	229
211	230
211	233
211	278
211	287
212	56
212	129
212	132
212	133
212	140
212	142
212	143
212	195
212	203
212	240
212	254
212	255
212	260
212	277
212	292
213	2
213	14
213	200
213	202
213	204
213	219
213	248
213	259
213	261
213	270
213	277
213	279
213	282
213	290
213	291
214	31
214	95
214	103
214	106
214	138
214	172
214	197
214	203
214	233
214	234
214	253
214	254
214	255
214	281
214	297
215	69
215	80
215	93
215	107
215	132
215	150
215	154
215	185
215	202
215	203
215	235
215	256
215	290
215	291
215	298
216	83
216	92
216	168
216	169
216	191
216	192
216	217
216	226
216	235
216	237
216	250
216	263
216	285
216	286
216	293
217	29
217	41
217	132
217	155
217	182
217	221
217	229
217	236
217	269
217	279
217	283
217	284
217	287
217	288
217	294
218	47
218	52
218	81
218	174
218	175
218	186
218	194
218	196
218	214
218	240
218	241
218	262
218	267
218	272
218	295
219	5
219	16
219	131
219	134
219	158
219	178
219	205
219	206
219	213
219	220
219	222
219	237
219	266
219	286
219	292
220	77
220	81
220	95
220	96
220	107
220	113
220	149
220	177
220	197
220	222
220	263
220	268
220	277
220	293
220	298
221	68
221	90
221	109
221	159
221	178
221	180
221	217
221	229
221	243
221	264
221	269
221	281
221	284
221	287
221	290
222	44
222	73
222	77
222	141
222	213
222	233
222	244
222	258
222	268
222	272
222	280
222	286
222	288
222	291
222	300
223	84
223	160
223	209
223	242
223	249
223	253
223	259
223	264
223	280
223	281
223	285
223	287
223	289
223	296
223	298
224	119
224	164
224	174
224	187
224	200
224	205
224	241
224	255
224	257
224	273
224	286
224	289
224	296
224	298
224	299
225	70
225	73
225	102
225	115
225	127
225	145
225	184
225	202
225	231
225	234
225	256
225	265
225	288
225	294
225	295
226	9
226	51
226	100
226	102
226	155
226	166
226	167
226	193
226	208
226	211
226	220
226	245
226	252
226	268
226	293
227	15
227	46
227	120
227	136
227	189
227	205
227	230
227	242
227	243
227	246
227	251
227	260
227	281
227	296
227	300
228	18
228	100
228	108
228	110
228	115
228	199
228	205
228	212
228	215
228	241
228	253
228	260
228	271
228	274
228	291
229	43
229	72
229	91
229	105
229	125
229	143
229	149
229	200
229	221
229	246
229	261
229	265
229	269
229	287
229	297
230	72
230	79
230	163
230	194
230	198
230	207
230	222
230	229
230	238
230	242
230	243
230	280
230	285
230	289
230	295
231	33
231	75
231	104
231	145
231	170
231	201
231	202
231	206
231	240
231	269
231	281
231	283
231	284
231	288
231	294
232	13
232	24
232	34
232	38
232	48
232	71
232	89
232	101
232	235
232	239
232	243
232	287
232	289
232	291
232	292
233	68
233	95
233	99
233	122
233	153
233	154
233	175
233	184
233	213
233	221
233	242
233	248
233	251
233	258
233	290
234	123
234	140
234	173
234	213
234	217
234	229
234	231
234	233
234	244
234	254
234	268
234	271
234	282
234	295
234	297
235	20
235	24
235	29
235	38
235	68
235	133
235	173
235	199
235	201
235	225
235	237
235	272
235	286
235	293
235	299
236	8
236	40
236	62
236	73
236	119
236	179
236	202
236	213
236	231
236	246
236	267
236	272
236	277
236	280
236	285
237	39
237	100
237	108
237	117
237	180
237	182
237	187
237	209
237	213
237	229
237	263
237	288
237	291
237	293
237	295
238	8
238	17
238	29
238	149
238	161
238	174
238	177
238	191
238	232
238	234
238	239
238	274
238	291
238	292
238	300
239	38
239	52
239	161
239	193
239	194
239	242
239	248
239	262
239	270
239	272
239	276
239	284
239	291
239	296
239	297
240	14
240	101
240	157
240	173
240	202
240	225
240	241
240	245
240	251
240	259
240	264
240	265
240	281
240	283
240	294
241	105
241	112
241	125
241	145
241	152
241	165
241	171
241	183
241	195
241	215
241	229
241	242
241	255
241	267
241	296
242	78
242	107
242	122
242	168
242	175
242	198
242	227
242	254
242	262
242	263
242	264
242	265
242	274
242	276
242	280
243	92
243	120
243	181
243	191
243	211
243	215
243	244
243	245
243	264
243	266
243	267
243	276
243	290
243	298
243	299
244	6
244	21
244	42
244	63
244	65
244	141
244	157
244	160
244	165
244	175
244	211
244	256
244	259
244	298
244	300
245	61
245	69
245	117
245	124
245	156
245	165
245	239
245	243
245	246
245	256
245	275
245	280
245	293
245	298
245	300
246	57
246	125
246	173
246	177
246	186
246	221
246	222
246	225
246	253
246	264
246	271
246	284
246	287
246	298
246	300
247	63
247	78
247	90
247	108
247	113
247	136
247	139
247	161
247	173
247	239
247	261
247	277
247	281
247	283
247	284
248	91
248	103
248	181
248	233
248	234
248	249
248	257
248	264
248	268
248	279
248	283
248	289
248	295
248	297
248	299
249	21
249	61
249	68
249	86
249	209
249	222
249	226
249	250
249	251
249	252
249	257
249	266
249	286
249	295
249	299
250	7
250	13
250	55
250	79
250	84
250	126
250	163
250	165
250	215
250	225
250	268
250	275
250	281
250	285
250	295
251	20
251	98
251	144
251	192
251	219
251	221
251	245
251	246
251	257
251	264
251	269
251	286
251	289
251	292
251	297
252	31
252	53
252	68
252	74
252	78
252	109
252	120
252	126
252	173
252	179
252	195
252	222
252	224
252	288
252	294
253	25
253	37
253	49
253	52
253	80
253	87
253	128
253	209
253	240
253	261
253	266
253	267
253	276
253	285
253	294
254	3
254	27
254	106
254	108
254	134
254	194
254	207
254	230
254	250
254	259
254	262
254	263
254	265
254	267
254	289
255	13
255	14
255	61
255	94
255	110
255	135
255	139
255	153
255	208
255	212
255	227
255	259
255	263
255	271
255	280
256	15
256	40
256	104
256	157
256	158
256	167
256	172
256	210
256	211
256	235
256	258
256	263
256	286
256	295
256	296
257	38
257	43
257	45
257	83
257	100
257	102
257	191
257	242
257	243
257	268
257	278
257	282
257	285
257	287
257	297
258	42
258	56
258	58
258	70
258	76
258	107
258	124
258	169
258	171
258	177
258	189
258	256
258	263
258	277
258	292
259	16
259	64
259	88
259	147
259	183
259	260
259	275
259	279
259	281
259	282
259	289
259	295
259	297
259	298
259	299
260	11
260	41
260	121
260	122
260	158
260	165
260	202
260	211
260	222
260	230
260	239
260	262
260	287
260	299
261	25
261	57
261	74
261	79
261	116
261	130
261	170
261	175
261	191
261	252
261	253
261	256
261	266
261	295
262	53
262	54
262	75
262	86
262	138
262	157
262	184
262	228
262	242
262	251
262	257
262	288
262	295
262	298
263	54
263	82
263	86
263	103
263	105
263	134
263	160
263	174
263	221
263	256
263	258
263	276
263	277
263	287
264	33
264	54
264	87
264	146
264	160
264	176
264	219
264	233
264	245
264	259
264	267
264	279
264	286
264	299
265	32
265	46
265	64
265	158
265	174
265	200
265	218
265	224
265	229
265	234
265	274
265	289
265	290
265	297
266	65
266	85
266	137
266	141
266	167
266	182
266	189
266	232
266	247
266	249
266	253
266	261
266	287
266	299
267	12
267	115
267	142
267	155
267	182
267	185
267	199
267	218
267	249
267	273
267	279
267	282
267	298
267	299
268	30
268	43
268	70
268	163
268	182
268	252
268	259
268	276
268	279
268	281
268	282
268	287
268	291
268	300
269	36
269	83
269	124
269	158
269	168
269	190
269	207
269	210
269	217
269	221
269	258
269	281
269	284
269	287
270	38
270	132
270	156
270	239
270	247
270	249
270	264
270	268
270	269
270	285
270	288
270	292
270	296
270	298
271	8
271	20
271	32
271	48
271	63
271	104
271	144
271	203
271	250
271	268
271	283
271	289
271	294
271	299
272	35
272	95
272	179
272	189
272	199
272	228
272	234
272	259
272	261
272	263
272	279
272	282
272	297
272	298
273	26
273	49
273	79
273	172
273	202
273	213
273	225
273	232
273	240
273	265
273	268
273	271
273	275
273	294
274	25
274	29
274	60
274	124
274	147
274	159
274	170
274	254
274	266
274	283
274	291
274	292
274	295
274	298
275	35
275	70
275	98
275	207
275	212
275	245
275	253
275	268
275	270
275	274
275	279
275	285
275	298
275	300
276	6
276	45
276	55
276	97
276	99
276	103
276	147
276	166
276	227
276	236
276	247
276	253
276	262
276	295
277	7
277	28
277	71
277	131
277	137
277	200
277	225
277	228
277	276
277	284
277	286
277	290
277	294
277	299
278	43
278	90
278	145
278	148
278	196
278	213
278	228
278	240
278	254
278	273
278	275
278	297
278	299
278	300
279	41
279	82
279	116
279	120
279	147
279	164
279	204
279	206
279	221
279	268
279	284
279	288
279	290
279	298
280	34
280	70
280	85
280	104
280	126
280	173
280	187
280	271
280	272
280	274
280	282
280	289
280	290
280	300
281	13
281	26
281	33
281	101
281	156
281	183
281	231
281	234
281	240
281	246
281	266
281	273
281	283
281	300
282	1
282	77
282	109
282	142
282	154
282	157
282	207
282	218
282	220
282	225
282	248
282	262
282	280
282	294
283	36
283	126
283	177
283	178
283	231
283	240
283	266
283	268
283	273
283	278
283	282
283	289
283	294
283	295
284	11
284	47
284	90
284	143
284	179
284	229
284	236
284	246
284	257
284	269
284	272
284	276
284	283
284	297
285	88
285	96
285	106
285	149
285	155
285	225
285	244
285	247
285	248
285	260
285	267
285	274
285	290
285	294
286	48
286	62
286	113
286	118
286	196
286	234
286	248
286	249
286	252
286	260
286	271
286	278
286	282
286	299
287	11
287	15
287	53
287	57
287	122
287	131
287	133
287	193
287	210
287	236
287	246
287	276
287	294
287	297
288	85
288	139
288	161
288	166
288	170
288	186
288	215
288	242
288	260
288	262
288	272
288	275
288	285
288	291
289	21
289	59
289	126
289	157
289	159
289	171
289	184
289	199
289	241
289	259
289	268
289	272
289	280
289	299
290	40
290	62
290	63
290	80
290	104
290	129
290	144
290	180
290	190
290	192
290	249
290	262
290	282
290	295
291	3
291	122
291	158
291	162
291	167
291	184
291	200
291	270
291	274
291	277
291	282
291	284
291	285
291	292
292	26
292	51
292	89
292	91
292	125
292	162
292	200
292	217
292	278
292	282
292	289
292	291
292	299
292	300
293	9
293	46
293	58
293	77
293	119
293	149
293	175
293	220
293	223
293	224
293	259
293	260
293	263
293	297
294	15
294	43
294	140
294	142
294	145
294	206
294	225
294	251
294	258
294	265
294	276
294	280
294	281
294	283
295	20
295	25
295	33
295	139
295	188
295	209
295	219
295	230
295	246
295	268
295	279
295	280
295	290
295	291
296	19
296	48
296	94
296	106
296	132
296	144
296	161
296	165
296	186
296	260
296	272
296	279
296	285
296	290
297	60
297	85
297	88
297	116
297	151
297	152
297	190
297	204
297	233
297	249
297	261
297	272
297	273
297	283
298	22
298	55
298	96
298	114
298	178
298	189
298	230
298	234
298	252
298	253
298	254
298	272
298	281
298	294
299	80
299	81
299	148
299	184
299	216
299	233
299	239
299	242
299	243
299	257
299	265
299	278
299	280
299	290
300	5
300	93
300	110
300	132
300	146
300	244
300	245
300	248
300	250
300	259
300	262
300	275
300	276
300	296
