in-degree distribution (probability density function of the degree in logarithmic bins) 
17.4627	0.147058
19.3778	0.0906701
21	0.0314441
22.3793	0.049241
25.25	0.0623488
27.4348	0.0329105
29.3846	0.0170761
31.7917	0.0289398
35.1538	0.0143902
38.4483	0.0294687

in-degree distribution (degree-occurrences) 
17	0.12
18	0.103333
19	0.0933333
20	0.0566667
21	0.0566667
22	0.06
23	0.0366667
24	0.03
25	0.04
26	0.0633333
27	0.0433333
28	0.0333333
29	0.0266667
30	0.0166667
31	0.0366667
32	0.0233333
33	0.02
34	0.0133333
35	0.01
36	0.02
37	0.03
38	0.02
39	0.02
40	0.0266667


--------------------------------------
out-degree distribution (probability density function of the degree in logarithmic bins) 
24	3.19164
25	6.71467

out-degree distribution (degree-occurrences) 
24	0.313333
25	0.686667


--------------------------------------
community distribution (size-occurrences)
25	0.111111
26	0.111111
29	0.111111
32	0.111111
33	0.111111
34	0.111111
39	0.111111
40	0.111111
42	0.111111


--------------------------------------
mixing parameter (in-links)
0.262831	0.0233333
0.269231	0.0233333
0.272727	0.02
0.277471	0.0833333
0.28065	0.0466667
0.285714	0.0666667
0.290776	0.0566667
0.295024	0.17
0.3	0.1
0.304388	0.0633333
0.308223	0.0666667
0.315374	0.103333
0.318586	0.06
0.32269	0.03
0.333333	0.0666667
0.352941	0.02

--------------------------------------
mixing parameter (out-links)
0.0833333	0.00333333
0.164444	0.02
0.20463	0.03
0.245238	0.07
0.28	0.266667
0.291667	0.16
0.32	0.273333
0.333333	0.06
0.36	0.0633333
0.375	0.0166667
0.4	0.0233333
0.416667	0.00333333
0.446111	0.01

--------------------------------------
