1	49
1	64
1	79
1	130
1	141
1	145
1	161
1	169
1	171
1	173
1	180
1	186
1	187
1	188
1	197
1	211
1	216
1	237
1	247
1	253
1	266
1	275
1	276
1	277
1	279
2	3
2	15
2	23
2	50
2	58
2	74
2	83
2	90
2	102
2	113
2	156
2	185
2	193
2	194
2	201
2	222
2	246
2	257
2	258
2	262
2	272
2	276
2	280
2	284
2	294
3	25
3	33
3	74
3	83
3	102
3	106
3	109
3	142
3	144
3	145
3	156
3	171
3	179
3	193
3	199
3	225
3	257
3	262
3	272
3	276
3	284
3	286
3	292
3	294
3	298
4	18
4	44
4	51
4	52
4	65
4	69
4	72
4	76
4	111
4	143
4	190
4	208
4	209
4	210
4	211
4	216
4	221
4	230
4	234
4	246
4	260
4	261
4	264
4	285
4	293
5	10
5	14
5	33
5	45
5	47
5	48
5	88
5	112
5	135
5	150
5	152
5	158
5	163
5	164
5	172
5	181
5	184
5	185
5	213
5	216
5	223
5	226
5	230
5	285
5	291
6	8
6	36
6	43
6	54
6	57
6	80
6	100
6	115
6	139
6	157
6	176
6	177
6	189
6	201
6	214
6	228
6	233
6	256
6	269
6	278
6	283
6	290
6	296
6	297
6	300
7	3
7	15
7	51
7	58
7	62
7	77
7	94
7	102
7	113
7	131
7	133
7	134
7	167
7	193
7	241
7	250
7	262
7	272
7	276
7	279
7	281
7	286
7	294
7	298
7	300
8	5
8	37
8	65
8	80
8	87
8	110
8	116
8	134
8	148
8	165
8	176
8	177
8	188
8	192
8	201
8	206
8	233
8	242
8	259
8	264
8	269
8	273
8	282
8	290
8	297
9	21
9	23
9	28
9	31
9	39
9	66
9	68
9	72
9	82
9	95
9	101
9	103
9	114
9	115
9	120
9	121
9	125
9	142
9	176
9	235
9	240
9	282
9	292
9	295
9	299
10	5
10	46
10	47
10	84
10	88
10	108
10	150
10	155
10	158
10	160
10	172
10	181
10	183
10	184
10	204
10	213
10	226
10	227
10	230
10	232
10	239
10	244
10	258
10	286
10	289
11	5
11	13
11	75
11	103
11	116
11	170
11	189
11	200
11	207
11	212
11	214
11	221
11	229
11	234
11	238
11	241
11	252
11	266
11	267
11	268
11	269
11	277
11	281
11	283
11	291
12	22
12	27
12	38
12	59
12	86
12	122
12	129
12	146
12	160
12	168
12	174
12	175
12	190
12	206
12	212
12	221
12	222
12	227
12	253
12	254
12	276
12	277
12	278
12	281
12	288
13	1
13	17
13	109
13	114
13	139
13	140
13	152
13	168
13	170
13	191
13	198
13	200
13	207
13	211
13	238
13	241
13	244
13	252
13	268
13	274
13	277
13	283
13	286
13	289
13	291
14	28
14	42
14	48
14	55
14	71
14	105
14	117
14	121
14	136
14	178
14	195
14	197
14	216
14	218
14	227
14	243
14	251
14	259
14	265
14	271
14	280
14	281
14	289
14	292
14	297
15	2
15	25
15	36
15	55
15	66
15	83
15	102
15	131
15	133
15	145
15	155
15	156
15	167
15	194
15	206
15	250
15	257
15	262
15	272
15	276
15	277
15	284
15	286
15	294
15	298
16	18
16	24
16	62
16	69
16	70
16	97
16	111
16	151
16	210
16	211
16	214
16	217
16	221
16	240
16	246
16	248
16	260
16	262
16	264
16	266
16	270
16	280
16	285
16	293
16	295
17	38
17	73
17	89
17	92
17	114
17	116
17	124
17	140
17	152
17	198
17	200
17	207
17	214
17	225
17	229
17	238
17	241
17	252
17	266
17	267
17	268
17	277
17	283
17	291
17	299
18	24
18	28
18	30
18	48
18	65
18	70
18	86
18	91
18	97
18	111
18	118
18	146
18	157
18	162
18	208
18	210
18	211
18	224
18	229
18	246
18	248
18	251
18	260
18	285
18	297
19	34
19	39
19	61
19	68
19	72
19	89
19	95
19	109
19	125
19	155
19	183
19	196
19	210
19	215
19	219
19	223
19	233
19	239
19	266
19	274
19	279
19	282
19	292
19	296
19	299
20	6
20	8
20	25
20	28
20	67
20	76
20	119
20	137
20	148
20	157
20	177
20	190
20	192
20	201
20	242
20	243
20	246
20	256
20	269
20	271
20	279
20	290
20	296
20	297
20	300
21	19
21	23
21	29
21	34
21	47
21	61
21	72
21	89
21	120
21	127
21	154
21	183
21	196
21	202
21	223
21	249
21	250
21	259
21	268
21	274
21	279
21	281
21	282
21	289
21	292
22	49
22	85
22	86
22	92
22	99
22	100
22	116
22	132
22	135
22	144
22	160
22	168
22	174
22	175
22	190
22	212
22	222
22	231
22	246
22	259
22	261
22	264
22	278
22	284
22	288
23	8
23	9
23	21
23	29
23	57
23	61
23	72
23	82
23	84
23	89
23	118
23	125
23	159
23	202
23	219
23	225
23	240
23	249
23	258
23	264
23	274
23	282
23	288
23	295
23	296
24	4
24	18
24	30
24	44
24	47
24	50
24	65
24	69
24	94
24	107
24	149
24	192
24	210
24	213
24	217
24	221
24	224
24	226
24	233
24	234
24	239
24	246
24	248
24	270
24	295
25	7
25	16
25	47
25	83
25	102
25	105
25	123
25	128
25	144
25	145
25	156
25	167
25	177
25	190
25	193
25	194
25	250
25	262
25	272
25	276
25	284
25	286
25	294
25	295
25	298
26	2
26	32
26	46
26	55
26	78
26	79
26	133
26	150
26	161
26	166
26	169
26	171
26	173
26	180
26	186
26	187
26	205
26	237
26	243
26	247
26	253
26	255
26	275
26	279
26	300
27	6
27	13
27	22
27	43
27	59
27	84
27	92
27	100
27	129
27	132
27	135
27	160
27	175
27	181
27	184
27	190
27	206
27	210
27	220
27	226
27	232
27	254
27	259
27	278
27	288
28	21
28	33
28	37
28	40
28	50
28	55
28	65
28	70
28	88
28	104
28	111
28	143
28	147
28	151
28	171
28	209
28	211
28	221
28	224
28	227
28	234
28	236
28	246
28	251
28	285
29	9
29	90
29	101
29	103
29	115
29	120
29	125
29	131
29	142
29	162
29	182
29	194
29	196
29	199
29	211
29	217
29	223
29	240
29	258
29	274
29	279
29	288
29	292
29	297
29	299
30	18
30	39
30	50
30	68
30	86
30	91
30	111
30	127
30	137
30	143
30	147
30	203
30	210
30	211
30	221
30	224
30	236
30	248
30	250
30	260
30	261
30	264
30	291
30	293
30	300
31	6
31	20
31	21
31	37
31	44
31	54
31	67
31	119
31	134
31	137
31	162
31	165
31	176
31	192
31	201
31	219
31	233
31	245
31	256
31	263
31	269
31	273
31	295
31	296
31	300
32	26
32	78
32	95
32	96
32	98
32	129
32	130
32	141
32	161
32	169
32	171
32	173
32	180
32	182
32	186
32	188
32	209
32	237
32	247
32	248
32	253
32	255
32	275
32	278
32	295
33	4
33	12
33	24
33	28
33	62
33	70
33	147
33	200
33	210
33	211
33	221
33	224
33	236
33	242
33	244
33	246
33	248
33	251
33	260
33	261
33	268
33	285
33	289
33	293
33	294
34	9
34	11
34	23
34	39
34	61
34	105
34	115
34	116
34	117
34	120
34	125
34	142
34	199
34	202
34	219
34	240
34	249
34	258
34	270
34	274
34	279
34	282
34	291
34	295
34	299
35	9
35	12
35	22
35	27
35	29
35	42
35	46
35	128
35	129
35	135
35	140
35	146
35	168
35	175
35	190
35	196
35	204
35	206
35	220
35	222
35	245
35	255
35	267
35	278
35	288
36	14
36	19
36	20
36	68
36	80
36	98
36	100
36	110
36	137
36	157
36	177
36	201
36	203
36	218
36	232
36	242
36	245
36	256
36	269
36	273
36	276
36	290
36	296
36	297
36	299
37	6
37	60
37	67
37	68
37	87
37	92
37	110
37	122
37	134
37	137
37	156
37	166
37	192
37	201
37	206
37	233
37	235
37	242
37	255
37	256
37	269
37	273
37	286
37	297
37	300
38	44
38	53
38	56
38	62
38	85
38	128
38	129
38	132
38	135
38	140
38	160
38	196
38	204
38	208
38	212
38	223
38	231
38	235
38	238
38	254
38	256
38	259
38	278
38	280
38	288
39	23
39	72
39	80
39	86
39	101
39	103
39	118
39	119
39	125
39	154
39	162
39	202
39	203
39	219
39	221
39	249
39	258
39	274
39	279
39	282
39	283
39	286
39	292
39	295
39	299
40	3
40	7
40	48
40	74
40	77
40	140
40	143
40	144
40	166
40	167
40	179
40	193
40	198
40	223
40	250
40	257
40	262
40	268
40	272
40	276
40	284
40	286
40	293
40	294
40	298
41	2
41	10
41	45
41	47
41	49
41	71
41	88
41	108
41	112
41	117
41	155
41	158
41	163
41	172
41	181
41	184
41	185
41	213
41	230
41	231
41	232
41	239
41	264
41	278
41	281
42	57
42	117
42	123
42	126
42	131
42	132
42	139
42	195
42	199
42	209
42	216
42	218
42	227
42	234
42	235
42	243
42	244
42	263
42	265
42	271
42	281
42	283
42	287
42	289
42	291
43	17
43	20
43	37
43	67
43	76
43	100
43	122
43	126
43	159
43	165
43	177
43	192
43	203
43	208
43	228
43	233
43	244
43	245
43	251
43	255
43	269
43	273
43	293
43	296
43	300
44	18
44	30
44	33
44	65
44	83
44	104
44	127
44	147
44	149
44	168
44	209
44	210
44	211
44	217
44	227
44	234
44	246
44	251
44	253
44	257
44	270
44	277
44	293
44	294
44	295
45	63
45	69
45	78
45	88
45	103
45	108
45	113
45	150
45	155
45	158
45	164
45	170
45	172
45	181
45	185
45	196
45	213
45	226
45	227
45	230
45	232
45	239
45	263
45	288
45	290
46	26
46	27
46	78
46	79
46	108
46	117
46	167
46	169
46	171
46	178
46	179
46	180
46	182
46	186
46	187
46	188
46	205
46	207
46	222
46	237
46	247
46	253
46	255
46	275
46	286
47	41
47	45
47	46
47	48
47	52
47	62
47	90
47	93
47	97
47	112
47	158
47	163
47	164
47	172
47	181
47	184
47	185
47	213
47	226
47	230
47	232
47	239
47	242
47	261
47	299
48	10
48	11
48	47
48	70
48	88
48	112
48	147
48	150
48	155
48	158
48	163
48	164
48	181
48	184
48	185
48	213
48	226
48	230
48	231
48	232
48	239
48	252
48	277
48	287
48	289
49	10
49	45
49	47
49	48
49	56
49	63
49	77
49	85
49	108
49	155
49	158
49	179
49	181
49	184
49	185
49	197
49	213
49	226
49	230
49	232
49	237
49	239
49	273
49	286
49	294
50	16
50	33
50	64
50	70
50	86
50	104
50	111
50	114
50	124
50	147
50	149
50	151
50	166
50	208
50	209
50	234
50	236
50	248
50	251
50	265
50	269
50	270
50	278
50	285
50	293
51	10
51	48
51	59
51	66
51	71
51	81
51	82
51	105
51	117
51	153
51	197
51	215
51	218
51	235
51	241
51	243
51	259
51	263
51	265
51	271
51	280
51	281
51	287
51	289
51	300
52	19
52	32
52	34
52	37
52	72
52	95
52	97
52	99
52	118
52	120
52	125
52	142
52	154
52	162
52	183
52	202
52	209
52	225
52	243
52	258
52	274
52	282
52	287
52	292
52	296
53	13
53	38
53	59
53	106
53	129
53	132
53	146
53	160
53	168
53	174
53	175
53	180
53	204
53	212
53	222
53	230
53	231
53	232
53	238
53	254
53	257
53	259
53	278
53	283
53	288
54	20
54	21
54	36
54	43
54	110
54	119
54	134
54	148
54	166
54	172
54	191
54	201
54	206
54	228
54	230
54	233
54	242
54	265
54	269
54	273
54	279
54	290
54	296
54	297
54	300
55	1
55	20
55	26
55	32
55	64
55	69
55	78
55	96
55	139
55	141
55	161
55	169
55	171
55	186
55	187
55	188
55	237
55	244
55	247
55	253
55	255
55	269
55	272
55	275
55	283
56	2
56	33
56	59
56	93
56	100
56	109
56	129
56	132
56	138
56	140
56	153
56	168
56	174
56	175
56	190
56	204
56	206
56	212
56	222
56	231
56	243
56	259
56	278
56	283
56	288
57	20
57	51
57	60
57	106
57	116
57	121
57	126
57	132
57	136
57	153
57	178
57	215
57	216
57	220
57	235
57	243
57	254
57	260
57	263
57	265
57	280
57	281
57	285
57	287
57	289
58	25
58	83
58	90
58	94
58	129
58	131
58	133
58	145
58	167
58	193
58	202
58	203
58	211
58	228
58	245
58	250
58	257
58	258
58	262
58	272
58	276
58	282
58	284
58	294
58	298
59	12
59	22
59	35
59	38
59	44
59	53
59	56
59	76
59	92
59	99
59	129
59	135
59	144
59	160
59	183
59	190
59	220
59	240
59	254
59	259
59	278
59	285
59	288
59	297
59	299
60	14
60	80
60	82
60	92
60	110
60	121
60	123
60	126
60	153
60	159
60	195
60	203
60	209
60	215
60	227
60	243
60	244
60	260
60	263
60	265
60	271
60	280
60	281
60	287
60	289
61	9
61	52
61	68
61	71
61	93
61	95
61	125
61	140
61	142
61	144
61	164
61	165
61	183
61	196
61	202
61	219
61	223
61	238
61	249
61	258
61	273
61	274
61	279
61	292
61	299
62	16
62	30
62	77
62	91
62	93
62	101
62	104
62	111
62	112
62	151
62	190
62	210
62	224
62	234
62	236
62	248
62	251
62	257
62	258
62	261
62	264
62	270
62	282
62	285
62	293
63	41
63	53
63	75
63	90
63	94
63	99
63	111
63	112
63	126
63	150
63	155
63	158
63	172
63	181
63	184
63	185
63	208
63	213
63	226
63	230
63	232
63	237
63	239
63	262
63	265
64	4
64	12
64	21
64	26
64	32
64	46
64	55
64	79
64	93
64	96
64	129
64	163
64	171
64	173
64	182
64	186
64	187
64	205
64	237
64	247
64	250
64	253
64	255
64	274
64	275
65	4
65	28
65	29
65	43
65	70
65	75
65	84
65	111
65	143
65	147
65	149
65	179
65	183
65	208
65	209
65	221
65	224
65	229
65	251
65	255
65	260
65	264
65	270
65	290
65	293
66	19
66	23
66	73
66	102
66	103
66	115
66	120
66	162
66	187
66	219
66	225
66	240
66	247
66	249
66	252
66	258
66	262
66	274
66	279
66	282
66	288
66	290
66	292
66	299
66	300
67	6
67	20
67	31
67	43
67	80
67	87
67	110
67	127
67	157
67	165
67	167
67	169
67	175
67	177
67	192
67	206
67	217
67	228
67	256
67	261
67	269
67	273
67	290
67	296
67	297
68	21
68	34
68	39
68	51
68	66
68	89
68	92
68	110
68	112
68	142
68	154
68	184
68	196
68	201
68	202
68	223
68	225
68	243
68	249
68	258
68	268
68	279
68	292
68	295
68	299
69	6
69	28
69	33
69	50
69	70
69	88
69	91
69	107
69	123
69	127
69	147
69	151
69	156
69	164
69	189
69	209
69	211
69	221
69	224
69	238
69	248
69	251
69	260
69	261
69	294
70	8
70	17
70	24
70	28
70	62
70	91
70	101
70	107
70	143
70	147
70	151
70	154
70	208
70	217
70	230
70	234
70	236
70	239
70	246
70	251
70	261
70	264
70	267
70	270
70	293
71	4
71	51
71	87
71	105
71	106
71	121
71	123
71	124
71	126
71	136
71	153
71	163
71	180
71	187
71	204
71	215
71	216
71	218
71	243
71	263
71	265
71	271
71	281
71	287
71	289
72	9
72	11
72	17
72	19
72	23
72	35
72	42
72	52
72	68
72	89
72	115
72	174
72	217
72	219
72	220
72	223
72	225
72	240
72	249
72	256
72	258
72	279
72	282
72	295
72	299
73	17
73	67
73	75
73	116
73	120
73	124
73	139
73	152
73	189
73	199
73	207
73	214
73	229
73	238
73	241
73	242
73	244
73	252
73	266
73	267
73	268
73	277
73	283
73	285
73	291
74	2
74	3
74	7
74	15
74	25
74	40
74	113
74	131
74	134
74	144
74	156
74	182
74	194
74	196
74	214
74	219
74	224
74	250
74	251
74	257
74	276
74	284
74	286
74	294
74	298
75	11
75	17
75	31
75	39
75	73
75	120
75	124
75	139
75	152
75	170
75	191
75	198
75	217
75	229
75	235
75	241
75	244
75	252
75	266
75	267
75	268
75	277
75	280
75	283
75	291
76	10
76	36
76	60
76	67
76	71
76	81
76	87
76	98
76	110
76	134
76	142
76	163
76	166
76	176
76	177
76	192
76	194
76	201
76	242
76	256
76	269
76	273
76	296
76	297
76	300
77	2
77	15
77	74
77	83
77	90
77	94
77	113
77	119
77	131
77	155
77	169
77	175
77	193
77	194
77	228
77	251
77	262
77	272
77	276
77	283
77	284
77	286
77	294
77	298
77	300
78	1
78	25
78	32
78	46
78	52
78	55
78	76
78	96
78	130
78	141
78	173
78	180
78	182
78	186
78	187
78	205
78	236
78	237
78	253
78	255
78	259
78	260
78	275
78	287
78	295
79	46
79	55
79	64
79	118
79	120
79	130
79	141
79	161
79	169
79	171
79	173
79	180
79	186
79	187
79	202
79	222
79	231
79	237
79	247
79	253
79	255
79	275
79	276
79	277
79	297
80	31
80	45
80	69
80	98
80	100
80	119
80	134
80	176
80	177
80	190
80	201
80	203
80	217
80	228
80	233
80	248
80	251
80	266
80	269
80	273
80	290
80	296
80	297
80	298
80	300
81	14
81	39
81	42
81	51
81	82
81	106
81	112
81	117
81	187
81	195
81	215
81	216
81	227
81	235
81	236
81	263
81	265
81	274
81	275
81	280
81	281
81	287
81	289
81	297
81	298
82	51
82	60
82	66
82	71
82	81
82	106
82	126
82	136
82	159
82	173
82	178
82	216
82	227
82	234
82	241
82	243
82	251
82	259
82	263
82	265
82	271
82	280
82	281
82	287
82	289
83	2
83	3
83	25
83	40
83	58
83	95
83	113
83	145
83	156
83	166
83	167
83	179
83	194
83	209
83	219
83	250
83	257
83	262
83	263
83	272
83	284
83	286
83	293
83	294
83	298
84	16
84	24
84	25
84	30
84	33
84	50
84	65
84	69
84	107
84	127
84	141
84	160
84	208
84	211
84	221
84	244
84	251
84	255
84	258
84	261
84	264
84	270
84	271
84	285
84	296
85	26
85	35
85	56
85	59
85	75
85	89
85	92
85	128
85	135
85	140
85	170
85	175
85	190
85	204
85	212
85	220
85	228
85	231
85	249
85	254
85	259
85	266
85	278
85	285
85	297
86	16
86	33
86	51
86	65
86	69
86	84
86	110
86	113
86	127
86	147
86	151
86	183
86	204
86	208
86	210
86	211
86	217
86	236
86	240
86	260
86	261
86	270
86	276
86	285
86	293
87	6
87	23
87	54
87	80
87	98
87	100
87	119
87	122
87	134
87	148
87	166
87	176
87	185
87	233
87	237
87	242
87	253
87	256
87	258
87	272
87	273
87	277
87	296
87	297
87	300
88	10
88	45
88	47
88	48
88	63
88	79
88	109
88	112
88	150
88	155
88	163
88	164
88	166
88	172
88	181
88	184
88	185
88	195
88	226
88	230
88	232
88	237
88	239
88	254
88	262
89	19
89	20
89	29
89	68
89	90
89	93
89	96
89	97
89	101
89	103
89	109
89	115
89	117
89	118
89	162
89	202
89	223
89	240
89	241
89	257
89	274
89	284
89	288
89	295
89	297
90	3
90	7
90	12
90	24
90	40
90	67
90	77
90	94
90	102
90	105
90	113
90	131
90	144
90	167
90	182
90	224
90	232
90	250
90	257
90	272
90	276
90	284
90	286
90	294
90	298
91	24
91	32
91	44
91	50
91	62
91	69
91	104
91	151
91	186
91	201
91	204
91	209
91	211
91	217
91	219
91	224
91	236
91	246
91	248
91	252
91	260
91	270
91	285
91	289
91	292
92	12
92	26
92	27
92	34
92	35
92	56
92	59
92	99
92	127
92	135
92	160
92	174
92	181
92	182
92	201
92	204
92	206
92	222
92	226
92	231
92	254
92	257
92	259
92	278
92	288
93	39
93	58
93	95
93	97
93	115
93	125
93	154
93	178
93	193
93	202
93	205
93	216
93	223
93	239
93	240
93	241
93	245
93	249
93	265
93	274
93	279
93	282
93	292
93	295
93	299
94	6
94	7
94	20
94	40
94	70
94	83
94	85
94	102
94	131
94	133
94	138
94	145
94	156
94	179
94	193
94	216
94	250
94	257
94	261
94	262
94	272
94	276
94	286
94	294
94	298
95	19
95	52
95	61
95	72
95	77
95	93
95	101
95	108
95	129
95	136
95	162
95	167
95	182
95	196
95	219
95	223
95	225
95	240
95	260
95	271
95	274
95	279
95	282
95	292
95	295
96	1
96	6
96	32
96	64
96	78
96	79
96	95
96	130
96	136
96	141
96	161
96	173
96	184
96	187
96	188
96	196
96	200
96	205
96	211
96	237
96	240
96	247
96	253
96	255
96	275
97	19
97	21
97	23
97	34
97	39
97	55
97	61
97	68
97	101
97	103
97	115
97	128
97	131
97	146
97	183
97	201
97	223
97	241
97	246
97	258
97	267
97	279
97	295
97	299
97	300
98	6
98	8
98	36
98	47
98	100
98	119
98	134
98	137
98	145
98	165
98	166
98	170
98	192
98	201
98	228
98	232
98	245
98	256
98	263
98	269
98	273
98	278
98	290
98	298
98	300
99	35
99	51
99	53
99	59
99	85
99	123
99	128
99	155
99	157
99	160
99	168
99	174
99	175
99	190
99	206
99	222
99	231
99	254
99	270
99	276
99	278
99	284
99	288
99	298
99	300
100	61
100	67
100	94
100	110
100	122
100	134
100	137
100	151
100	157
100	164
100	165
100	203
100	223
100	228
100	242
100	245
100	252
100	256
100	260
100	264
100	273
100	290
100	296
100	297
100	300
101	8
101	9
101	62
101	66
101	68
101	69
101	84
101	89
101	103
101	142
101	158
101	162
101	164
101	183
101	185
101	197
101	202
101	225
101	240
101	249
101	274
101	282
101	292
101	295
101	299
102	2
102	7
102	25
102	40
102	51
102	58
102	73
102	145
102	160
102	167
102	191
102	193
102	194
102	198
102	233
102	250
102	253
102	257
102	261
102	262
102	272
102	276
102	284
102	286
102	298
103	21
103	26
103	34
103	61
103	93
103	101
103	120
103	136
103	155
103	162
103	183
103	192
103	193
103	196
103	201
103	210
103	219
103	222
103	225
103	240
103	249
103	258
103	282
103	292
103	295
104	4
104	24
104	27
104	69
104	84
104	86
104	107
104	126
104	127
104	149
104	151
104	180
104	204
104	209
104	211
104	214
104	221
104	251
104	253
104	260
104	261
104	270
104	285
104	288
104	293
105	40
105	42
105	51
105	60
105	81
105	121
105	123
105	159
105	168
105	178
105	194
105	195
105	197
105	199
105	205
105	215
105	218
105	227
105	235
105	247
105	250
105	265
105	269
105	280
105	281
106	14
106	36
106	42
106	71
106	77
106	103
106	105
106	123
106	158
106	159
106	178
106	195
106	199
106	218
106	220
106	227
106	231
106	235
106	243
106	263
106	265
106	271
106	280
106	281
106	283
107	32
107	36
107	62
107	69
107	78
107	84
107	111
107	122
107	127
107	149
107	209
107	221
107	224
107	234
107	236
107	246
107	251
107	253
107	256
107	260
107	264
107	273
107	285
107	293
107	294
108	5
108	10
108	11
108	41
108	49
108	63
108	68
108	88
108	96
108	112
108	149
108	150
108	155
108	163
108	164
108	172
108	181
108	184
108	213
108	226
108	227
108	230
108	239
108	275
108	276
109	17
109	18
109	24
109	73
109	114
109	127
109	152
109	170
109	189
109	191
109	198
109	200
109	207
109	214
109	229
109	238
109	241
109	252
109	257
109	266
109	267
109	277
109	283
109	291
109	293
110	8
110	38
110	76
110	87
110	100
110	104
110	113
110	122
110	138
110	148
110	157
110	161
110	165
110	166
110	176
110	201
110	203
110	219
110	228
110	242
110	245
110	246
110	273
110	290
110	297
111	28
111	30
111	33
111	44
111	45
111	84
111	91
111	150
111	157
111	158
111	208
111	210
111	234
111	235
111	248
111	250
111	251
111	260
111	261
111	264
111	265
111	270
111	285
111	286
111	293
112	10
112	48
112	63
112	88
112	108
112	135
112	137
112	153
112	164
112	172
112	184
112	185
112	187
112	203
112	213
112	214
112	226
112	230
112	232
112	233
112	239
112	271
112	277
112	283
112	293
113	3
113	7
113	25
113	72
113	77
113	83
113	90
113	133
113	143
113	174
113	179
113	193
113	194
113	250
113	257
113	261
113	262
113	276
113	284
113	286
113	288
113	292
113	294
113	298
113	299
114	11
114	80
114	109
114	124
114	155
114	189
114	191
114	200
114	214
114	219
114	225
114	229
114	238
114	244
114	251
114	252
114	266
114	267
114	268
114	274
114	277
114	283
114	284
114	289
114	291
115	29
115	52
115	66
115	68
115	94
115	118
115	122
115	130
115	154
115	159
115	162
115	183
115	196
115	202
115	220
115	223
115	225
115	240
115	249
115	254
115	264
115	274
115	282
115	295
115	299
116	11
116	71
116	124
116	170
116	189
116	191
116	198
116	200
116	207
116	210
116	214
116	229
116	235
116	238
116	241
116	244
116	252
116	260
116	267
116	268
116	272
116	277
116	283
116	286
116	291
117	14
117	46
117	57
117	60
117	68
117	73
117	82
117	99
117	103
117	126
117	153
117	187
117	195
117	215
117	216
117	218
117	235
117	243
117	262
117	265
117	271
117	280
117	281
117	287
117	289
118	61
118	68
118	72
118	89
118	103
118	105
118	115
118	125
118	142
118	154
118	183
118	195
118	200
118	205
118	219
118	234
118	249
118	258
118	271
118	274
118	282
118	292
118	293
118	295
118	299
119	3
119	20
119	36
119	37
119	39
119	57
119	87
119	100
119	110
119	135
119	156
119	157
119	165
119	166
119	197
119	201
119	202
119	203
119	242
119	245
119	256
119	273
119	290
119	296
119	298
120	12
120	15
120	19
120	21
120	46
120	68
120	92
120	97
120	101
120	118
120	119
120	142
120	154
120	158
120	183
120	219
120	222
120	225
120	274
120	279
120	282
120	290
120	292
120	295
120	299
121	42
121	51
121	57
121	82
121	101
121	106
121	117
121	126
121	136
121	156
121	169
121	192
121	193
121	199
121	206
121	227
121	235
121	243
121	263
121	273
121	280
121	281
121	284
121	287
121	289
122	8
122	17
122	49
122	54
122	67
122	80
122	95
122	110
122	119
122	134
122	137
122	140
122	157
122	165
122	228
122	234
122	242
122	245
122	256
122	258
122	269
122	273
122	290
122	293
122	300
123	55
123	57
123	60
123	71
123	82
123	106
123	121
123	125
123	126
123	136
123	153
123	183
123	196
123	197
123	199
123	215
123	218
123	226
123	235
123	238
123	243
123	263
123	276
123	287
123	289
124	11
124	13
124	17
124	58
124	96
124	109
124	114
124	116
124	152
124	160
124	170
124	184
124	198
124	200
124	207
124	238
124	241
124	244
124	252
124	266
124	267
124	268
124	277
124	283
124	291
125	39
125	72
125	81
125	89
125	93
125	95
125	115
125	142
125	165
125	170
125	196
125	202
125	221
125	240
125	246
125	247
125	258
125	270
125	274
125	275
125	279
125	282
125	292
125	295
125	299
126	60
126	71
126	82
126	105
126	121
126	123
126	136
126	162
126	178
126	183
126	197
126	199
126	215
126	216
126	218
126	227
126	235
126	241
126	247
126	248
126	263
126	271
126	280
126	289
126	300
127	4
127	18
127	44
127	62
127	65
127	84
127	91
127	115
127	117
127	143
127	144
127	149
127	194
127	195
127	209
127	221
127	224
127	234
127	236
127	242
127	260
127	264
127	270
127	290
127	293
128	27
128	35
128	79
128	82
128	92
128	100
128	132
128	135
128	138
128	140
128	146
128	160
128	168
128	181
128	186
128	194
128	204
128	206
128	212
128	220
128	222
128	247
128	254
128	259
128	288
129	12
129	27
129	29
129	37
129	38
129	81
129	92
129	99
129	128
129	138
129	140
129	150
129	152
129	168
129	174
129	204
129	212
129	215
129	220
129	222
129	231
129	254
129	268
129	278
129	300
130	32
130	79
130	111
130	113
130	124
130	141
130	164
130	169
130	171
130	173
130	180
130	182
130	186
130	187
130	188
130	205
130	229
130	237
130	242
130	247
130	253
130	255
130	275
130	280
130	291
131	7
131	40
131	58
131	74
131	77
131	94
131	102
131	144
131	148
131	167
131	171
131	172
131	179
131	193
131	213
131	221
131	233
131	236
131	257
131	262
131	272
131	276
131	284
131	294
131	298
132	12
132	27
132	35
132	59
132	85
132	89
132	108
132	128
132	135
132	140
132	146
132	148
132	174
132	178
132	190
132	204
132	206
132	212
132	218
132	220
132	231
132	249
132	259
132	278
132	284
133	9
133	15
133	57
133	58
133	83
133	90
133	113
133	145
133	147
133	156
133	158
133	176
133	179
133	194
133	226
133	257
133	258
133	262
133	272
133	276
133	284
133	286
133	294
133	298
133	300
134	8
134	23
134	29
134	37
134	54
134	80
134	83
134	100
134	119
134	137
134	148
134	165
134	173
134	176
134	203
134	233
134	237
134	245
134	256
134	273
134	281
134	286
134	290
134	296
134	300
135	36
135	53
135	56
135	59
135	85
135	88
135	107
135	128
135	138
135	146
135	152
135	160
135	167
135	168
135	174
135	175
135	204
135	220
135	222
135	225
135	231
135	254
135	262
135	280
135	288
136	50
136	51
136	54
136	57
136	60
136	80
136	106
136	117
136	123
136	153
136	171
136	178
136	197
136	204
136	207
136	218
136	235
136	243
136	271
136	276
136	279
136	280
136	281
136	287
136	289
137	20
137	31
137	67
137	87
137	98
137	105
137	109
137	122
137	148
137	156
137	159
137	164
137	165
137	171
137	176
137	192
137	203
137	223
137	228
137	233
137	237
137	269
137	273
137	297
137	300
138	6
138	12
138	18
138	22
138	34
138	35
138	38
138	75
138	85
138	92
138	97
138	118
138	133
138	135
138	140
138	168
138	174
138	190
138	212
138	231
138	244
138	259
138	267
138	278
138	280
139	83
139	103
139	109
139	114
139	116
139	130
139	137
139	170
139	189
139	198
139	200
139	207
139	214
139	229
139	238
139	241
139	244
139	249
139	252
139	267
139	268
139	277
139	280
139	283
139	291
140	19
140	25
140	27
140	53
140	61
140	92
140	99
140	132
140	138
140	146
140	149
140	160
140	174
140	175
140	189
140	190
140	204
140	206
140	212
140	220
140	228
140	231
140	245
140	254
140	288
141	1
141	11
141	26
141	30
141	46
141	61
141	64
141	96
141	112
141	130
141	161
141	169
141	173
141	175
141	182
141	188
141	191
141	205
141	214
141	237
141	238
141	247
141	253
141	255
141	275
142	9
142	21
142	23
142	52
142	65
142	84
142	93
142	97
142	103
142	107
142	118
142	121
142	162
142	163
142	172
142	225
142	249
142	258
142	274
142	279
142	282
142	292
142	296
142	298
142	299
143	4
143	24
143	44
143	64
143	69
143	102
143	104
143	106
143	111
143	124
143	127
143	188
143	210
143	211
143	212
143	224
143	234
143	236
143	245
143	246
143	260
143	261
143	264
143	270
143	285
144	3
144	15
144	25
144	60
144	74
144	77
144	90
144	94
144	113
144	119
144	133
144	154
144	167
144	176
144	179
144	194
144	247
144	250
144	257
144	269
144	276
144	278
144	284
144	286
144	298
145	74
145	77
145	94
145	98
145	126
145	133
145	144
145	154
145	179
145	189
145	193
145	194
145	213
145	217
145	220
145	250
145	257
145	262
145	270
145	272
145	276
145	284
145	286
145	294
145	298
146	12
146	27
146	38
146	56
146	59
146	78
146	132
146	140
146	160
146	168
146	174
146	175
146	179
146	185
146	190
146	204
146	206
146	212
146	225
146	236
146	254
146	259
146	277
146	285
146	288
147	7
147	18
147	30
147	49
147	62
147	70
147	107
147	143
147	151
147	163
147	168
147	185
147	186
147	208
147	209
147	210
147	236
147	246
147	248
147	251
147	261
147	267
147	270
147	271
147	285
148	31
148	36
148	40
148	54
148	76
148	87
148	98
148	110
148	122
148	154
148	163
148	165
148	168
148	177
148	192
148	203
148	233
148	242
148	245
148	256
148	260
148	265
148	282
148	296
148	297
149	14
149	18
149	69
149	86
149	111
149	143
149	147
149	171
149	182
149	195
149	208
149	217
149	221
149	223
149	236
149	246
149	248
149	251
149	255
149	260
149	261
149	264
149	269
149	285
149	293
150	5
150	41
150	45
150	47
150	48
150	49
150	88
150	112
150	117
150	122
150	158
150	163
150	164
150	172
150	181
150	220
150	226
150	228
150	232
150	239
150	240
150	245
150	262
150	275
150	286
151	44
151	56
151	62
151	84
151	86
151	107
151	111
151	130
151	137
151	172
151	181
151	203
151	209
151	210
151	233
151	234
151	236
151	248
151	251
151	254
151	261
151	264
151	270
151	285
151	293
152	17
152	19
152	73
152	109
152	116
152	139
152	147
152	171
152	188
152	191
152	198
152	200
152	238
152	241
152	244
152	252
152	266
152	267
152	268
152	275
152	277
152	283
152	288
152	291
152	295
153	8
153	48
153	51
153	63
153	81
153	106
153	117
153	123
153	136
153	150
153	159
153	178
153	197
153	199
153	215
153	216
153	243
153	248
153	263
153	265
153	271
153	280
153	281
153	287
153	289
154	23
154	35
154	39
154	52
154	66
154	95
154	97
154	107
154	118
154	144
154	162
154	191
154	196
154	218
154	225
154	228
154	240
154	258
154	279
154	281
154	282
154	292
154	295
154	297
154	299
155	5
155	31
155	45
155	48
155	49
155	56
155	63
155	66
155	88
155	108
155	112
155	118
155	125
155	150
155	172
155	176
155	181
155	184
155	185
155	213
155	226
155	232
155	251
155	259
155	288
156	25
156	33
156	40
156	58
156	74
156	83
156	112
156	113
156	131
156	133
156	144
156	167
156	179
156	191
156	192
156	249
156	250
156	254
156	262
156	268
156	276
156	284
156	286
156	294
156	298
157	8
157	31
157	36
157	41
157	44
157	53
157	76
157	80
157	102
157	119
157	122
157	177
157	203
157	212
157	237
157	242
157	244
157	245
157	256
157	269
157	278
157	290
157	296
157	297
157	300
158	5
158	10
158	41
158	42
158	45
158	63
158	73
158	108
158	155
158	164
158	172
158	178
158	181
158	184
158	185
158	198
158	213
158	226
158	229
158	230
158	232
158	239
158	254
158	258
158	265
159	4
159	42
159	49
159	57
159	60
159	63
159	71
159	81
159	117
159	154
159	178
159	195
159	197
159	198
159	218
159	227
159	231
159	235
159	243
159	263
159	264
159	265
159	280
159	281
159	287
160	22
160	38
160	92
160	129
160	131
160	135
160	136
160	138
160	146
160	148
160	168
160	174
160	190
160	206
160	220
160	222
160	231
160	248
160	259
160	261
160	274
160	278
160	288
160	290
160	298
161	1
161	32
161	64
161	96
161	104
161	134
161	162
161	163
161	169
161	171
161	173
161	175
161	180
161	182
161	186
161	187
161	188
161	205
161	208
161	237
161	247
161	253
161	257
161	266
161	275
162	29
162	46
162	61
162	93
162	101
162	118
162	127
162	142
162	154
162	169
162	171
162	175
162	219
162	221
162	223
162	225
162	240
162	249
162	258
162	274
162	278
162	279
162	292
162	295
162	299
163	41
163	48
163	49
163	63
163	88
163	128
163	143
163	144
163	150
163	158
163	164
163	172
163	181
163	184
163	185
163	207
163	213
163	215
163	226
163	230
163	232
163	239
163	250
163	272
163	282
164	5
164	24
164	41
164	45
164	54
164	63
164	108
164	148
164	150
164	155
164	158
164	163
164	172
164	181
164	184
164	185
164	213
164	220
164	226
164	230
164	232
164	237
164	239
164	261
164	300
165	54
165	58
165	80
165	100
165	110
165	133
165	135
165	157
165	158
165	166
165	176
165	177
165	179
165	180
165	192
165	201
165	228
165	245
165	256
165	268
165	269
165	290
165	296
165	297
165	300
166	10
166	37
166	67
166	80
166	97
166	98
166	119
166	157
166	159
166	176
166	192
166	203
166	228
166	233
166	239
166	242
166	245
166	256
166	263
166	269
166	272
166	285
166	292
166	296
166	297
167	25
167	58
167	74
167	90
167	102
167	113
167	131
167	133
167	144
167	194
167	195
167	226
167	250
167	252
167	254
167	257
167	262
167	271
167	272
167	276
167	289
167	291
167	294
167	298
167	299
168	41
168	50
168	59
168	85
168	92
168	129
168	132
168	138
168	140
168	146
168	160
168	177
168	180
168	182
168	192
168	206
168	220
168	223
168	229
168	254
168	256
168	259
168	272
168	278
168	288
169	26
169	55
169	69
169	76
169	78
169	79
169	96
169	110
169	117
169	130
169	152
169	161
169	171
169	173
169	180
169	182
169	186
169	205
169	208
169	237
169	252
169	253
169	255
169	275
169	282
170	11
170	13
170	34
170	95
170	104
170	109
170	114
170	121
170	124
170	189
170	200
170	207
170	214
170	215
170	241
170	244
170	252
170	266
170	267
170	268
170	272
170	277
170	283
170	291
170	299
171	1
171	14
171	35
171	46
171	64
171	68
171	78
171	87
171	96
171	122
171	130
171	161
171	173
171	180
171	182
171	186
171	187
171	188
171	205
171	234
171	236
171	247
171	253
171	255
171	275
172	3
172	45
172	48
172	49
172	63
172	79
172	108
172	112
172	150
172	155
172	158
172	163
172	164
172	181
172	184
172	213
172	216
172	226
172	230
172	232
172	238
172	239
172	262
172	266
172	267
173	13
173	26
173	32
173	78
173	79
173	141
173	145
173	165
173	169
173	171
173	180
173	182
173	187
173	188
173	198
173	205
173	207
173	237
173	247
173	253
173	255
173	261
173	273
173	275
173	295
174	53
174	83
174	85
174	92
174	99
174	103
174	115
174	128
174	129
174	132
174	138
174	147
174	150
174	168
174	204
174	206
174	212
174	222
174	231
174	243
174	250
174	254
174	259
174	262
174	288
175	38
175	56
175	85
175	99
175	111
175	128
175	129
175	132
175	138
175	168
175	190
175	204
175	206
175	212
175	220
175	231
175	246
175	247
175	250
175	259
175	268
175	278
175	280
175	288
175	296
176	6
176	20
176	36
176	37
176	54
176	122
176	137
176	138
176	148
176	157
176	166
176	175
176	189
176	190
176	212
176	224
176	242
176	256
176	269
176	270
176	273
176	289
176	290
176	297
176	300
177	20
177	31
177	37
177	43
177	67
177	80
177	98
177	145
177	147
177	148
177	157
177	166
177	174
177	192
177	198
177	201
177	205
177	228
177	233
177	269
177	271
177	275
177	285
177	296
177	300
178	38
178	42
178	51
178	71
178	81
178	82
178	121
178	159
178	195
178	197
178	199
178	205
178	218
178	219
178	227
178	236
178	239
178	256
178	263
178	271
178	280
178	281
178	287
178	289
178	290
179	2
179	27
179	94
179	113
179	133
179	145
179	156
179	167
179	193
179	199
179	200
179	250
179	251
179	257
179	262
179	264
179	272
179	274
179	276
179	281
179	284
179	286
179	288
179	294
179	298
180	1
180	26
180	32
180	46
180	55
180	63
180	111
180	130
180	141
180	160
180	163
180	169
180	171
180	173
180	181
180	188
180	191
180	205
180	208
180	237
180	247
180	253
180	255
180	272
180	275
181	5
181	10
181	22
181	37
181	41
181	42
181	49
181	108
181	112
181	141
181	158
181	161
181	162
181	163
181	184
181	185
181	188
181	213
181	225
181	226
181	230
181	232
181	239
181	261
181	263
182	15
182	32
182	55
182	60
182	64
182	71
182	78
182	79
182	114
182	161
182	169
182	171
182	173
182	186
182	188
182	205
182	224
182	237
182	243
182	247
182	253
182	255
182	269
182	270
182	275
183	1
183	29
183	34
183	39
183	52
183	67
183	103
183	115
183	142
183	154
183	161
183	192
183	196
183	202
183	207
183	218
183	219
183	225
183	240
183	256
183	259
183	282
183	292
183	294
183	299
184	5
184	10
184	47
184	48
184	88
184	123
184	131
184	149
184	150
184	155
184	158
184	163
184	164
184	165
184	172
184	181
184	200
184	213
184	230
184	232
184	233
184	239
184	247
184	296
184	297
185	41
185	47
185	48
185	49
185	52
185	59
185	74
185	88
185	108
185	150
185	155
185	163
185	164
185	182
185	184
185	211
185	213
185	226
185	230
185	232
185	239
185	244
185	249
185	291
185	294
186	1
186	15
186	26
186	41
186	78
186	88
186	96
186	110
186	114
186	130
186	141
186	161
186	171
186	173
186	180
186	182
186	187
186	188
186	205
186	211
186	247
186	253
186	255
186	274
186	275
187	3
187	46
187	55
187	64
187	76
187	78
187	79
187	96
187	141
187	161
187	169
187	180
187	186
187	188
187	195
187	205
187	227
187	237
187	245
187	247
187	253
187	255
187	268
187	275
187	290
188	1
188	30
188	46
188	75
188	79
188	96
188	128
188	130
188	141
188	161
188	169
188	171
188	182
188	186
188	187
188	220
188	237
188	247
188	253
188	255
188	270
188	273
188	275
188	285
188	299
189	13
189	73
189	75
189	90
189	109
189	114
189	124
189	152
189	166
189	170
189	202
189	206
189	207
189	214
189	229
189	238
189	241
189	266
189	267
189	268
189	272
189	277
189	283
189	291
189	292
190	12
190	35
190	94
190	99
190	128
190	130
190	131
190	132
190	138
190	140
190	146
190	160
190	166
190	167
190	187
190	204
190	212
190	220
190	231
190	235
190	248
190	254
190	259
190	278
190	288
191	13
191	22
191	75
191	90
191	109
191	116
191	152
191	170
191	180
191	186
191	189
191	198
191	200
191	206
191	214
191	229
191	241
191	244
191	252
191	266
191	267
191	268
191	277
191	283
191	291
192	19
192	43
192	76
192	87
192	98
192	100
192	119
192	126
192	146
192	158
192	165
192	166
192	176
192	201
192	203
192	222
192	245
192	273
192	284
192	290
192	293
192	296
192	297
192	298
192	300
193	3
193	74
193	77
193	83
193	91
193	102
193	108
193	128
193	144
193	156
193	161
193	167
193	174
193	179
193	194
193	222
193	238
193	250
193	257
193	262
193	272
193	276
193	284
193	286
193	298
194	3
194	13
194	15
194	43
194	74
194	90
194	94
194	102
194	115
194	131
194	133
194	142
194	144
194	145
194	156
194	157
194	167
194	179
194	229
194	262
194	272
194	283
194	286
194	294
194	298
195	14
195	28
195	57
195	60
195	105
195	117
195	121
195	126
195	159
195	178
195	216
195	227
195	235
195	243
195	252
195	254
195	262
195	265
195	266
195	271
195	273
195	281
195	284
195	287
195	289
196	22
196	24
196	39
196	52
196	58
196	78
196	89
196	93
196	95
196	97
196	103
196	120
196	148
196	151
196	152
196	162
196	183
196	202
196	223
196	240
196	258
196	269
196	274
196	282
196	292
197	14
197	51
197	57
197	60
197	79
197	81
197	82
197	121
197	123
197	126
197	141
197	151
197	153
197	157
197	159
197	195
197	199
197	235
197	243
197	263
197	265
197	280
197	281
197	287
197	289
198	13
198	20
198	24
198	36
198	75
198	106
198	116
198	124
198	139
198	170
198	200
198	207
198	209
198	213
198	214
198	238
198	241
198	244
198	266
198	267
198	268
198	274
198	277
198	284
198	291
199	14
199	98
199	104
199	105
199	117
199	121
199	123
199	136
199	152
199	153
199	178
199	195
199	197
199	215
199	216
199	218
199	219
199	227
199	234
199	240
199	243
199	265
199	271
199	280
199	295
200	11
200	56
200	70
200	73
200	75
200	107
200	109
200	114
200	124
200	139
200	170
200	183
200	189
200	191
200	198
200	216
200	229
200	265
200	266
200	267
200	268
200	277
200	283
200	287
200	291
201	8
201	31
201	37
201	43
201	61
201	75
201	76
201	77
201	84
201	110
201	122
201	148
201	165
201	166
201	184
201	226
201	228
201	233
201	245
201	269
201	273
201	290
201	296
201	297
201	299
202	10
202	29
202	52
202	61
202	66
202	68
202	89
202	93
202	115
202	118
202	123
202	168
202	176
202	179
202	196
202	205
202	212
202	219
202	223
202	232
202	249
202	252
202	274
202	292
202	299
203	6
203	37
203	43
203	54
203	66
203	98
203	134
203	137
203	141
203	148
203	149
203	165
203	166
203	209
203	233
203	236
203	242
203	245
203	251
203	255
203	256
203	273
203	290
203	297
203	300
204	22
204	35
204	38
204	53
204	56
204	128
204	135
204	159
204	160
204	168
204	177
204	197
204	206
204	212
204	222
204	223
204	231
204	253
204	254
204	259
204	263
204	264
204	269
204	278
204	288
205	13
205	26
205	41
205	46
205	79
205	86
205	89
205	96
205	101
205	127
205	141
205	161
205	169
205	171
205	180
205	182
205	186
205	188
205	237
205	247
205	253
205	255
205	272
205	275
205	296
206	22
206	35
206	73
206	85
206	88
206	98
206	99
206	138
206	145
206	156
206	160
206	175
206	204
206	212
206	220
206	222
206	231
206	241
206	254
206	259
206	266
206	278
206	279
206	288
206	293
207	11
207	13
207	73
207	75
207	85
207	108
207	114
207	116
207	124
207	152
207	170
207	179
207	199
207	229
207	238
207	241
207	242
207	244
207	252
207	266
207	267
207	277
207	283
207	291
208	22
208	24
208	28
208	50
208	84
208	118
208	147
208	149
208	151
208	161
208	162
208	200
208	210
208	211
208	217
208	221
208	224
208	234
208	260
208	264
208	265
208	279
208	285
208	293
209	18
209	28
209	33
209	41
209	56
209	58
209	62
209	74
209	84
209	98
209	107
209	149
209	151
209	159
209	210
209	211
209	217
209	231
209	248
209	251
209	260
209	264
209	270
209	293
210	7
210	15
210	52
210	62
210	65
210	81
210	84
210	91
210	127
210	142
210	143
210	208
210	225
210	236
210	246
210	248
210	251
210	255
210	260
210	264
210	270
210	275
210	285
210	293
211	1
211	10
211	30
211	33
211	40
211	43
211	50
211	91
211	107
211	118
211	134
211	137
211	149
211	206
211	217
211	224
211	234
211	236
211	246
211	251
211	260
211	261
211	285
211	293
212	22
212	35
212	50
212	53
212	85
212	99
212	106
212	128
212	135
212	140
212	146
212	147
212	160
212	175
212	184
212	190
212	213
212	220
212	222
212	228
212	235
212	259
212	278
212	288
213	41
213	42
213	49
213	63
213	79
213	86
213	123
213	150
213	155
213	163
213	164
213	172
213	181
213	184
213	185
213	203
213	226
213	230
213	232
213	239
213	256
213	260
213	270
213	289
214	64
214	73
214	75
214	107
214	109
214	114
214	116
214	124
214	139
214	152
214	153
214	167
214	189
214	191
214	207
214	229
214	238
214	244
214	266
214	267
214	268
214	277
214	283
214	291
215	48
215	57
215	63
215	81
215	105
215	139
215	153
215	157
215	159
215	178
215	189
215	197
215	199
215	216
215	218
215	227
215	235
215	243
215	256
215	263
215	265
215	271
215	279
215	289
216	7
216	14
216	51
216	57
216	60
216	74
216	82
216	106
216	117
216	132
216	136
216	159
216	197
216	199
216	227
216	235
216	253
216	263
216	265
216	271
216	280
216	281
216	287
216	289
217	5
217	16
217	24
217	30
217	33
217	38
217	44
217	61
217	69
217	86
217	104
217	146
217	149
217	154
217	208
217	209
217	225
217	234
217	251
217	252
217	261
217	264
217	270
217	285
218	42
218	57
218	71
218	95
218	105
218	106
218	117
218	123
218	145
218	197
218	199
218	212
218	216
218	235
218	242
218	263
218	265
218	271
218	280
218	281
218	287
218	289
218	292
218	297
219	9
219	18
219	19
219	23
219	27
219	34
219	62
219	65
219	72
219	95
219	97
219	114
219	120
219	183
219	196
219	221
219	223
219	232
219	247
219	258
219	279
219	292
219	295
219	299
220	22
220	32
220	53
220	59
220	85
220	87
220	99
220	102
220	111
220	128
220	129
220	146
220	165
220	174
220	175
220	188
220	190
220	204
220	222
220	236
220	254
220	259
220	278
220	288
221	18
221	44
221	62
221	65
221	69
221	83
221	93
221	104
221	127
221	147
221	151
221	172
221	193
221	217
221	224
221	236
221	243
221	245
221	246
221	257
221	261
221	264
221	270
221	293
222	4
222	16
222	27
222	31
222	35
222	56
222	128
222	129
222	132
222	138
222	146
222	151
222	174
222	175
222	177
222	200
222	203
222	204
222	212
222	220
222	254
222	277
222	278
222	288
223	7
223	9
223	21
223	29
223	68
223	103
223	113
223	154
223	162
223	173
223	180
223	183
223	196
223	218
223	219
223	222
223	225
223	240
223	249
223	279
223	291
223	292
223	295
223	299
224	40
224	50
224	70
224	86
224	104
224	143
224	151
224	208
224	209
224	211
224	217
224	221
224	234
224	237
224	239
224	246
224	248
224	261
224	264
224	278
224	280
224	282
224	283
224	285
225	16
225	18
225	23
225	35
225	52
225	66
225	71
225	80
225	95
225	97
225	99
225	101
225	103
225	154
225	159
225	183
225	196
225	249
225	258
225	277
225	279
225	282
225	292
225	295
226	5
226	8
226	34
226	43
226	47
226	49
226	63
226	108
226	112
226	119
226	149
226	150
226	163
226	164
226	181
226	185
226	224
226	228
226	232
226	239
226	270
226	271
226	287
226	289
227	16
227	30
227	42
227	82
227	89
227	105
227	123
227	136
227	141
227	153
227	159
227	195
227	197
227	208
227	215
227	216
227	235
227	248
227	263
227	265
227	271
227	280
227	287
227	292
228	8
228	20
228	26
228	36
228	67
228	76
228	80
228	82
228	87
228	118
228	119
228	132
228	136
228	137
228	176
228	192
228	233
228	236
228	256
228	272
228	273
228	290
228	297
228	300
229	36
229	72
229	73
229	109
229	116
229	124
229	126
229	139
229	146
229	152
229	170
229	189
229	191
229	200
229	214
229	219
229	238
229	244
229	252
229	266
229	267
229	268
229	283
229	291
230	5
230	10
230	41
230	45
230	47
230	74
230	108
230	114
230	127
230	158
230	163
230	164
230	172
230	175
230	176
230	184
230	185
230	202
230	213
230	226
230	232
230	239
230	282
230	287
231	12
231	22
231	38
231	45
231	53
231	112
231	129
231	138
231	146
231	174
231	175
231	205
231	206
231	212
231	218
231	220
231	222
231	234
231	259
231	268
231	278
231	288
231	296
231	298
232	2
232	5
232	41
232	45
232	47
232	49
232	88
232	91
232	104
232	112
232	125
232	150
232	155
232	158
232	163
232	185
232	205
232	213
232	230
232	233
232	239
232	288
232	294
232	298
233	6
233	31
233	76
233	80
233	98
233	100
233	105
233	124
233	148
233	177
233	186
233	203
233	214
233	215
233	228
233	235
233	242
233	245
233	256
233	282
233	290
233	296
233	297
233	300
234	16
234	69
234	84
234	86
234	102
234	127
234	143
234	149
234	151
234	208
234	210
234	214
234	224
234	246
234	248
234	260
234	261
234	264
234	273
234	281
234	282
234	293
234	295
234	299
235	5
235	42
235	71
235	77
235	81
235	89
235	105
235	130
235	148
235	154
235	178
235	183
235	195
235	199
235	215
235	216
235	218
235	227
235	243
235	263
235	265
235	271
235	281
235	287
236	4
236	16
236	18
236	30
236	45
236	62
236	70
236	86
236	104
236	139
236	147
236	149
236	186
236	192
236	209
236	217
236	224
236	234
236	247
236	259
236	270
236	274
236	280
236	293
237	12
237	32
237	33
237	46
237	54
237	55
237	64
237	79
237	96
237	130
237	161
237	173
237	180
237	182
237	186
237	187
237	202
237	212
237	236
237	247
237	253
237	255
237	275
237	292
238	9
238	11
238	13
238	17
238	59
238	75
238	87
238	97
238	109
238	114
238	124
238	151
238	152
238	174
238	189
238	191
238	200
238	207
238	252
238	266
238	268
238	277
238	283
238	291
239	5
239	41
239	45
239	47
239	48
239	49
239	53
239	63
239	66
239	101
239	108
239	112
239	121
239	138
239	153
239	155
239	164
239	169
239	172
239	173
239	178
239	185
239	226
239	230
240	23
240	66
240	67
240	72
240	81
240	86
240	89
240	93
240	95
240	120
240	125
240	162
240	183
240	193
240	202
240	223
240	225
240	264
240	268
240	274
240	282
240	291
240	295
240	299
241	11
241	13
241	17
241	49
241	82
241	83
241	109
241	116
241	120
241	139
241	170
241	189
241	191
241	198
241	207
241	229
241	232
241	266
241	267
241	277
241	283
241	290
241	291
241	294
242	6
242	8
242	31
242	36
242	43
242	54
242	67
242	70
242	137
242	138
242	143
242	165
242	192
242	203
242	213
242	228
242	245
242	262
242	269
242	287
242	290
242	296
242	297
242	300
243	42
243	57
243	71
243	81
243	105
243	106
243	117
243	121
243	126
243	149
243	153
243	164
243	170
243	178
243	199
243	207
243	215
243	218
243	222
243	263
243	280
243	281
243	287
243	289
244	65
244	75
244	114
244	135
244	143
244	151
244	189
244	191
244	198
244	200
244	207
244	214
244	229
244	238
244	240
244	241
244	252
244	266
244	267
244	268
244	277
244	284
244	291
244	295
245	8
245	34
245	43
245	53
245	67
245	119
245	121
245	134
245	137
245	148
245	157
245	166
245	176
245	177
245	192
245	193
245	201
245	217
245	223
245	228
245	273
245	290
245	293
245	300
246	3
246	4
246	16
246	54
246	91
246	100
246	107
246	108
246	149
246	208
246	211
246	221
246	224
246	230
246	234
246	236
246	248
246	251
246	261
246	264
246	279
246	283
246	285
246	293
247	26
247	40
247	46
247	55
247	67
247	91
247	130
247	146
247	147
247	169
247	177
247	178
247	180
247	182
247	186
247	187
247	189
247	205
247	237
247	243
247	253
247	255
247	275
247	299
248	5
248	28
248	29
248	44
248	70
248	84
248	86
248	91
248	99
248	102
248	107
248	113
248	132
248	143
248	149
248	202
248	209
248	217
248	224
248	227
248	234
248	260
248	264
248	285
249	9
249	29
249	72
249	93
249	97
249	101
249	120
249	142
249	154
249	170
249	181
249	183
249	196
249	198
249	214
249	223
249	229
249	240
249	257
249	258
249	282
249	284
249	292
249	295
250	2
250	7
250	15
250	58
250	74
250	77
250	94
250	116
250	133
250	135
250	138
250	144
250	145
250	192
250	194
250	263
250	272
250	275
250	276
250	278
250	284
250	286
250	294
250	298
251	28
251	33
251	44
251	65
251	81
251	84
251	86
251	107
251	146
251	147
251	149
251	185
251	208
251	210
251	215
251	224
251	246
251	248
251	257
251	260
251	261
251	264
251	267
251	275
252	39
252	73
252	114
252	116
252	139
252	156
252	170
252	189
252	191
252	193
252	198
252	200
252	214
252	229
252	238
252	241
252	244
252	266
252	267
252	268
252	277
252	283
252	287
252	291
253	1
253	4
253	10
253	26
253	55
253	64
253	76
253	78
253	130
253	169
253	171
253	173
253	175
253	180
253	182
253	186
253	187
253	188
253	205
253	210
253	255
253	275
253	279
253	289
254	12
254	19
254	27
254	53
254	54
254	56
254	92
254	129
254	132
254	135
254	138
254	140
254	161
254	168
254	175
254	188
254	190
254	220
254	225
254	231
254	271
254	273
254	278
254	288
255	1
255	30
255	55
255	64
255	78
255	96
255	130
255	141
255	161
255	173
255	180
255	182
255	188
255	205
255	215
255	237
255	246
255	247
255	249
255	254
255	256
255	267
255	275
255	298
256	3
256	20
256	31
256	37
256	43
256	76
256	98
256	100
256	125
256	134
256	166
256	176
256	201
256	208
256	228
256	233
256	239
256	242
256	245
256	254
256	269
256	274
256	296
256	297
257	9
257	14
257	15
257	39
257	58
257	77
257	90
257	102
257	125
257	131
257	144
257	145
257	156
257	168
257	173
257	179
257	193
257	250
257	264
257	272
257	284
257	286
257	294
257	298
258	2
258	9
258	35
258	66
258	72
258	97
258	118
258	120
258	132
258	153
258	162
258	202
258	219
258	225
258	230
258	240
258	246
258	249
258	274
258	279
258	285
258	292
258	295
258	299
259	12
259	27
259	38
259	53
259	56
259	59
259	65
259	85
259	92
259	96
259	99
259	138
259	140
259	143
259	168
259	206
259	213
259	222
259	231
259	254
259	263
259	278
259	281
259	293
260	28
260	30
260	50
260	59
260	62
260	65
260	70
260	72
260	88
260	91
260	104
260	107
260	127
260	132
260	143
260	160
260	186
260	195
260	202
260	217
260	221
260	236
260	248
260	270
261	4
261	16
261	28
261	30
261	37
261	44
261	86
261	111
261	133
261	143
261	145
261	153
261	208
261	209
261	210
261	217
261	221
261	249
261	255
261	260
261	264
261	266
261	285
261	293
262	2
262	7
262	15
262	25
262	45
262	58
262	78
262	90
262	131
262	134
262	145
262	156
262	179
262	187
262	193
262	209
262	239
262	250
262	267
262	272
262	276
262	286
262	294
262	298
263	14
263	73
263	81
263	92
263	106
263	116
263	123
263	130
263	153
263	159
263	195
263	197
263	199
263	215
263	216
263	227
263	229
263	249
263	271
263	280
263	281
263	282
263	287
263	289
264	4
264	16
264	70
264	79
264	91
264	104
264	111
264	127
264	136
264	161
264	191
264	198
264	215
264	217
264	221
264	224
264	234
264	246
264	248
264	260
264	270
264	285
264	292
264	293
265	14
265	47
265	57
265	71
265	106
265	121
265	136
265	159
265	178
265	188
265	195
265	202
265	215
265	218
265	220
265	221
265	224
265	235
265	240
265	263
265	271
265	280
265	287
265	289
266	17
266	64
266	73
266	115
266	124
266	140
266	152
266	177
266	191
266	198
266	204
266	207
266	214
266	229
266	238
266	241
266	244
266	252
266	258
266	267
266	268
266	277
266	283
266	291
267	13
267	75
267	87
267	114
267	116
267	139
267	150
267	152
267	170
267	174
267	198
267	200
267	214
267	229
267	238
267	244
267	252
267	266
267	268
267	269
267	277
267	281
267	283
267	291
268	11
268	13
268	60
268	75
268	114
268	139
268	177
268	189
268	191
268	193
268	200
268	210
268	218
268	229
268	238
268	241
268	244
268	252
268	266
268	267
268	277
268	283
268	291
268	294
269	21
269	31
269	44
269	69
269	76
269	87
269	119
269	122
269	134
269	157
269	165
269	194
269	197
269	201
269	203
269	204
269	233
269	242
269	245
269	250
269	273
269	290
269	296
269	300
270	15
270	16
270	18
270	24
270	27
270	50
270	63
270	96
270	100
270	104
270	107
270	127
270	141
270	208
270	209
270	210
270	211
270	217
270	234
270	251
270	261
270	267
270	285
270	293
271	1
271	14
271	23
271	42
271	85
271	105
271	121
271	126
271	136
271	153
271	159
271	178
271	195
271	197
271	215
271	218
271	232
271	243
271	248
271	265
271	281
271	284
271	287
271	289
272	3
272	15
272	38
272	64
272	74
272	77
272	94
272	107
272	144
272	145
272	156
272	167
272	179
272	187
272	240
272	241
272	250
272	273
272	274
272	276
272	284
272	286
272	294
272	298
273	36
273	76
273	110
273	121
273	122
273	134
273	137
273	138
273	141
273	166
273	176
273	177
273	188
273	196
273	203
273	213
273	228
273	245
273	256
273	263
273	269
273	296
273	297
273	300
274	21
274	34
274	52
274	57
274	68
274	91
274	97
274	101
274	106
274	115
274	125
274	154
274	155
274	162
274	196
274	202
274	223
274	225
274	245
274	249
274	253
274	279
274	295
274	297
275	1
275	30
275	32
275	55
275	64
275	78
275	133
275	135
275	141
275	161
275	162
275	169
275	180
275	182
275	185
275	187
275	188
275	205
275	207
275	216
275	237
275	247
275	253
275	255
276	2
276	40
276	50
276	58
276	77
276	94
276	113
276	119
276	125
276	131
276	133
276	142
276	148
276	167
276	179
276	194
276	257
276	262
276	272
276	278
276	284
276	286
276	294
276	299
277	11
277	70
277	73
277	116
277	124
277	139
277	152
277	170
277	179
277	189
277	191
277	198
277	200
277	207
277	214
277	238
277	241
277	244
277	252
277	266
277	267
277	268
277	283
277	291
278	19
278	37
278	56
278	85
278	99
278	128
278	132
278	135
278	139
278	146
278	152
278	174
278	184
278	212
278	220
278	222
278	231
278	242
278	248
278	254
278	259
278	271
278	275
278	288
279	29
279	34
279	39
279	89
279	93
279	111
279	115
279	118
279	120
279	122
279	142
279	154
279	162
279	183
279	196
279	212
279	218
279	240
279	249
279	287
279	293
279	295
279	296
279	299
280	14
280	60
280	98
280	121
280	123
280	126
280	136
280	153
280	159
280	167
280	178
280	189
280	195
280	197
280	199
280	216
280	218
280	227
280	263
280	265
280	271
280	287
280	289
280	290
281	60
281	70
281	82
281	105
281	106
281	117
281	128
281	165
281	172
281	173
281	195
281	197
281	199
281	215
281	216
281	235
281	243
281	265
281	271
281	275
281	276
281	280
281	287
281	289
282	29
282	34
282	39
282	52
282	61
282	66
282	89
282	95
282	97
282	101
282	122
282	125
282	157
282	170
282	190
282	196
282	202
282	219
282	249
282	258
282	260
282	279
282	290
282	298
283	13
283	17
283	73
283	110
283	139
283	174
283	189
283	191
283	194
283	198
283	207
283	214
283	229
283	230
283	238
283	241
283	242
283	244
283	252
283	266
283	268
283	277
283	291
283	294
284	2
284	7
284	21
284	40
284	74
284	77
284	83
284	90
284	94
284	113
284	115
284	120
284	193
284	194
284	195
284	238
284	250
284	257
284	262
284	272
284	286
284	290
284	291
284	294
285	4
285	24
285	26
285	32
285	33
285	50
285	134
285	143
285	151
285	173
285	208
285	209
285	211
285	217
285	226
285	235
285	236
285	246
285	248
285	261
285	270
285	276
285	293
285	296
286	2
286	3
286	7
286	40
286	54
286	72
286	83
286	94
286	102
286	120
286	133
286	144
286	145
286	179
286	193
286	227
286	250
286	257
286	259
286	276
286	284
286	287
286	294
286	298
287	23
287	25
287	29
287	71
287	81
287	85
287	123
287	126
287	136
287	159
287	178
287	199
287	201
287	211
287	215
287	216
287	218
287	227
287	231
287	263
287	271
287	280
287	281
287	289
288	12
288	22
288	27
288	28
288	38
288	53
288	56
288	80
288	99
288	104
288	124
288	130
288	136
288	140
288	165
288	174
288	190
288	204
288	206
288	222
288	249
288	254
288	259
288	266
289	31
289	42
289	51
289	61
289	81
289	82
289	126
289	143
289	153
289	197
289	199
289	215
289	216
289	227
289	233
289	234
289	235
289	243
289	265
289	271
289	273
289	281
289	287
289	296
290	6
290	8
290	20
290	22
290	43
290	53
290	87
290	137
290	148
290	153
290	176
290	177
290	192
290	194
290	199
290	201
290	203
290	233
290	256
290	269
290	287
290	296
290	297
290	300
291	11
291	17
291	75
291	96
291	109
291	139
291	150
291	152
291	170
291	176
291	178
291	191
291	198
291	207
291	210
291	214
291	229
291	241
291	244
291	252
291	266
291	267
291	268
291	283
292	19
292	21
292	34
292	66
292	103
292	125
292	142
292	183
292	200
292	225
292	230
292	231
292	249
292	258
292	263
292	270
292	274
292	275
292	279
292	280
292	282
292	286
292	295
292	299
293	4
293	7
293	16
293	44
293	50
293	65
293	91
293	101
293	104
293	129
293	137
293	147
293	151
293	169
293	217
293	221
293	236
293	246
293	248
293	261
293	270
293	281
293	286
293	287
294	2
294	25
294	40
294	90
294	113
294	120
294	131
294	133
294	140
294	156
294	167
294	181
294	190
294	193
294	194
294	224
294	250
294	255
294	257
294	260
294	262
294	272
294	284
294	298
295	9
295	17
295	38
295	59
295	66
295	97
295	118
295	120
295	125
295	129
295	131
295	133
295	142
295	154
295	201
295	210
295	219
295	223
295	258
295	274
295	279
295	282
295	292
295	299
296	43
296	54
296	74
296	87
296	98
296	100
296	110
296	134
296	148
296	177
296	203
296	217
296	224
296	228
296	233
296	242
296	256
296	267
296	273
296	288
296	290
296	294
296	297
296	300
297	9
297	17
297	37
297	54
297	72
297	82
297	93
297	119
297	122
297	148
297	157
297	160
297	166
297	176
297	177
297	192
297	197
297	203
297	242
297	269
297	273
297	285
297	290
297	296
298	1
298	15
298	40
298	58
298	90
298	91
298	102
298	113
298	131
298	133
298	139
298	156
298	168
298	169
298	194
298	199
298	207
298	257
298	272
298	276
298	284
298	286
298	291
298	294
299	16
299	18
299	19
299	21
299	52
299	61
299	93
299	95
299	99
299	101
299	115
299	118
299	144
299	172
299	219
299	223
299	225
299	230
299	240
299	246
299	274
299	279
299	282
299	295
300	6
300	31
300	43
300	76
300	87
300	98
300	122
300	137
300	142
300	149
300	157
300	177
300	191
300	228
300	231
300	233
300	242
300	245
300	265
300	269
300	270
300	290
300	292
300	296
