1	12
1	21
1	83
1	86
1	90
1	93
1	108
1	130
1	139
1	151
1	159
1	161
1	171
1	172
1	176
1	181
1	185
1	206
1	219
1	230
1	236
1	237
1	238
1	245
1	267
1	283
2	1
2	31
2	40
2	42
2	52
2	60
2	100
2	141
2	152
2	153
2	170
2	185
2	203
2	216
2	227
2	245
2	248
2	249
2	250
2	252
2	262
2	263
2	264
2	277
2	278
2	292
3	49
3	67
3	87
3	151
3	157
3	186
3	207
3	213
3	222
3	228
3	234
3	239
3	240
3	241
3	242
3	248
3	253
3	255
3	256
3	258
3	260
3	267
3	277
3	282
3	289
3	295
4	10
4	27
4	28
4	47
4	52
4	81
4	84
4	86
4	102
4	109
4	113
4	121
4	123
4	136
4	148
4	160
4	204
4	205
4	209
4	246
4	247
4	252
4	289
4	290
4	295
4	300
5	8
5	31
5	34
5	40
5	66
5	71
5	85
5	90
5	92
5	93
5	98
5	101
5	106
5	114
5	117
5	124
5	132
5	174
5	212
5	232
5	242
5	254
5	276
5	285
5	286
5	288
6	11
6	16
6	42
6	43
6	49
6	62
6	85
6	99
6	103
6	179
6	180
6	181
6	189
6	198
6	227
6	231
6	234
6	243
6	254
6	255
6	257
6	260
6	265
6	283
6	297
6	298
7	17
7	25
7	55
7	84
7	89
7	96
7	108
7	124
7	135
7	144
7	150
7	157
7	163
7	169
7	182
7	187
7	209
7	213
7	216
7	221
7	225
7	230
7	250
7	255
7	256
7	294
8	34
8	71
8	86
8	88
8	93
8	97
8	100
8	115
8	117
8	149
8	162
8	183
8	196
8	212
8	222
8	224
8	225
8	232
8	233
8	248
8	254
8	274
8	286
8	288
8	291
8	292
9	44
9	45
9	55
9	75
9	83
9	111
9	121
9	125
9	126
9	145
9	147
9	155
9	178
9	197
9	231
9	233
9	245
9	247
9	264
9	266
9	281
9	283
9	286
9	289
9	290
9	300
10	14
10	23
10	28
10	36
10	80
10	109
10	119
10	123
10	136
10	149
10	153
10	155
10	159
10	162
10	164
10	167
10	174
10	184
10	186
10	214
10	259
10	261
10	263
10	269
10	272
10	295
11	6
11	18
11	20
11	41
11	43
11	111
11	133
11	152
11	179
11	189
11	193
11	197
11	205
11	228
11	231
11	243
11	248
11	253
11	254
11	257
11	265
11	273
11	279
11	284
11	288
11	297
12	14
12	19
12	33
12	49
12	63
12	76
12	90
12	92
12	99
12	107
12	112
12	159
12	160
12	161
12	164
12	176
12	181
12	230
12	237
12	238
12	271
12	277
12	284
12	285
12	292
12	299
13	38
13	53
13	62
13	89
13	94
13	98
13	121
13	134
13	153
13	161
13	162
13	171
13	186
13	201
13	203
13	222
13	223
13	229
13	242
13	260
13	263
13	269
13	293
13	294
13	298
13	299
14	13
14	22
14	28
14	32
14	36
14	53
14	66
14	101
14	104
14	116
14	174
14	191
14	206
14	216
14	222
14	236
14	250
14	258
14	260
14	261
14	263
14	269
14	277
14	280
14	295
14	299
15	10
15	13
15	28
15	32
15	73
15	98
15	120
15	129
15	137
15	172
15	175
15	190
15	202
15	208
15	222
15	225
15	232
15	235
15	239
15	253
15	259
15	261
15	268
15	269
15	291
15	299
16	29
16	31
16	52
16	71
16	85
16	88
16	91
16	97
16	106
16	112
16	117
16	152
16	158
16	168
16	173
16	175
16	190
16	201
16	204
16	212
16	233
16	258
16	264
16	288
16	292
16	295
17	25
17	34
17	53
17	82
17	90
17	98
17	107
17	115
17	127
17	150
17	156
17	169
17	175
17	200
17	209
17	217
17	236
17	258
17	264
17	265
17	271
17	277
17	283
17	284
17	287
17	294
18	11
18	21
18	25
18	35
18	49
18	63
18	123
18	128
18	133
18	141
18	142
18	154
18	179
18	193
18	211
18	218
18	225
18	246
18	254
18	260
18	261
18	265
18	276
18	278
18	297
18	298
19	1
19	21
19	28
19	40
19	63
19	90
19	93
19	99
19	105
19	106
19	139
19	150
19	151
19	156
19	161
19	176
19	183
19	192
19	195
19	212
19	226
19	230
19	237
19	238
19	264
19	274
20	2
20	34
20	40
20	42
20	52
20	97
20	114
20	128
20	132
20	140
20	142
20	152
20	195
20	226
20	227
20	229
20	238
20	242
20	245
20	247
20	248
20	249
20	277
20	281
20	296
20	299
21	1
21	14
21	31
21	74
21	77
21	82
21	90
21	99
21	104
21	107
21	116
21	151
21	161
21	175
21	176
21	181
21	183
21	193
21	205
21	230
21	234
21	237
21	238
21	277
21	279
21	295
22	59
22	63
22	66
22	72
22	81
22	94
22	102
22	107
22	146
22	148
22	162
22	167
22	186
22	194
22	195
22	201
22	202
22	229
22	242
22	252
22	259
22	261
22	268
22	288
22	294
22	299
23	6
23	10
23	18
23	53
23	73
23	78
23	100
23	132
23	146
23	147
23	162
23	174
23	186
23	187
23	201
23	207
23	209
23	222
23	223
23	242
23	259
23	261
23	269
23	274
23	275
23	286
24	7
24	17
24	19
24	28
24	30
24	33
24	50
24	84
24	115
24	120
24	135
24	150
24	165
24	197
24	209
24	214
24	221
24	236
24	240
24	258
24	262
24	264
24	271
24	282
24	284
24	291
25	7
25	18
25	82
25	91
25	141
25	150
25	154
25	164
25	169
25	177
25	182
25	189
25	191
25	213
25	215
25	216
25	236
25	239
25	256
25	258
25	264
25	270
25	271
25	290
25	291
25	297
26	49
26	56
26	71
26	74
26	76
26	111
26	118
26	129
26	145
26	154
26	156
26	157
26	182
26	210
26	212
26	214
26	218
26	220
26	221
26	225
26	235
26	241
26	244
26	246
26	292
26	296
27	17
27	39
27	41
27	55
27	64
27	103
27	110
27	134
27	168
27	177
27	182
27	184
27	185
27	187
27	198
27	199
27	200
27	217
27	233
27	256
27	260
27	265
27	269
27	270
27	271
27	289
28	10
28	43
28	94
28	95
28	109
28	144
28	162
28	174
28	180
28	192
28	201
28	204
28	229
28	233
28	253
28	259
28	261
28	262
28	263
28	268
28	269
28	270
28	287
28	296
28	299
28	300
29	15
29	44
29	59
29	84
29	99
29	113
29	119
29	126
29	137
29	155
29	171
29	191
29	197
29	201
29	202
29	204
29	206
29	210
29	247
29	250
29	259
29	272
29	289
29	291
29	293
29	300
30	3
30	20
30	22
30	41
30	70
30	95
30	105
30	108
30	116
30	117
30	121
30	139
30	144
30	146
30	180
30	182
30	196
30	203
30	220
30	239
30	240
30	241
30	253
30	277
30	282
30	288
31	5
31	38
31	63
31	68
31	71
31	72
31	88
31	92
31	106
31	115
31	139
31	142
31	150
31	159
31	185
31	187
31	193
31	202
31	233
31	237
31	265
31	274
31	286
31	291
31	292
31	298
32	10
32	15
32	23
32	28
32	72
32	81
32	82
32	89
32	151
32	174
32	186
32	213
32	229
32	232
32	238
32	242
32	243
32	246
32	261
32	263
32	266
32	269
32	285
32	286
32	299
32	300
33	27
33	30
33	49
33	59
33	62
33	64
33	65
33	88
33	135
33	147
33	153
33	173
33	182
33	183
33	184
33	192
33	196
33	233
33	241
33	244
33	250
33	253
33	267
33	282
33	286
33	295
34	19
34	31
34	33
34	38
34	58
34	68
34	97
34	106
34	116
34	138
34	142
34	149
34	189
34	206
34	216
34	217
34	232
34	261
34	269
34	274
34	276
34	286
34	288
34	292
34	295
34	297
35	4
35	9
35	41
35	50
35	101
35	111
35	117
35	125
35	129
35	130
35	133
35	138
35	150
35	153
35	191
35	192
35	208
35	209
35	218
35	235
35	243
35	246
35	262
35	266
35	296
35	297
36	6
36	11
36	18
36	29
36	78
36	108
36	128
36	149
36	154
36	164
36	178
36	179
36	189
36	193
36	209
36	221
36	223
36	231
36	234
36	243
36	249
36	260
36	265
36	276
36	297
36	298
37	22
37	31
37	43
37	81
37	98
37	104
37	105
37	109
37	110
37	114
37	123
37	136
37	138
37	162
37	168
37	198
37	229
37	234
37	239
37	242
37	248
37	261
37	262
37	263
37	269
37	288
38	5
38	16
38	31
38	34
38	39
38	83
38	88
38	93
38	117
38	125
38	135
38	138
38	146
38	190
38	232
38	233
38	249
38	270
38	274
38	278
38	282
38	286
38	288
38	289
38	292
38	293
39	46
39	51
39	61
39	69
39	105
39	119
39	131
39	143
39	167
39	172
39	191
39	200
39	213
39	214
39	219
39	232
39	238
39	245
39	250
39	251
39	256
39	270
39	275
39	278
39	288
39	298
40	2
40	20
40	39
40	42
40	46
40	52
40	87
40	128
40	140
40	141
40	150
40	160
40	180
40	192
40	195
40	203
40	222
40	227
40	238
40	245
40	248
40	249
40	261
40	273
40	284
40	294
41	25
41	44
41	48
41	74
41	83
41	93
41	111
41	130
41	139
41	145
41	162
41	169
41	208
41	214
41	218
41	227
41	234
41	235
41	244
41	246
41	262
41	264
41	269
41	272
41	280
41	296
42	2
42	10
42	20
42	70
42	74
42	100
42	128
42	138
42	141
42	152
42	170
42	188
42	203
42	205
42	211
42	213
42	217
42	227
42	231
42	245
42	248
42	249
42	269
42	276
42	280
42	296
43	29
43	80
43	89
43	116
43	120
43	124
43	164
43	176
43	179
43	194
43	203
43	211
43	227
43	229
43	234
43	243
43	252
43	255
43	257
43	260
43	265
43	274
43	276
43	294
43	297
43	298
44	9
44	19
44	83
44	84
44	104
44	125
44	126
44	127
44	142
44	152
44	154
44	155
44	171
44	176
44	197
44	206
44	210
44	222
44	226
44	266
44	273
44	283
44	285
44	289
44	291
44	300
45	6
45	41
45	57
45	99
45	115
45	118
45	121
45	123
45	137
45	143
45	159
45	165
45	178
45	223
45	226
45	228
45	229
45	238
45	273
45	275
45	279
45	280
45	285
45	288
45	291
45	293
46	6
46	22
46	29
46	39
46	91
46	95
46	96
46	102
46	113
46	167
46	172
46	175
46	176
46	188
46	194
46	195
46	219
46	232
46	251
46	256
46	258
46	267
46	269
46	270
46	278
46	295
47	3
47	29
47	60
47	104
47	112
47	118
47	119
47	125
47	126
47	127
47	144
47	157
47	199
47	200
47	204
47	205
47	206
47	210
47	243
47	246
47	247
47	260
47	276
47	281
47	289
47	300
48	13
48	37
48	65
48	69
48	71
48	85
48	87
48	90
48	98
48	105
48	134
48	141
48	147
48	169
48	180
48	189
48	196
48	234
48	235
48	240
48	241
48	253
48	258
48	267
48	279
48	295
49	22
49	67
49	84
49	87
49	90
49	108
49	116
49	122
49	134
49	141
49	142
49	147
49	153
49	173
49	175
49	180
49	195
49	217
49	232
49	239
49	260
49	262
49	267
49	276
49	282
49	295
50	18
50	51
50	79
50	93
50	96
50	114
50	135
50	163
50	169
50	177
50	186
50	189
50	200
50	205
50	209
50	213
50	221
50	224
50	244
50	267
50	271
50	272
50	284
50	287
50	291
50	294
51	17
51	21
51	39
51	46
51	82
51	83
51	95
51	102
51	130
51	172
51	175
51	183
51	188
51	191
51	195
51	210
51	218
51	236
51	246
51	251
51	256
51	257
51	268
51	270
51	278
51	295
52	2
52	20
52	36
52	40
52	60
52	67
52	100
52	140
52	152
52	159
52	161
52	163
52	167
52	170
52	192
52	193
52	203
52	206
52	231
52	245
52	248
52	249
52	256
52	263
52	283
52	289
53	10
53	14
53	21
53	28
53	32
53	59
53	68
53	81
53	103
53	114
53	138
53	142
53	153
53	174
53	202
53	206
53	216
53	226
53	253
53	259
53	261
53	263
53	276
53	280
53	288
53	299
54	8
54	11
54	28
54	29
54	47
54	50
54	96
54	112
54	137
54	161
54	169
54	173
54	182
54	209
54	214
54	215
54	216
54	221
54	231
54	235
54	258
54	264
54	284
54	287
54	291
54	294
55	27
55	77
55	92
55	103
55	140
55	141
55	144
55	157
55	168
55	169
55	177
55	180
55	185
55	188
55	192
55	198
55	199
55	200
55	204
55	216
55	217
55	220
55	223
55	226
55	243
55	246
56	19
56	75
56	93
56	95
56	102
56	125
56	131
56	133
56	137
56	146
56	167
56	175
56	183
56	186
56	191
56	194
56	219
56	239
56	245
56	251
56	253
56	255
56	270
56	278
56	292
56	298
57	3
57	7
57	64
57	72
57	91
57	109
57	122
57	143
57	152
57	165
57	166
57	189
57	199
57	202
57	216
57	223
57	226
57	228
57	241
57	259
57	273
57	275
57	279
57	280
57	285
57	293
58	24
58	41
58	51
58	70
58	74
58	101
58	129
58	134
58	145
58	150
58	152
58	156
58	172
58	192
58	201
58	208
58	210
58	212
58	218
58	220
58	226
58	235
58	262
58	272
58	290
58	296
59	35
59	48
59	65
59	70
59	75
59	87
59	95
59	111
59	118
59	138
59	142
59	153
59	171
59	180
59	194
59	196
59	207
59	215
59	240
59	241
59	243
59	251
59	253
59	273
59	277
59	282
60	28
60	32
60	40
60	70
60	80
60	97
60	103
60	111
60	114
60	126
60	128
60	140
60	141
60	152
60	170
60	195
60	203
60	205
60	213
60	221
60	227
60	245
60	248
60	249
60	272
60	280
61	5
61	21
61	39
61	56
61	82
61	92
61	101
61	102
61	112
61	119
61	129
61	131
61	167
61	171
61	175
61	183
61	188
61	207
61	219
61	222
61	249
61	251
61	256
61	264
61	278
61	292
62	17
62	23
62	33
62	65
62	67
62	80
62	105
62	108
62	118
62	129
62	134
62	154
62	163
62	166
62	172
62	180
62	184
62	207
62	239
62	262
62	267
62	272
62	277
62	283
62	287
62	295
63	2
63	12
63	21
63	86
63	99
63	104
63	107
63	112
63	139
63	143
63	151
63	161
63	165
63	177
63	181
63	192
63	207
63	213
63	220
63	224
63	229
63	237
63	238
63	260
63	265
63	272
64	3
64	10
64	27
64	43
64	55
64	57
64	58
64	61
64	62
64	69
64	77
64	86
64	94
64	99
64	110
64	137
64	144
64	152
64	157
64	168
64	177
64	184
64	185
64	200
64	217
64	254
65	30
65	38
65	48
65	56
65	59
65	80
65	105
65	144
65	166
65	169
65	173
65	184
65	185
65	207
65	211
65	225
65	240
65	249
65	253
65	256
65	259
65	267
65	277
65	282
65	286
65	295
66	2
66	16
66	25
66	29
66	38
66	67
66	71
66	106
66	109
66	149
66	159
66	165
66	182
66	187
66	190
66	197
66	212
66	219
66	232
66	264
66	272
66	275
66	286
66	288
66	292
66	293
67	3
67	57
67	62
67	63
67	106
67	130
67	134
67	141
67	142
67	173
67	197
67	200
67	207
67	221
67	239
67	240
67	245
67	251
67	252
67	253
67	267
67	277
67	282
67	284
67	295
67	300
68	26
68	38
68	51
68	66
68	85
68	110
68	117
68	149
68	150
68	156
68	158
68	185
68	187
68	219
68	224
68	226
68	231
68	232
68	233
68	237
68	244
68	252
68	254
68	276
68	288
68	292
69	4
69	37
69	55
69	79
69	110
69	141
69	157
69	168
69	175
69	177
69	181
69	183
69	184
69	185
69	186
69	190
69	199
69	200
69	209
69	217
69	241
69	259
69	267
69	274
69	278
69	282
70	3
70	30
70	37
70	59
70	66
70	87
70	105
70	127
70	131
70	180
70	187
70	196
70	199
70	207
70	222
70	225
70	234
70	239
70	253
70	259
70	267
70	281
70	282
70	295
70	297
70	299
71	11
71	31
71	34
71	38
71	41
71	43
71	66
71	85
71	92
71	97
71	122
71	147
71	149
71	155
71	173
71	187
71	203
71	208
71	224
71	233
71	248
71	261
71	286
71	288
71	292
71	296
72	17
72	87
72	88
72	90
72	95
72	112
72	118
72	122
72	143
72	163
72	166
72	177
72	223
72	228
72	247
72	264
72	266
72	273
72	275
72	279
72	280
72	285
72	288
72	290
72	293
72	300
73	13
73	21
73	23
73	53
73	74
73	109
73	115
73	119
73	125
73	136
73	153
73	162
73	174
73	209
73	222
73	228
73	230
73	242
73	249
73	259
73	261
73	263
73	281
73	282
73	283
73	292
74	10
74	41
74	69
74	94
74	95
74	121
74	129
74	130
74	138
74	155
74	156
74	159
74	160
74	192
74	214
74	218
74	220
74	221
74	224
74	235
74	246
74	264
74	267
74	272
74	296
74	299
75	46
75	51
75	55
75	56
75	61
75	73
75	83
75	84
75	95
75	98
75	102
75	138
75	172
75	173
75	175
75	188
75	194
75	223
75	230
75	233
75	256
75	260
75	270
75	278
75	293
75	296
76	35
76	41
76	42
76	74
76	130
76	138
76	145
76	147
76	148
76	156
76	160
76	161
76	175
76	180
76	184
76	199
76	208
76	214
76	235
76	236
76	261
76	262
76	272
76	278
76	286
76	296
77	27
77	46
77	69
77	83
77	103
77	130
77	140
77	145
77	156
77	157
77	168
77	177
77	184
77	185
77	198
77	199
77	200
77	201
77	212
77	217
77	234
77	236
77	284
77	286
77	289
77	290
78	13
78	14
78	47
78	109
78	111
78	112
78	125
78	160
78	161
78	171
78	191
78	197
78	204
78	205
78	206
78	209
78	210
78	216
78	219
78	221
78	241
78	247
78	252
78	267
78	271
78	300
79	26
79	27
79	34
79	55
79	69
79	77
79	88
79	110
79	116
79	132
79	137
79	157
79	158
79	160
79	168
79	184
79	185
79	188
79	198
79	199
79	200
79	211
79	217
79	244
79	266
79	281
80	3
80	26
80	30
80	49
80	50
80	67
80	70
80	105
80	106
80	107
80	116
80	140
80	142
80	147
80	178
80	181
80	193
80	202
80	204
80	218
80	236
80	239
80	240
80	253
80	277
80	281
81	1
81	13
81	15
81	34
81	53
81	58
81	73
81	101
81	104
81	111
81	114
81	119
81	132
81	135
81	162
81	170
81	171
81	183
81	202
81	222
81	224
81	229
81	252
81	268
81	270
81	296
82	17
82	54
82	74
82	93
82	96
82	118
82	123
82	124
82	147
82	148
82	150
82	163
82	169
82	170
82	178
82	209
82	215
82	228
82	231
82	236
82	258
82	272
82	287
82	295
82	298
82	300
83	12
83	39
83	47
83	94
83	113
83	126
83	127
83	142
83	147
83	148
83	171
83	184
83	196
83	197
83	201
83	204
83	205
83	206
83	211
83	237
83	281
83	283
83	285
83	289
83	290
83	297
84	47
84	60
84	78
84	81
84	99
84	112
84	121
84	125
84	127
84	137
84	143
84	146
84	163
84	171
84	189
84	210
84	220
84	223
84	272
84	276
84	278
84	281
84	283
84	289
84	290
84	296
85	5
85	6
85	31
85	34
85	40
85	55
85	64
85	71
85	92
85	96
85	120
85	151
85	158
85	187
85	190
85	212
85	233
85	239
85	244
85	251
85	257
85	274
85	283
85	286
85	287
85	288
86	19
86	21
86	63
86	68
86	90
86	99
86	107
86	161
86	167
86	176
86	181
86	191
86	195
86	196
86	199
86	206
86	213
86	215
86	217
86	218
86	230
86	237
86	238
86	262
86	269
86	271
87	11
87	27
87	48
87	62
87	105
87	108
87	116
87	129
87	130
87	147
87	207
87	208
87	214
87	215
87	236
87	239
87	245
87	247
87	253
87	267
87	277
87	279
87	280
87	282
87	295
87	297
88	8
88	11
88	18
88	44
88	68
88	92
88	97
88	101
88	106
88	110
88	117
88	126
88	177
88	179
88	187
88	190
88	200
88	205
88	246
88	248
88	258
88	274
88	286
88	287
88	288
88	292
89	36
89	46
89	76
89	95
89	98
89	108
89	120
89	133
89	157
89	164
89	211
89	217
89	221
89	225
89	231
89	234
89	254
89	255
89	257
89	260
89	265
89	274
89	276
89	281
89	283
89	297
90	9
90	12
90	86
90	97
90	99
90	107
90	134
90	139
90	151
90	159
90	161
90	162
90	169
90	176
90	190
90	198
90	229
90	230
90	237
90	238
90	259
90	262
90	268
90	281
90	282
91	6
91	7
91	24
91	43
91	58
91	82
91	93
91	113
91	114
91	123
91	124
91	135
91	168
91	182
91	210
91	213
91	215
91	219
91	250
91	253
91	264
91	278
91	287
91	296
91	300
92	5
92	34
92	38
92	43
92	54
92	68
92	72
92	87
92	88
92	100
92	104
92	107
92	149
92	190
92	201
92	206
92	212
92	232
92	233
92	261
92	271
92	274
92	288
92	292
92	299
93	10
93	17
93	48
93	52
93	82
93	92
93	101
93	115
93	168
93	192
93	208
93	209
93	218
93	224
93	236
93	250
93	257
93	264
93	271
93	274
93	284
93	287
93	291
93	292
93	294
94	8
94	9
94	13
94	14
94	15
94	19
94	60
94	79
94	114
94	132
94	142
94	153
94	201
94	202
94	205
94	207
94	225
94	226
94	227
94	242
94	259
94	263
94	265
94	295
94	299
95	15
95	46
95	56
95	57
95	65
95	71
95	75
95	131
95	167
95	175
95	188
95	194
95	208
95	219
95	245
95	251
95	256
95	259
95	270
95	271
95	278
95	281
95	285
95	289
95	294
96	50
96	91
96	92
96	100
96	119
96	131
96	132
96	149
96	155
96	169
96	175
96	202
96	209
96	213
96	215
96	221
96	233
96	236
96	249
96	258
96	284
96	287
96	288
96	291
96	294
97	16
97	18
97	29
97	31
97	34
97	42
97	66
97	68
97	77
97	85
97	88
97	117
97	143
97	155
97	158
97	173
97	187
97	194
97	200
97	201
97	233
97	259
97	274
97	284
97	286
98	10
98	23
98	57
98	85
98	94
98	111
98	168
98	201
98	202
98	211
98	220
98	225
98	227
98	230
98	242
98	259
98	261
98	263
98	268
98	269
98	275
98	285
98	287
98	297
98	299
99	9
99	19
99	53
99	63
99	72
99	86
99	112
99	118
99	132
99	139
99	151
99	159
99	161
99	176
99	181
99	186
99	194
99	218
99	228
99	230
99	237
99	238
99	243
99	267
99	270
100	2
100	15
100	20
100	26
100	40
100	45
100	52
100	96
100	128
100	140
100	170
100	181
100	209
100	218
100	227
100	235
100	237
100	241
100	245
100	247
100	248
100	249
100	254
100	294
100	299
101	10
101	15
101	58
101	64
101	73
101	76
101	89
101	97
101	117
101	130
101	156
101	164
101	170
101	192
101	208
101	214
101	220
101	244
101	258
101	262
101	266
101	267
101	272
101	291
101	296
102	8
102	12
102	31
102	39
102	51
102	56
102	87
102	92
102	95
102	99
102	115
102	119
102	127
102	165
102	172
102	183
102	188
102	191
102	194
102	212
102	242
102	251
102	256
102	278
102	279
103	13
103	27
103	62
103	63
103	64
103	77
103	79
103	101
103	129
103	144
103	152
103	168
103	182
103	184
103	185
103	198
103	199
103	200
103	216
103	217
103	242
103	265
103	269
103	282
103	298
104	10
104	13
104	14
104	15
104	27
104	73
104	76
104	94
104	108
104	114
104	119
104	133
104	136
104	153
104	162
104	170
104	174
104	242
104	243
104	268
104	271
104	273
104	275
104	286
104	291
105	3
105	33
105	34
105	48
105	49
105	99
105	116
105	143
105	154
105	172
105	174
105	193
105	196
105	219
105	225
105	239
105	240
105	241
105	253
105	257
105	273
105	283
105	286
105	288
105	295
106	8
106	25
106	64
106	71
106	88
106	92
106	97
106	104
106	117
106	118
106	145
106	166
106	187
106	190
106	220
106	231
106	232
106	233
106	241
106	251
106	254
106	258
106	272
106	274
106	292
107	4
107	19
107	28
107	39
107	63
107	65
107	86
107	96
107	99
107	102
107	110
107	143
107	149
107	151
107	159
107	161
107	181
107	189
107	230
107	237
107	238
107	268
107	286
107	293
107	297
108	3
108	25
108	30
108	31
108	33
108	53
108	57
108	65
108	70
108	80
108	87
108	107
108	116
108	167
108	173
108	191
108	194
108	201
108	212
108	251
108	276
108	277
108	282
108	284
108	293
109	9
109	32
109	37
109	84
109	94
109	98
109	104
109	121
109	127
109	136
109	140
109	153
109	183
109	202
109	229
109	242
109	247
109	252
109	253
109	256
109	260
109	263
109	270
109	296
109	299
110	32
110	35
110	60
110	64
110	69
110	79
110	81
110	142
110	144
110	157
110	177
110	184
110	185
110	198
110	200
110	217
110	239
110	249
110	250
110	258
110	261
110	292
110	293
110	294
110	296
111	7
111	8
111	26
111	35
111	41
111	58
111	81
111	96
111	101
111	113
111	138
111	192
111	205
111	215
111	218
111	232
111	235
111	241
111	244
111	262
111	272
111	279
111	295
111	296
111	300
112	34
112	44
112	47
112	51
112	56
112	73
112	80
112	83
112	86
112	113
112	121
112	127
112	134
112	148
112	210
112	217
112	227
112	229
112	252
112	259
112	278
112	281
112	283
112	289
112	291
113	78
113	83
113	85
113	97
113	103
113	121
113	125
113	143
113	151
113	155
113	160
113	171
113	174
113	182
113	205
113	223
113	230
113	234
113	251
113	260
113	281
113	283
113	290
113	294
113	300
114	14
114	38
114	73
114	94
114	110
114	124
114	135
114	141
114	146
114	148
114	164
114	186
114	201
114	202
114	210
114	214
114	224
114	229
114	232
114	239
114	242
114	261
114	268
114	269
114	290
115	19
115	23
115	37
115	50
115	52
115	86
115	91
115	123
115	139
115	146
115	151
115	178
115	213
115	221
115	236
115	243
115	250
115	261
115	264
115	265
115	267
115	271
115	284
115	291
115	294
116	62
116	67
116	73
116	74
116	108
116	133
116	134
116	164
116	169
116	180
116	196
116	240
116	241
116	242
116	245
116	253
116	254
116	267
116	271
116	276
116	277
116	282
116	285
116	295
116	298
117	12
117	16
117	63
117	85
117	97
117	106
117	122
117	158
117	167
117	190
117	191
117	206
117	212
117	232
117	233
117	238
117	250
117	258
117	268
117	277
117	279
117	283
117	286
117	288
117	292
118	45
118	47
118	57
118	80
118	101
118	137
118	143
118	145
118	159
118	162
118	163
118	165
118	178
118	190
118	202
118	218
118	228
118	244
118	266
118	273
118	280
118	281
118	285
118	289
118	293
119	46
119	47
119	51
119	75
119	78
119	95
119	131
119	133
119	158
119	172
119	188
119	191
119	194
119	211
119	219
119	221
119	249
119	256
119	259
119	264
119	266
119	267
119	273
119	278
119	297
120	36
120	43
120	50
120	78
120	92
120	123
120	154
120	158
120	164
120	176
120	193
120	202
120	211
120	225
120	243
120	245
120	254
120	255
120	257
120	259
120	260
120	276
120	290
120	297
120	298
121	9
121	17
121	29
121	53
121	83
121	106
121	111
121	112
121	114
121	119
121	128
121	146
121	160
121	202
121	205
121	210
121	214
121	233
121	235
121	252
121	258
121	281
121	283
121	290
121	300
122	18
122	45
122	55
122	57
122	85
122	125
122	165
122	166
122	176
122	178
122	179
122	210
122	223
122	225
122	226
122	228
122	248
122	264
122	266
122	275
122	279
122	280
122	285
122	293
122	299
123	14
123	17
123	24
123	31
123	40
123	54
123	79
123	82
123	91
123	93
123	96
123	124
123	143
123	161
123	167
123	182
123	219
123	221
123	234
123	238
123	239
123	257
123	258
123	280
123	294
124	1
124	22
124	77
124	117
124	147
124	150
124	169
124	179
124	182
124	208
124	213
124	216
124	222
124	224
124	233
124	236
124	248
124	250
124	258
124	264
124	271
124	279
124	287
124	291
124	294
125	9
125	20
125	21
125	78
125	113
125	121
125	126
125	132
125	146
125	148
125	160
125	179
125	192
125	200
125	205
125	228
125	229
125	230
125	247
125	252
125	255
125	280
125	289
125	295
125	300
126	46
126	74
126	75
126	77
126	84
126	112
126	116
126	127
126	146
126	155
126	160
126	171
126	186
126	202
126	204
126	220
126	247
126	252
126	255
126	263
126	274
126	283
126	286
126	290
126	297
127	4
127	23
127	50
127	52
127	83
127	84
127	124
127	160
127	180
127	187
127	205
127	206
127	210
127	217
127	236
127	240
127	241
127	242
127	247
127	252
127	271
127	278
127	283
127	289
127	290
128	17
128	20
128	60
128	68
128	103
128	113
128	139
128	140
128	141
128	142
128	148
128	152
128	163
128	170
128	193
128	195
128	199
128	203
128	227
128	245
128	248
128	249
128	277
128	290
128	297
129	5
129	24
129	26
129	35
129	44
129	130
129	135
129	138
129	144
129	150
129	156
129	170
129	198
129	214
129	218
129	230
129	235
129	242
129	244
129	246
129	262
129	272
129	285
129	291
129	296
130	11
130	35
130	67
130	68
130	82
130	101
130	103
130	111
130	148
130	171
130	208
130	214
130	218
130	226
130	233
130	235
130	239
130	244
130	245
130	246
130	252
130	262
130	272
130	273
130	296
131	46
131	61
131	88
131	96
131	102
131	113
131	128
131	134
131	148
131	154
131	163
131	172
131	175
131	183
131	191
131	195
131	196
131	213
131	219
131	249
131	251
131	256
131	270
131	274
131	278
132	22
132	37
132	59
132	77
132	94
132	106
132	114
132	117
132	136
132	144
132	150
132	189
132	193
132	201
132	211
132	215
132	229
132	242
132	259
132	268
132	269
132	273
132	284
132	293
132	299
133	18
133	36
133	56
133	89
133	115
133	132
133	153
133	164
133	176
133	179
133	189
133	190
133	198
133	211
133	225
133	231
133	234
133	255
133	257
133	263
133	265
133	276
133	277
133	297
133	300
134	17
134	44
134	48
134	67
134	80
134	87
134	102
134	108
134	156
134	160
134	164
134	167
134	180
134	201
134	217
134	240
134	241
134	260
134	267
134	277
134	282
134	289
134	292
134	295
134	298
135	4
135	27
135	30
135	47
135	50
135	96
135	151
135	168
135	193
135	209
135	213
135	215
135	221
135	222
135	224
135	227
135	236
135	258
135	264
135	268
135	273
135	282
135	284
135	287
135	294
136	1
136	22
136	38
136	53
136	77
136	81
136	94
136	98
136	104
136	132
136	178
136	179
136	196
136	202
136	222
136	229
136	234
136	239
136	242
136	260
136	263
136	282
136	285
136	286
136	287
137	57
137	61
137	72
137	76
137	118
137	135
137	149
137	163
137	165
137	166
137	174
137	180
137	207
137	223
137	226
137	230
137	231
137	266
137	268
137	273
137	275
137	279
137	284
137	285
137	293
138	26
138	41
138	54
138	58
138	68
138	76
138	79
138	82
138	83
138	90
138	102
138	125
138	147
138	156
138	192
138	197
138	209
138	214
138	220
138	235
138	244
138	262
138	272
138	288
138	296
139	1
139	5
139	12
139	19
139	37
139	61
139	96
139	99
139	115
139	129
139	132
139	145
139	151
139	161
139	174
139	176
139	208
139	230
139	237
139	259
139	266
139	268
139	279
139	285
139	291
140	2
140	42
140	47
140	57
140	60
140	78
140	80
140	88
140	128
140	141
140	152
140	165
140	170
140	180
140	185
140	195
140	203
140	208
140	235
140	245
140	248
140	249
140	251
140	255
140	280
141	27
141	42
141	52
141	60
141	71
141	79
141	84
141	127
141	140
141	142
141	152
141	156
141	161
141	170
141	176
141	195
141	203
141	204
141	207
141	227
141	245
141	247
141	248
141	249
141	256
142	33
142	38
142	44
142	49
142	59
142	65
142	67
142	80
142	86
142	101
142	116
142	118
142	128
142	172
142	179
142	189
142	207
142	237
142	239
142	240
142	241
142	277
142	293
142	297
142	299
143	61
143	85
143	117
143	118
143	137
143	139
143	155
143	161
143	163
143	166
143	178
143	179
143	199
143	219
143	226
143	228
143	235
143	245
143	273
143	275
143	276
143	279
143	280
143	285
143	293
144	15
144	40
144	55
144	61
144	62
144	69
144	77
144	79
144	82
144	110
144	117
144	122
144	135
144	136
144	151
144	155
144	177
144	184
144	198
144	199
144	200
144	226
144	263
144	282
144	291
145	32
145	35
145	58
145	74
145	112
145	129
145	130
145	148
145	158
145	171
145	179
145	192
145	208
145	214
145	220
145	235
145	244
145	246
145	262
145	272
145	275
145	278
145	281
145	289
145	294
146	23
146	30
146	82
146	83
146	100
146	148
146	153
146	155
146	171
146	184
146	185
146	206
146	210
146	226
146	235
146	247
146	252
146	268
146	277
146	281
146	283
146	284
146	289
146	290
146	293
147	42
147	45
147	62
147	65
147	67
147	70
147	80
147	142
147	148
147	153
147	159
147	173
147	180
147	196
147	204
147	235
147	240
147	247
147	252
147	253
147	255
147	258
147	268
147	275
147	287
148	9
148	13
148	26
148	29
148	40
148	47
148	49
148	53
148	54
148	65
148	83
148	84
148	125
148	126
148	146
148	166
148	193
148	197
148	210
148	242
148	252
148	274
148	279
148	283
148	300
149	7
149	8
149	16
149	20
149	46
149	49
149	69
149	85
149	91
149	140
149	147
149	158
149	160
149	187
149	190
149	201
149	209
149	212
149	232
149	274
149	279
149	286
149	288
149	292
149	295
150	3
150	17
150	25
150	39
150	40
150	51
150	54
150	115
150	135
150	138
150	156
150	169
150	174
150	191
150	213
150	216
150	234
150	237
150	264
150	271
150	274
150	275
150	287
150	294
150	298
151	12
151	55
151	63
151	82
151	86
151	90
151	99
151	107
151	112
151	139
151	144
151	159
151	161
151	170
151	176
151	181
151	196
151	222
151	225
151	229
151	230
151	238
151	243
151	270
151	298
152	16
152	18
152	20
152	38
152	42
152	52
152	60
152	63
152	100
152	136
152	140
152	141
152	143
152	150
152	178
152	195
152	203
152	209
152	215
152	219
152	227
152	230
152	245
152	248
152	249
153	1
153	22
153	28
153	37
153	89
153	98
153	105
153	114
153	115
153	136
153	158
153	162
153	167
153	186
153	188
153	197
153	199
153	205
153	207
153	225
153	229
153	268
153	269
153	280
153	282
154	11
154	66
154	83
154	89
154	120
154	128
154	131
154	164
154	189
154	200
154	211
154	223
154	225
154	230
154	231
154	234
154	243
154	254
154	255
154	257
154	276
154	286
154	294
154	295
154	298
155	4
155	9
155	31
155	42
155	47
155	69
155	125
155	127
155	136
155	145
155	146
155	160
155	199
155	205
155	206
155	214
155	246
155	250
155	252
155	257
155	281
155	289
155	290
155	291
155	300
156	18
156	26
156	35
156	92
156	101
156	133
156	145
156	155
156	166
156	170
156	182
156	185
156	192
156	208
156	220
156	244
156	246
156	258
156	262
156	272
156	285
156	292
156	294
156	296
156	298
157	1
157	15
157	26
157	44
157	55
157	64
157	79
157	103
157	106
157	118
157	144
157	155
157	158
157	168
157	177
157	180
157	184
157	185
157	188
157	196
157	198
157	199
157	200
157	220
157	263
158	5
158	8
158	45
158	70
158	76
158	85
158	88
158	92
158	97
158	103
158	109
158	131
158	149
158	187
158	190
158	195
158	206
158	212
158	220
158	247
158	265
158	275
158	279
158	285
158	286
159	4
159	12
159	19
159	86
159	99
159	146
159	151
159	157
159	160
159	176
159	181
159	190
159	227
159	230
159	232
159	237
159	238
159	244
159	250
159	268
159	275
159	281
159	287
159	289
159	300
160	4
160	44
160	75
160	112
160	113
160	143
160	148
160	155
160	164
160	193
160	197
160	205
160	206
160	213
160	217
160	218
160	235
160	238
160	247
160	251
160	252
160	257
160	281
160	283
160	296
161	1
161	12
161	21
161	63
161	90
161	107
161	108
161	111
161	121
161	136
161	139
161	145
161	151
161	159
161	162
161	164
161	181
161	186
161	226
161	230
161	237
161	238
161	244
161	263
161	274
162	13
162	23
162	37
162	45
162	76
162	81
162	98
162	104
162	109
162	120
162	135
162	165
162	179
162	186
162	202
162	203
162	205
162	215
162	216
162	222
162	235
162	240
162	259
162	261
162	299
163	20
163	72
163	122
163	133
163	137
163	143
163	165
163	166
163	178
163	186
163	212
163	220
163	223
163	226
163	228
163	232
163	235
163	236
163	266
163	273
163	279
163	280
163	284
163	285
163	293
164	6
164	50
164	59
164	89
164	102
164	109
164	113
164	133
164	173
164	179
164	189
164	192
164	213
164	225
164	231
164	238
164	251
164	255
164	257
164	260
164	263
164	265
164	276
164	297
164	298
165	25
165	45
165	54
165	69
165	84
165	85
165	101
165	102
165	118
165	137
165	143
165	160
165	163
165	166
165	223
165	226
165	228
165	266
165	273
165	275
165	279
165	280
165	285
165	290
165	293
166	33
166	46
166	72
166	95
166	122
166	137
166	143
166	165
166	167
166	168
166	183
166	188
166	223
166	229
166	263
166	266
166	270
166	273
166	274
166	275
166	279
166	280
166	285
166	288
166	293
167	46
167	61
167	62
167	69
167	72
167	73
167	84
167	95
167	108
167	115
167	119
167	166
167	172
167	175
167	188
167	191
167	194
167	242
167	246
167	251
167	270
167	278
167	281
167	283
167	292
168	12
168	27
168	39
168	55
168	64
168	70
168	79
168	84
168	99
168	103
168	110
168	144
168	157
168	176
168	177
168	184
168	196
168	199
168	200
168	217
168	233
168	237
168	250
168	289
168	294
169	25
169	41
169	52
169	54
169	63
169	127
169	149
169	150
169	152
169	182
169	201
169	206
169	209
169	213
169	216
169	224
169	242
169	258
169	264
169	271
169	284
169	287
169	290
169	294
169	298
170	2
170	20
170	40
170	75
170	87
170	90
170	100
170	127
170	128
170	140
170	141
170	150
170	152
170	187
170	189
170	195
170	199
170	203
170	204
170	223
170	227
170	228
170	239
170	245
170	249
171	9
171	44
171	48
171	63
171	74
171	78
171	146
171	160
171	172
171	189
171	197
171	205
171	221
171	247
171	249
171	252
171	253
171	255
171	264
171	266
171	268
171	281
171	283
171	289
171	296
172	19
172	30
172	37
172	39
172	56
172	75
172	82
172	119
172	125
172	131
172	156
172	167
172	175
172	183
172	188
172	194
172	250
172	251
172	253
172	256
172	270
172	272
172	289
172	297
172	299
173	14
173	19
173	24
173	49
173	59
173	80
173	90
173	108
173	126
173	133
173	142
173	147
173	164
173	180
173	196
173	203
173	207
173	222
173	241
173	253
173	257
173	264
173	277
173	279
173	282
174	15
174	37
174	53
174	56
174	73
174	81
174	87
174	98
174	104
174	131
174	132
174	149
174	153
174	169
174	176
174	183
174	201
174	242
174	255
174	263
174	266
174	274
174	286
174	287
174	290
175	1
175	19
175	56
175	61
175	75
175	97
175	99
175	100
175	119
175	122
175	167
175	179
175	183
175	188
175	195
175	219
175	243
175	251
175	256
175	262
175	264
175	266
175	270
175	278
175	288
176	1
176	21
176	27
176	36
176	49
176	66
176	80
176	90
176	100
176	107
176	109
176	126
176	139
176	152
176	159
176	161
176	181
176	205
176	216
176	226
176	230
176	237
176	238
176	260
176	297
177	26
177	27
177	59
177	69
177	75
177	77
177	102
177	103
177	106
177	110
177	117
177	144
177	157
177	166
177	184
177	185
177	196
177	199
177	208
177	217
177	227
177	258
177	265
177	271
177	274
178	45
178	57
178	72
178	97
178	102
178	118
178	143
178	160
178	163
178	173
178	213
178	226
178	228
178	252
178	259
178	266
178	269
178	273
178	275
178	277
178	279
178	280
178	285
178	291
178	293
179	7
179	11
179	43
179	46
179	104
179	121
179	126
179	138
179	140
179	148
179	153
179	154
179	193
179	215
179	225
179	231
179	254
179	255
179	256
179	257
179	260
179	276
179	284
179	297
179	298
180	43
180	48
180	52
180	70
180	85
180	87
180	92
180	105
180	110
180	125
180	142
180	164
180	173
180	177
180	232
180	240
180	241
180	253
180	262
180	263
180	267
180	268
180	277
180	280
180	282
181	1
181	22
181	35
181	43
181	63
181	87
181	89
181	107
181	122
181	159
181	160
181	162
181	163
181	176
181	183
181	203
181	208
181	230
181	233
181	237
181	238
181	240
181	246
181	254
181	262
182	16
182	30
182	57
182	82
182	93
182	97
182	115
182	123
182	135
182	140
182	171
182	190
182	194
182	215
182	216
182	224
182	246
182	252
182	258
182	264
182	271
182	278
182	287
182	294
182	300
183	1
183	12
183	51
183	61
183	80
183	91
183	102
183	119
183	166
183	172
183	175
183	188
183	191
183	194
183	210
183	219
183	228
183	242
183	252
183	256
183	270
183	278
183	284
183	285
183	290
184	55
184	69
184	75
184	77
184	79
184	88
184	110
184	120
184	129
184	134
184	144
184	145
184	146
184	149
184	157
184	185
184	198
184	200
184	217
184	229
184	241
184	250
184	255
184	265
184	267
185	21
185	27
185	55
185	64
185	77
185	100
185	103
185	114
185	124
185	144
185	157
185	170
185	177
185	181
185	198
185	199
185	217
185	230
185	246
185	253
185	254
185	271
185	272
185	279
185	287
186	10
186	14
186	22
186	32
186	53
186	73
186	91
186	98
186	104
186	162
186	172
186	208
186	211
186	222
186	229
186	240
186	251
186	257
186	267
186	268
186	269
186	271
186	280
186	296
186	300
187	8
187	13
187	15
187	41
187	65
187	66
187	80
187	88
187	89
187	92
187	106
187	128
187	158
187	165
187	185
187	193
187	212
187	232
187	233
187	240
187	241
187	248
187	274
187	286
187	288
188	39
188	46
188	56
188	75
188	87
188	107
188	119
188	129
188	172
188	179
188	180
188	183
188	191
188	194
188	219
188	221
188	249
188	253
188	255
188	256
188	270
188	278
188	287
188	290
188	293
189	10
189	20
189	36
189	154
189	164
189	171
189	179
189	180
189	193
189	204
189	231
189	243
189	248
189	252
189	255
189	257
189	260
189	265
189	266
189	269
189	276
189	293
189	297
189	298
189	300
190	13
190	59
190	66
190	73
190	92
190	97
190	106
190	146
190	149
190	158
190	184
190	187
190	195
190	212
190	215
190	217
190	227
190	232
190	236
190	253
190	265
190	274
190	286
190	288
190	292
191	35
191	38
191	39
191	51
191	56
191	75
191	94
191	131
191	167
191	175
191	178
191	188
191	210
191	216
191	219
191	251
191	252
191	255
191	262
191	270
191	278
191	287
191	289
191	293
191	294
192	44
192	62
192	74
192	76
192	77
192	114
192	128
192	130
192	138
192	145
192	156
192	173
192	210
192	212
192	214
192	218
192	220
192	244
192	250
192	257
192	262
192	266
192	272
192	296
192	298
193	9
193	18
193	26
193	47
193	57
193	81
193	133
193	179
193	189
193	211
193	218
193	225
193	231
193	234
193	245
193	254
193	255
193	260
193	265
193	276
193	283
193	286
193	297
193	298
193	299
194	2
194	56
194	60
194	61
194	95
194	102
194	119
194	144
194	155
194	167
194	173
194	188
194	190
194	202
194	219
194	220
194	223
194	251
194	256
194	257
194	264
194	269
194	270
194	278
194	297
195	14
195	20
195	42
195	48
195	56
195	57
195	60
195	100
195	128
195	141
195	149
195	152
195	156
195	170
195	186
195	188
195	203
195	214
195	227
195	229
195	245
195	248
195	249
195	290
195	296
196	3
196	15
196	30
196	33
196	62
196	70
196	78
196	116
196	144
196	147
196	151
196	183
196	185
196	187
196	220
196	235
196	239
196	263
196	274
196	277
196	282
196	289
196	295
196	297
196	299
197	26
197	48
197	70
197	83
197	84
197	98
197	115
197	121
197	125
197	141
197	146
197	160
197	164
197	203
197	204
197	205
197	214
197	244
197	254
197	281
197	283
197	289
197	292
197	295
197	300
198	7
198	22
198	36
198	64
198	66
198	77
198	79
198	103
198	110
198	125
198	141
198	144
198	157
198	168
198	172
198	177
198	178
198	185
198	197
198	199
198	202
198	217
198	245
198	255
198	299
199	3
199	20
199	55
199	64
199	69
199	79
199	92
199	103
199	109
199	124
199	128
199	144
199	157
199	168
199	177
199	198
199	200
199	207
199	217
199	219
199	238
199	241
199	279
199	280
199	293
200	27
200	30
200	36
200	64
200	69
200	77
200	94
200	103
200	110
200	113
200	159
200	168
200	177
200	184
200	198
200	199
200	211
200	215
200	217
200	245
200	250
200	263
200	268
200	286
200	294
201	13
201	22
201	24
201	28
201	49
201	66
201	70
201	73
201	81
201	86
201	91
201	103
201	104
201	106
201	132
201	133
201	136
201	191
201	222
201	248
201	259
201	261
201	268
201	291
201	299
202	13
202	50
202	85
202	96
202	105
202	109
202	122
202	123
202	132
202	174
202	184
202	186
202	201
202	216
202	229
202	242
202	247
202	259
202	261
202	263
202	265
202	269
202	274
202	290
202	299
203	2
203	52
203	60
203	71
203	100
203	109
203	128
203	140
203	141
203	150
203	151
203	170
203	176
203	181
203	195
203	227
203	228
203	245
203	248
203	249
203	261
203	263
203	273
203	275
203	279
204	29
204	44
204	45
204	59
204	64
204	68
204	113
204	125
204	126
204	130
204	143
204	145
204	146
204	148
204	189
204	199
204	205
204	206
204	217
204	247
204	252
204	261
204	281
204	290
204	294
205	4
205	29
205	36
205	54
205	86
205	113
205	121
205	151
205	155
205	157
205	165
205	166
205	175
205	184
205	197
205	204
205	206
205	240
205	246
205	275
205	281
205	283
205	284
205	290
205	300
206	4
206	9
206	35
206	47
206	61
206	78
206	94
206	98
206	116
206	127
206	148
206	197
206	204
206	205
206	214
206	243
206	246
206	247
206	258
206	267
206	275
206	280
206	289
206	290
206	300
207	25
207	30
207	48
207	78
207	80
207	105
207	107
207	108
207	142
207	147
207	153
207	171
207	173
207	176
207	180
207	218
207	258
207	260
207	262
207	267
207	272
207	282
207	295
207	298
207	299
208	2
208	8
208	26
208	50
208	51
208	58
208	101
208	120
208	123
208	129
208	132
208	138
208	145
208	168
208	198
208	218
208	220
208	223
208	235
208	246
208	269
208	272
208	282
208	291
208	296
209	6
209	7
209	76
209	93
209	135
209	146
209	150
209	158
209	159
209	174
209	182
209	212
209	213
209	215
209	221
209	224
209	241
209	243
209	250
209	270
209	271
209	273
209	275
209	284
209	287
210	4
210	15
210	44
210	51
210	53
210	65
210	78
210	112
210	118
210	121
210	123
210	146
210	155
210	171
210	196
210	199
210	212
210	219
210	245
210	251
210	281
210	283
210	289
210	290
210	300
211	6
211	36
211	73
211	120
211	133
211	141
211	154
211	164
211	168
211	171
211	178
211	187
211	189
211	225
211	229
211	242
211	243
211	254
211	256
211	269
211	276
211	283
211	297
211	298
211	300
212	8
212	32
212	34
212	58
212	73
212	85
212	94
212	98
212	101
212	110
212	149
212	158
212	190
212	231
212	232
212	233
212	248
212	252
212	253
212	274
212	276
212	285
212	286
212	288
212	292
213	12
213	24
213	33
213	54
213	70
213	93
213	115
213	123
213	167
213	182
213	186
213	215
213	216
213	224
213	237
213	243
213	244
213	250
213	257
213	268
213	271
213	284
213	291
213	292
213	294
214	2
214	9
214	41
214	53
214	62
214	74
214	76
214	127
214	129
214	130
214	145
214	159
214	162
214	164
214	176
214	208
214	213
214	220
214	231
214	244
214	246
214	263
214	272
214	280
214	296
215	22
215	24
215	30
215	48
215	69
215	74
215	96
215	124
215	130
215	135
215	140
215	144
215	166
215	169
215	182
215	192
215	209
215	216
215	224
215	246
215	250
215	258
215	273
215	284
215	291
216	24
216	32
216	39
216	104
216	122
216	123
216	124
216	135
216	140
216	165
216	169
216	182
216	185
216	212
216	215
216	219
216	221
216	224
216	231
216	236
216	237
216	262
216	281
216	284
216	287
217	3
217	34
217	58
217	64
217	79
217	103
217	104
217	110
217	134
217	136
217	144
217	157
217	168
217	184
217	185
217	198
217	199
217	200
217	241
217	247
217	266
217	269
217	270
217	278
217	282
218	47
218	58
218	76
218	88
218	120
218	129
218	130
218	145
218	150
218	155
218	161
218	173
218	192
218	206
218	208
218	214
218	235
218	239
218	244
218	246
218	251
218	262
218	273
218	295
218	296
219	22
219	46
219	51
219	58
219	75
219	78
219	102
219	119
219	131
219	169
219	175
219	181
219	183
219	191
219	198
219	248
219	249
219	251
219	256
219	270
219	278
219	279
219	284
219	297
219	299
220	6
220	48
220	58
220	76
220	94
220	101
220	111
220	156
220	169
220	182
220	189
220	192
220	196
220	203
220	204
220	205
220	208
220	214
220	240
220	244
220	246
220	257
220	272
220	287
220	296
221	7
221	12
221	25
221	91
221	93
221	104
221	124
221	136
221	153
221	162
221	180
221	196
221	197
221	216
221	236
221	250
221	255
221	258
221	259
221	261
221	284
221	287
221	291
221	294
221	300
222	3
222	32
222	37
222	53
222	61
222	80
222	97
222	109
222	111
222	122
222	153
222	165
222	174
222	177
222	186
222	199
222	202
222	205
222	219
222	233
222	237
222	259
222	263
222	269
222	299
223	11
223	87
223	99
223	107
223	118
223	121
223	122
223	137
223	161
223	163
223	166
223	204
223	224
223	226
223	228
223	265
223	266
223	273
223	275
223	279
223	280
223	281
223	285
223	292
223	293
224	25
224	54
224	81
224	95
224	96
224	115
224	124
224	129
224	137
224	150
224	187
224	209
224	213
224	222
224	226
224	244
224	250
224	264
224	265
224	271
224	282
224	284
224	288
224	294
224	295
225	6
225	7
225	45
225	58
225	66
225	88
225	120
225	133
225	158
225	163
225	168
225	179
225	202
225	211
225	234
225	243
225	247
225	253
225	254
225	257
225	260
225	265
225	277
225	297
225	298
226	37
226	60
226	72
226	83
226	118
226	122
226	131
226	136
226	137
226	143
226	160
226	166
226	178
226	210
226	223
226	225
226	228
226	244
226	266
226	273
226	275
226	279
226	280
226	293
226	295
227	3
227	42
227	52
227	100
227	126
227	127
227	140
227	147
227	151
227	152
227	154
227	182
227	195
227	203
227	205
227	224
227	238
227	245
227	248
227	249
227	251
227	262
227	265
227	284
227	289
228	33
228	45
228	65
228	72
228	91
228	118
228	122
228	124
228	130
228	148
228	163
228	165
228	195
228	207
228	213
228	223
228	226
228	266
228	273
228	275
228	279
228	280
228	285
228	293
228	296
229	32
229	34
229	54
229	55
229	60
229	98
229	105
229	153
229	162
229	163
229	174
229	194
229	198
229	202
229	222
229	244
229	259
229	263
229	268
229	270
229	271
229	275
229	282
229	290
229	298
230	1
230	12
230	59
230	65
230	86
230	90
230	97
230	107
230	135
230	139
230	151
230	159
230	173
230	174
230	176
230	181
230	221
230	223
230	231
230	237
230	238
230	244
230	278
230	282
230	292
231	6
231	11
231	36
231	57
231	76
231	89
231	134
231	154
231	161
231	178
231	183
231	189
231	211
231	218
231	234
231	243
231	254
231	255
231	257
231	265
231	270
231	276
231	288
231	297
231	298
232	5
232	8
232	16
232	37
232	63
232	66
232	68
232	71
232	76
232	92
232	106
232	117
232	119
232	120
232	128
232	129
232	133
232	158
232	217
232	230
232	274
232	284
232	287
232	292
232	296
233	16
233	23
233	38
233	65
233	71
233	117
233	135
233	149
233	158
233	162
233	196
233	200
233	211
233	212
233	232
233	236
233	240
233	249
233	263
233	264
233	274
233	278
233	286
233	288
233	292
234	6
234	9
234	13
234	18
234	23
234	155
234	164
234	183
234	189
234	192
234	193
234	225
234	231
234	243
234	254
234	255
234	260
234	264
234	265
234	272
234	273
234	276
234	277
234	294
234	298
235	11
235	26
235	41
235	74
235	77
235	114
235	121
235	130
235	138
235	179
235	182
235	190
235	192
235	197
235	208
235	218
235	224
235	229
235	241
235	244
235	246
235	262
235	272
235	283
235	296
236	7
236	10
236	50
236	54
236	68
236	82
236	93
236	100
236	105
236	111
236	115
236	116
236	124
236	139
236	198
236	212
236	213
236	216
236	221
236	258
236	259
236	266
236	279
236	291
236	294
237	1
237	19
237	21
237	55
237	63
237	78
237	86
237	90
237	96
237	124
237	131
237	138
237	139
237	159
237	161
237	181
237	194
237	230
237	234
237	238
237	248
237	254
237	257
237	288
237	297
238	1
238	5
238	19
238	21
238	41
238	44
238	51
238	85
238	86
238	125
238	126
238	128
238	139
238	151
238	159
238	176
238	182
238	204
238	229
238	230
238	232
238	237
238	267
238	271
238	276
239	3
239	33
239	65
239	80
239	87
239	93
239	105
239	116
239	126
239	147
239	168
239	173
239	174
239	176
239	203
239	215
239	219
239	240
239	245
239	267
239	269
239	271
239	275
239	277
239	297
240	33
240	49
240	70
240	86
240	96
240	106
240	116
240	131
240	134
240	136
240	147
240	207
240	223
240	224
240	239
240	241
240	252
240	267
240	271
240	277
240	282
240	285
240	293
240	295
240	297
241	5
241	24
241	28
241	33
241	41
241	48
241	59
241	70
241	80
241	83
241	108
241	112
241	136
241	142
241	158
241	170
241	175
241	180
241	196
241	239
241	240
241	254
241	261
241	268
241	295
242	9
242	14
242	15
242	55
242	64
242	73
242	104
242	132
242	144
242	156
242	157
242	167
242	175
242	177
242	179
242	193
242	201
242	202
242	222
242	236
242	263
242	268
242	269
242	273
242	296
243	4
243	6
243	8
243	24
243	43
243	120
243	139
243	170
243	189
243	193
243	211
243	231
243	234
243	237
243	240
243	254
243	257
243	260
243	261
243	262
243	265
243	267
243	281
243	290
243	298
244	51
244	66
244	69
244	74
244	76
244	78
244	111
244	112
244	129
244	138
244	156
244	158
244	188
244	192
244	208
244	215
244	218
244	220
244	221
244	222
244	246
244	262
244	265
244	282
244	296
245	32
245	40
245	42
245	52
245	60
245	87
245	88
245	95
245	100
245	120
245	126
245	128
245	138
245	141
245	149
245	153
245	170
245	195
245	227
245	228
245	239
245	248
245	249
245	270
245	292
246	26
246	30
246	35
246	41
246	58
246	100
246	101
246	107
246	111
246	129
246	138
246	156
246	162
246	163
246	170
246	209
246	211
246	218
246	220
246	235
246	257
246	260
246	262
246	276
246	289
247	2
247	21
247	58
247	70
247	78
247	84
247	99
247	112
247	126
247	135
247	148
247	168
247	172
247	184
247	191
247	194
247	197
247	204
247	210
247	234
247	252
247	281
247	283
247	290
247	300
248	16
248	29
248	38
248	40
248	67
248	72
248	100
248	141
248	152
248	154
248	170
248	177
248	182
248	195
248	203
248	211
248	227
248	245
248	249
248	251
248	260
248	269
248	275
248	295
249	2
249	14
249	20
249	40
249	60
249	89
249	94
249	128
249	130
249	140
249	145
249	147
249	170
249	184
249	187
249	195
249	197
249	203
249	216
249	227
249	240
249	245
249	248
249	254
249	294
250	7
250	17
250	25
250	50
250	67
250	68
250	90
250	96
250	113
250	116
250	123
250	178
250	207
250	214
250	218
250	224
250	236
250	254
250	258
250	271
250	276
250	284
250	287
250	291
250	294
251	39
251	56
251	59
251	102
251	119
251	124
251	131
251	157
251	158
251	172
251	183
251	185
251	191
251	194
251	219
251	228
251	231
251	243
251	256
251	258
251	270
251	273
251	290
251	292
251	300
252	13
252	47
252	68
252	78
252	90
252	95
252	127
252	148
252	160
252	171
252	181
252	188
252	193
252	194
252	197
252	204
252	206
252	228
252	269
252	272
252	281
252	289
252	290
252	291
252	300
253	6
253	37
253	49
253	50
253	52
253	59
253	105
253	114
253	129
253	134
253	138
253	142
253	147
253	169
253	181
253	207
253	208
253	214
253	236
253	239
253	241
253	277
253	280
253	282
253	295
254	7
254	25
254	36
254	43
254	53
254	64
254	74
254	89
254	131
254	159
254	164
254	174
254	193
254	204
254	225
254	234
254	240
254	243
254	251
254	260
254	265
254	276
254	294
254	298
254	299
255	39
255	43
255	71
255	81
255	89
255	96
255	108
255	120
255	130
255	136
255	154
255	164
255	179
255	193
255	197
255	211
255	224
255	225
255	231
255	241
255	249
255	257
255	268
255	287
255	298
256	42
256	48
256	51
256	61
256	72
256	75
256	131
256	132
256	139
256	152
256	162
256	167
256	172
256	183
256	190
256	194
256	216
256	219
256	247
256	251
256	270
256	278
256	286
256	289
256	300
257	4
257	36
257	79
257	89
257	107
257	120
257	133
257	137
257	165
257	179
257	187
257	193
257	225
257	231
257	233
257	234
257	243
257	254
257	255
257	265
257	274
257	276
257	283
257	297
257	299
258	12
258	17
258	32
258	67
258	93
258	94
258	96
258	115
258	135
258	150
258	165
258	169
258	170
258	203
258	209
258	221
258	232
258	236
258	240
258	243
258	250
258	264
258	266
258	278
258	291
259	23
259	28
259	37
259	75
259	88
259	113
259	117
259	120
259	130
259	132
259	136
259	153
259	167
259	169
259	177
259	201
259	229
259	242
259	256
259	263
259	268
259	274
259	282
259	287
259	299
260	6
260	8
260	11
260	18
260	89
260	117
260	120
260	133
260	134
260	137
260	154
260	164
260	195
260	206
260	211
260	225
260	228
260	255
260	261
260	277
260	278
260	281
260	293
260	297
260	298
261	46
261	81
261	104
261	106
261	107
261	114
261	126
261	132
261	136
261	143
261	162
261	186
261	190
261	202
261	207
261	222
261	231
261	236
261	247
261	249
261	268
261	277
261	293
261	298
261	299
262	10
262	56
262	58
262	70
262	76
262	89
262	111
262	114
262	117
262	126
262	145
262	156
262	188
262	192
262	201
262	203
262	208
262	214
262	218
262	235
262	244
262	261
262	267
262	272
262	296
263	15
263	23
263	33
263	37
263	38
263	53
263	61
263	75
263	109
263	114
263	140
263	186
263	188
263	198
263	201
263	207
263	225
263	238
263	255
263	259
263	261
263	269
263	277
263	298
263	299
264	24
264	25
264	50
264	91
264	102
264	110
264	123
264	124
264	127
264	128
264	135
264	140
264	195
264	215
264	221
264	238
264	242
264	250
264	254
264	258
264	259
264	271
264	287
264	291
264	294
265	8
265	11
265	18
265	24
265	36
265	42
265	91
265	113
265	120
265	154
265	189
265	198
265	212
265	220
265	231
265	240
265	243
265	248
265	255
265	257
265	260
265	276
265	288
265	297
265	298
266	5
266	14
266	45
266	57
266	72
266	74
266	146
266	148
266	154
266	163
266	165
266	178
266	186
266	189
266	211
266	222
266	226
266	228
266	242
266	275
266	279
266	280
266	285
266	293
266	300
267	3
267	32
267	59
267	62
267	93
267	134
267	142
267	147
267	151
267	170
267	171
267	173
267	197
267	207
267	210
267	215
267	224
267	238
267	239
267	241
267	271
267	282
267	283
267	295
267	296
268	15
268	22
268	27
268	28
268	54
268	65
268	73
268	76
268	81
268	94
268	103
268	109
268	132
268	136
268	175
268	181
268	194
268	207
268	230
268	238
268	253
268	256
268	259
268	261
268	299
269	14
269	22
269	32
269	71
269	79
269	105
269	114
269	132
269	136
269	145
269	174
269	180
269	193
269	194
269	201
269	203
269	208
269	217
269	229
269	249
269	253
269	268
269	291
269	298
269	299
270	51
270	61
270	95
270	98
270	102
270	116
270	167
270	169
270	172
270	183
270	188
270	191
270	198
270	202
270	206
270	211
270	219
270	231
270	250
270	251
270	256
270	261
270	262
270	278
270	281
271	23
271	50
271	82
271	91
271	98
271	119
271	123
271	131
271	150
271	152
271	173
271	182
271	202
271	212
271	216
271	221
271	224
271	227
271	234
271	250
271	264
271	268
271	284
271	287
271	291
272	28
272	35
272	45
272	58
272	74
272	101
272	111
272	125
272	129
272	135
272	145
272	172
272	174
272	181
272	192
272	200
272	210
272	214
272	220
272	244
272	246
272	259
272	262
272	289
272	299
273	31
273	36
273	40
273	52
273	57
273	62
273	68
273	72
273	118
273	122
273	143
273	163
273	174
273	178
273	191
273	226
273	228
273	266
273	275
273	279
273	280
273	285
273	290
273	293
273	300
274	5
274	16
274	38
274	61
274	69
274	71
274	75
274	92
274	103
274	117
274	133
274	154
274	158
274	187
274	190
274	191
274	200
274	233
274	234
274	255
274	267
274	269
274	287
274	288
274	292
275	4
275	21
275	45
275	47
275	53
275	57
275	79
275	109
275	137
275	143
275	177
275	178
275	218
275	223
275	226
275	227
275	248
275	251
275	266
275	271
275	273
275	279
275	285
275	291
275	293
276	23
276	35
276	43
276	67
276	120
276	133
276	173
276	181
276	185
276	187
276	189
276	197
276	211
276	234
276	239
276	243
276	255
276	256
276	260
276	265
276	284
276	286
276	297
276	298
276	300
277	29
277	32
277	48
277	54
277	62
277	67
277	71
277	93
277	116
277	118
277	134
277	145
277	173
277	180
277	196
277	207
277	209
277	215
277	223
277	229
277	250
277	267
277	288
277	295
277	299
278	39
278	48
278	61
278	65
278	67
278	75
278	84
278	95
278	113
278	116
278	131
278	139
278	167
278	175
278	183
278	191
278	194
278	204
278	224
278	247
278	251
278	254
278	270
278	292
278	294
279	5
279	45
279	72
279	89
279	123
279	124
279	137
279	163
279	165
279	166
279	171
279	178
279	187
279	204
279	225
279	250
279	266
279	273
279	275
279	277
279	280
279	282
279	285
279	293
279	299
280	45
280	81
280	118
280	122
280	124
280	163
280	166
280	177
280	178
280	210
280	221
280	223
280	228
280	233
280	247
280	257
280	264
280	266
280	272
280	273
280	275
280	279
280	285
280	289
280	293
281	29
281	35
281	49
281	56
281	66
281	67
281	83
281	95
281	113
281	121
281	126
281	127
281	137
281	166
281	171
281	197
281	204
281	210
281	222
281	252
281	256
281	269
281	283
281	290
281	300
282	11
282	30
282	59
282	65
282	108
282	125
282	126
282	134
282	139
282	149
282	173
282	186
282	196
282	234
282	236
282	237
282	240
282	241
282	253
282	260
282	263
282	266
282	267
282	270
282	281
283	4
283	11
283	14
283	16
283	18
283	44
283	50
283	54
283	78
283	155
283	156
283	171
283	188
283	194
283	197
283	201
283	204
283	243
283	247
283	276
283	281
283	286
283	289
283	290
283	300
284	16
284	43
284	44
284	46
284	60
284	91
284	115
284	123
284	124
284	157
284	186
284	209
284	215
284	216
284	236
284	244
284	250
284	253
284	258
284	264
284	265
284	268
284	271
284	287
284	291
285	5
285	12
285	16
285	57
285	67
285	71
285	122
285	137
285	165
285	178
285	196
285	200
285	223
285	226
285	228
285	237
285	239
285	266
285	272
285	273
285	275
285	279
285	280
285	293
285	298
286	2
286	7
286	16
286	31
286	33
286	34
286	66
286	68
286	97
286	105
286	120
286	172
286	177
286	187
286	190
286	192
286	195
286	200
286	220
286	233
286	239
286	240
286	246
286	274
286	288
287	7
287	17
287	24
287	25
287	30
287	47
287	52
287	54
287	82
287	91
287	109
287	115
287	140
287	154
287	156
287	210
287	215
287	224
287	232
287	233
287	235
287	279
287	284
287	291
287	294
288	5
288	38
288	68
288	81
288	88
288	97
288	100
288	105
288	147
288	149
288	157
288	158
288	160
288	165
288	198
288	201
288	212
288	232
288	233
288	272
288	274
288	283
288	286
288	287
288	292
289	4
289	40
289	42
289	44
289	62
289	78
289	113
289	126
289	148
289	160
289	162
289	188
289	204
289	206
289	210
289	224
289	247
289	254
289	270
289	278
289	288
289	290
289	293
289	299
289	300
290	4
290	17
290	29
290	73
290	77
290	81
290	84
290	108
290	112
290	121
290	127
290	146
290	148
290	155
290	171
290	175
290	191
290	210
290	235
290	247
290	252
290	261
290	270
290	275
290	283
291	2
291	7
291	82
291	91
291	110
291	121
291	124
291	150
291	154
291	172
291	190
291	215
291	216
291	222
291	224
291	227
291	236
291	238
291	242
291	250
291	257
291	264
291	271
291	276
291	277
292	31
292	66
292	68
292	73
292	85
292	108
292	121
292	131
292	132
292	149
292	168
292	184
292	190
292	203
292	207
292	212
292	214
292	216
292	226
292	229
292	232
292	247
292	256
292	274
292	286
293	16
293	56
293	77
293	115
293	122
293	137
293	143
293	159
293	165
293	166
293	178
293	209
293	221
293	223
293	226
293	228
293	244
293	266
293	270
293	273
293	275
293	276
293	280
293	284
293	285
294	8
294	23
294	24
294	33
294	54
294	72
294	123
294	129
294	134
294	152
294	169
294	181
294	182
294	206
294	213
294	215
294	221
294	224
294	228
294	236
294	247
294	250
294	256
294	271
294	291
295	49
295	54
295	62
295	87
295	93
295	108
295	119
295	123
295	134
295	139
295	142
295	173
295	174
295	178
295	196
295	207
295	228
295	237
295	239
295	241
295	267
295	283
295	285
295	290
295	292
296	26
296	35
296	42
296	71
296	76
296	79
296	91
296	101
296	106
296	111
296	122
296	130
296	131
296	134
296	138
296	141
296	145
296	156
296	166
296	218
296	220
296	246
296	262
296	263
296	272
297	18
297	24
297	72
297	89
297	110
297	133
297	154
297	193
297	199
297	211
297	220
297	230
297	234
297	237
297	243
297	254
297	255
297	257
297	276
297	278
297	280
297	287
297	295
297	296
297	300
298	20
298	43
298	60
298	98
298	127
298	133
298	154
298	155
298	158
298	161
298	179
298	193
298	198
298	225
298	227
298	231
298	232
298	234
298	246
298	254
298	257
298	260
298	265
298	266
298	285
299	5
299	23
299	24
299	37
299	64
299	79
299	86
299	94
299	109
299	114
299	122
299	153
299	157
299	163
299	166
299	174
299	186
299	213
299	222
299	230
299	241
299	261
299	268
299	269
299	280
300	9
300	29
300	45
300	84
300	112
300	125
300	127
300	142
300	146
300	149
300	155
300	190
300	206
300	208
300	223
300	227
300	232
300	235
300	240
300	252
300	273
300	280
300	281
300	289
300	298
