in-degree distribution (probability density function of the degree in logarithmic bins) 
17.2941	0.111939
19.525	0.0805956
21	0.0406924
22.6154	0.0441471
25.0625	0.0748185
27.5926	0.0386341
29.3077	0.0170761
32.0345	0.034969
35.2381	0.0232457
38.1304	0.0233717

in-degree distribution (degree-occurrences) 
17	0.12
18	0.05
19	0.0633333
20	0.07
21	0.0733333
22	0.0333333
23	0.0533333
24	0.05
25	0.05
26	0.06
27	0.0366667
28	0.0533333
29	0.03
30	0.0133333
31	0.0333333
32	0.0266667
33	0.0366667
34	0.0133333
35	0.0266667
36	0.03
37	0.0266667
38	0.0233333
39	0.0166667
40	0.01


--------------------------------------
out-degree distribution (probability density function of the degree in logarithmic bins) 
24	0.0172825
25	3.48694
26	1.41982

out-degree distribution (degree-occurrences) 
24	0.00333333
25	0.7
26	0.296667


--------------------------------------
community distribution (size-occurrences)
18	0.25
21	0.0833333
22	0.0833333
24	0.0833333
26	0.166667
30	0.0833333
31	0.0833333
32	0.0833333
34	0.0833333


--------------------------------------
mixing parameter (in-links)
0.470588	0.06
0.475094	0.0533333
0.478261	0.0233333
0.480593	0.0333333
0.483888	0.06
0.486349	0.0433333
0.5	0.433333
0.51363	0.0266667
0.516093	0.04
0.519352	0.0533333
0.521739	0.03
0.525013	0.0833333
0.529412	0.06

--------------------------------------
mixing parameter (out-links)
0.36	0.01
0.384615	0.00333333
0.4	0.0333333
0.423077	0.00666667
0.44	0.07
0.461538	0.0366667
0.48	0.23
0.5	0.173333
0.52	0.263333
0.538462	0.06
0.56	0.0666667
0.577991	0.02
0.6	0.02
0.64	0.00333333
0.68	0.00333333

--------------------------------------
