1	37
1	43
1	54
1	63
1	75
1	86
1	111
1	117
1	144
1	149
1	159
1	165
1	171
1	175
1	200
1	203
1	216
1	231
1	232
1	234
1	240
1	247
1	248
1	264
1	266
1	298
2	13
2	20
2	52
2	75
2	94
2	121
2	127
2	134
2	156
2	172
2	189
2	190
2	203
2	210
2	220
2	227
2	231
2	238
2	239
2	273
2	274
2	275
2	280
2	285
2	292
2	300
3	5
3	34
3	48
3	56
3	63
3	66
3	77
3	114
3	135
3	139
3	140
3	156
3	163
3	171
3	181
3	194
3	214
3	224
3	235
3	246
3	256
3	260
3	267
3	272
3	290
3	293
4	15
4	20
4	52
4	95
4	106
4	128
4	129
4	132
4	133
4	141
4	155
4	187
4	188
4	192
4	200
4	215
4	224
4	231
4	261
4	262
4	265
4	269
4	282
4	284
4	289
4	294
5	3
5	31
5	45
5	48
5	61
5	67
5	72
5	81
5	84
5	86
5	91
5	120
5	128
5	138
5	139
5	146
5	164
5	174
5	183
5	187
5	218
5	243
5	247
5	256
5	257
5	282
6	17
6	35
6	43
6	83
6	137
6	144
6	148
6	149
6	168
6	184
6	189
6	193
6	199
6	202
6	210
6	228
6	241
6	244
6	249
6	256
6	259
6	274
6	278
6	281
6	285
6	292
7	10
7	24
7	49
7	64
7	65
7	89
7	107
7	137
7	138
7	157
7	161
7	165
7	178
7	182
7	202
7	209
7	217
7	220
7	224
7	251
7	254
7	257
7	270
7	271
7	276
7	287
8	2
8	9
8	13
8	34
8	50
8	52
8	57
8	123
8	156
8	163
8	170
8	173
8	176
8	182
8	199
8	200
8	241
8	242
8	247
8	253
8	262
8	268
8	271
8	285
8	296
8	297
9	28
9	51
9	71
9	95
9	100
9	107
9	123
9	148
9	155
9	158
9	163
9	176
9	182
9	190
9	208
9	210
9	237
9	253
9	256
9	260
9	271
9	276
9	279
9	284
9	286
9	287
10	14
10	25
10	39
10	44
10	65
10	67
10	84
10	91
10	99
10	113
10	123
10	148
10	174
10	192
10	194
10	203
10	212
10	228
10	236
10	258
10	259
10	277
10	278
10	290
10	291
10	300
11	48
11	88
11	125
11	128
11	135
11	144
11	162
11	165
11	176
11	186
11	195
11	196
11	198
11	210
11	217
11	220
11	226
11	231
11	246
11	250
11	251
11	266
11	273
11	281
11	292
11	296
12	4
12	46
12	65
12	77
12	82
12	90
12	97
12	105
12	111
12	123
12	154
12	160
12	161
12	174
12	182
12	190
12	199
12	226
12	244
12	247
12	257
12	276
12	282
12	284
12	290
12	291
13	2
13	22
13	43
13	47
13	55
13	100
13	106
13	108
13	109
13	120
13	122
13	150
13	169
13	180
13	182
13	200
13	219
13	226
13	232
13	236
13	260
13	265
13	274
13	280
13	286
13	292
14	1
14	30
14	78
14	90
14	120
14	125
14	126
14	133
14	137
14	146
14	152
14	157
14	194
14	195
14	205
14	223
14	224
14	232
14	234
14	239
14	243
14	247
14	254
14	258
14	280
14	287
15	10
15	32
15	51
15	59
15	70
15	96
15	113
15	125
15	132
15	134
15	139
15	155
15	167
15	187
15	220
15	228
15	237
15	239
15	249
15	250
15	255
15	270
15	274
15	276
15	289
15	295
16	11
16	15
16	38
16	48
16	49
16	59
16	65
16	82
16	98
16	113
16	114
16	132
16	145
16	158
16	183
16	194
16	198
16	216
16	238
16	239
16	242
16	246
16	273
16	275
16	291
16	296
17	14
17	21
17	26
17	51
17	52
17	60
17	81
17	108
17	112
17	117
17	119
17	125
17	128
17	136
17	169
17	174
17	185
17	202
17	212
17	248
17	258
17	267
17	268
17	270
17	272
17	287
18	15
18	36
18	50
18	61
18	75
18	85
18	124
18	131
18	171
18	176
18	180
18	181
18	211
18	219
18	222
18	226
18	236
18	239
18	243
18	252
18	253
18	279
18	292
18	293
18	296
18	300
19	10
19	23
19	31
19	50
19	80
19	92
19	94
19	100
19	104
19	106
19	111
19	114
19	116
19	140
19	148
19	153
19	159
19	177
19	226
19	240
19	244
19	249
19	250
19	275
19	282
19	283
20	12
20	35
20	42
20	60
20	86
20	115
20	128
20	132
20	145
20	168
20	171
20	191
20	213
20	228
20	234
20	243
20	246
20	249
20	256
20	261
20	268
20	277
20	279
20	290
20	294
20	300
21	28
21	44
21	61
21	63
21	76
21	78
21	97
21	107
21	114
21	136
21	157
21	164
21	188
21	192
21	206
21	209
21	227
21	237
21	258
21	259
21	266
21	280
21	282
21	283
21	286
21	297
22	8
22	25
22	45
22	65
22	81
22	83
22	105
22	113
22	115
22	119
22	122
22	147
22	162
22	181
22	188
22	197
22	207
22	232
22	253
22	258
22	264
22	268
22	271
22	276
22	285
22	295
23	33
23	42
23	47
23	73
23	77
23	84
23	94
23	104
23	108
23	118
23	122
23	127
23	136
23	161
23	163
23	185
23	195
23	210
23	220
23	226
23	235
23	248
23	255
23	256
23	276
23	291
24	7
24	11
24	39
24	53
24	64
24	77
24	87
24	96
24	101
24	128
24	143
24	145
24	152
24	221
24	223
24	238
24	239
24	251
24	262
24	265
24	266
24	277
24	281
24	286
24	287
24	295
25	2
25	80
25	82
25	111
25	115
25	134
25	136
25	161
25	165
25	166
25	181
25	192
25	195
25	201
25	215
25	221
25	229
25	240
25	243
25	247
25	248
25	273
25	274
25	285
25	295
25	297
26	19
26	52
26	55
26	69
26	79
26	80
26	83
26	109
26	133
26	160
26	161
26	176
26	187
26	209
26	213
26	221
26	230
26	240
26	248
26	263
26	267
26	279
26	280
26	283
26	284
26	289
27	13
27	20
27	48
27	63
27	73
27	74
27	91
27	92
27	95
27	99
27	125
27	150
27	173
27	175
27	180
27	191
27	195
27	211
27	212
27	224
27	231
27	251
27	258
27	268
27	272
27	276
28	53
28	56
28	93
28	95
28	97
28	101
28	120
28	128
28	129
28	156
28	160
28	163
28	173
28	188
28	193
28	216
28	241
28	245
28	248
28	249
28	250
28	272
28	292
28	294
28	296
28	297
29	41
29	60
29	70
29	76
29	78
29	114
29	125
29	131
29	142
29	152
29	157
29	160
29	172
29	206
29	221
29	223
29	230
29	232
29	235
29	242
29	245
29	255
29	267
29	278
29	288
29	299
30	6
30	9
30	11
30	18
30	23
30	31
30	51
30	61
30	81
30	100
30	101
30	103
30	162
30	165
30	198
30	211
30	237
30	254
30	262
30	276
30	286
30	287
30	290
30	291
30	294
30	296
31	4
31	11
31	34
31	72
31	81
31	88
31	102
31	128
31	147
31	149
31	161
31	167
31	179
31	183
31	186
31	188
31	216
31	217
31	223
31	228
31	230
31	232
31	256
31	274
31	276
31	291
32	16
32	48
32	53
32	70
32	76
32	104
32	118
32	129
32	131
32	144
32	150
32	152
32	170
32	178
32	190
32	197
32	205
32	219
32	228
32	229
32	252
32	258
32	264
32	283
32	299
32	300
33	6
33	11
33	22
33	31
33	34
33	59
33	66
33	76
33	88
33	89
33	108
33	142
33	144
33	154
33	161
33	170
33	171
33	176
33	182
33	183
33	211
33	231
33	239
33	249
33	275
33	299
34	5
34	9
34	20
34	23
34	25
34	27
34	68
34	72
34	76
34	92
34	134
34	148
34	159
34	167
34	182
34	183
34	198
34	202
34	217
34	230
34	249
34	253
34	268
34	280
34	286
34	291
35	4
35	25
35	40
35	55
35	59
35	81
35	84
35	109
35	133
35	150
35	158
35	159
35	172
35	198
35	236
35	240
35	248
35	258
35	266
35	268
35	277
35	284
35	292
35	293
35	298
35	299
36	20
36	30
36	40
36	42
36	68
36	80
36	85
36	93
36	100
36	113
36	124
36	129
36	131
36	163
36	164
36	193
36	202
36	229
36	232
36	238
36	256
36	260
36	276
36	277
36	283
36	290
37	15
37	45
37	48
37	75
37	79
37	85
37	119
37	130
37	136
37	150
37	166
37	169
37	176
37	185
37	192
37	208
37	210
37	216
37	225
37	232
37	237
37	241
37	280
37	288
37	290
37	300
38	1
38	19
38	43
38	51
38	68
38	83
38	84
38	99
38	102
38	121
38	152
38	164
38	187
38	188
38	211
38	213
38	222
38	223
38	250
38	251
38	258
38	262
38	268
38	275
38	290
38	293
39	29
39	54
39	66
39	97
39	117
39	118
39	127
39	137
39	146
39	153
39	156
39	169
39	181
39	184
39	185
39	206
39	215
39	218
39	236
39	249
39	261
39	265
39	266
39	267
39	277
39	292
40	17
40	50
40	62
40	71
40	86
40	101
40	129
40	146
40	164
40	210
40	217
40	218
40	228
40	244
40	247
40	248
40	255
40	261
40	262
40	267
40	275
40	288
40	292
40	295
40	296
40	297
41	45
41	52
41	55
41	64
41	102
41	119
41	126
41	141
41	154
41	185
41	198
41	204
41	226
41	231
41	240
41	253
41	261
41	268
41	274
41	282
41	284
41	286
41	289
41	291
41	294
41	295
42	2
42	6
42	18
42	26
42	44
42	56
42	59
42	81
42	94
42	103
42	128
42	139
42	163
42	205
42	222
42	224
42	228
42	230
42	249
42	252
42	260
42	263
42	281
42	286
42	293
42	294
43	10
43	36
43	56
43	61
43	77
43	92
43	107
43	110
43	133
43	166
43	179
43	185
43	200
43	217
43	235
43	255
43	257
43	258
43	261
43	265
43	269
43	276
43	287
43	289
43	294
43	295
44	23
44	29
44	43
44	53
44	55
44	81
44	95
44	105
44	154
44	167
44	189
44	192
44	194
44	200
44	201
44	207
44	215
44	216
44	221
44	233
44	234
44	243
44	252
44	258
44	269
44	272
45	8
45	30
45	36
45	38
45	43
45	116
45	126
45	134
45	141
45	145
45	155
45	158
45	159
45	176
45	182
45	183
45	189
45	193
45	221
45	238
45	240
45	246
45	274
45	286
45	290
45	295
46	7
46	15
46	34
46	36
46	63
46	139
46	148
46	152
46	168
46	176
46	177
46	208
46	212
46	220
46	223
46	224
46	235
46	238
46	240
46	252
46	265
46	277
46	282
46	298
46	299
46	300
47	25
47	68
47	105
47	122
47	135
47	138
47	141
47	143
47	147
47	158
47	160
47	178
47	184
47	195
47	202
47	204
47	206
47	217
47	224
47	227
47	234
47	240
47	241
47	282
47	285
47	292
48	19
48	21
48	22
48	32
48	45
48	57
48	87
48	110
48	114
48	120
48	124
48	125
48	132
48	154
48	186
48	208
48	212
48	218
48	240
48	256
48	263
48	267
48	269
48	270
48	273
48	298
49	38
49	70
49	78
49	82
49	98
49	108
49	121
49	122
49	123
49	141
49	150
49	151
49	170
49	181
49	193
49	196
49	201
49	206
49	219
49	239
49	247
49	269
49	278
49	279
49	281
49	291
50	1
50	4
50	9
50	45
50	46
50	77
50	85
50	98
50	116
50	117
50	118
50	124
50	127
50	138
50	146
50	147
50	170
50	186
50	196
50	200
50	230
50	239
50	257
50	265
50	274
50	295
51	12
51	15
51	31
51	54
51	60
51	71
51	89
51	130
51	139
51	149
51	156
51	167
51	169
51	187
51	188
51	191
51	193
51	232
51	249
51	257
51	268
51	274
51	280
51	289
51	292
51	295
52	41
52	46
52	62
52	76
52	90
52	100
52	111
52	113
52	132
52	141
52	173
52	184
52	189
52	199
52	214
52	233
52	240
52	242
52	243
52	253
52	259
52	265
52	270
52	271
52	289
52	294
53	9
53	17
53	26
53	38
53	49
53	77
53	81
53	120
53	159
53	163
53	166
53	168
53	176
53	179
53	184
53	206
53	209
53	221
53	245
53	249
53	278
53	280
53	298
53	299
53	300
54	4
54	6
54	21
54	60
54	87
54	89
54	95
54	98
54	108
54	114
54	130
54	169
54	180
54	186
54	198
54	211
54	243
54	259
54	261
54	270
54	271
54	273
54	281
54	283
54	285
55	4
55	44
55	56
55	66
55	93
55	143
55	153
55	166
55	172
55	179
55	202
55	205
55	217
55	222
55	230
55	233
55	238
55	251
55	261
55	267
55	270
55	272
55	280
55	284
55	298
56	35
56	85
56	107
56	110
56	125
56	130
56	145
56	152
56	153
56	168
56	170
56	173
56	185
56	194
56	198
56	205
56	225
56	231
56	234
56	237
56	249
56	265
56	293
56	299
56	300
57	4
57	6
57	10
57	22
57	25
57	33
57	45
57	53
57	58
57	60
57	74
57	83
57	89
57	92
57	95
57	133
57	206
57	227
57	229
57	234
57	235
57	249
57	261
57	298
57	299
58	13
58	21
58	28
58	50
58	98
58	101
58	104
58	109
58	119
58	124
58	126
58	129
58	132
58	143
58	171
58	187
58	200
58	246
58	247
58	248
58	260
58	261
58	285
58	293
58	298
59	18
59	110
59	119
59	121
59	133
59	136
59	143
59	163
59	167
59	186
59	190
59	191
59	208
59	210
59	243
59	256
59	270
59	272
59	273
59	277
59	279
59	283
59	284
59	293
59	296
60	33
60	38
60	61
60	62
60	67
60	91
60	97
60	124
60	126
60	134
60	147
60	163
60	168
60	195
60	223
60	239
60	247
60	251
60	254
60	261
60	269
60	277
60	288
60	296
60	300
61	36
61	43
61	46
61	91
61	103
61	110
61	117
61	125
61	132
61	138
61	143
61	157
61	161
61	172
61	175
61	218
61	223
61	241
61	247
61	263
61	266
61	277
61	288
61	290
61	293
62	15
62	29
62	39
62	66
62	72
62	76
62	133
62	136
62	137
62	154
62	164
62	180
62	189
62	207
62	214
62	220
62	221
62	236
62	237
62	241
62	262
62	268
62	270
62	292
62	299
63	3
63	39
63	56
63	81
63	91
63	149
63	153
63	162
63	179
63	185
63	189
63	213
63	217
63	219
63	232
63	234
63	235
63	256
63	262
63	265
63	266
63	288
63	289
63	290
63	298
64	24
64	46
64	57
64	71
64	78
64	115
64	117
64	120
64	121
64	138
64	154
64	158
64	190
64	196
64	233
64	245
64	253
64	254
64	276
64	277
64	286
64	288
64	289
64	291
64	298
65	16
65	19
65	22
65	83
65	90
65	96
65	98
65	103
65	112
65	115
65	160
65	174
65	181
65	184
65	201
65	207
65	209
65	217
65	225
65	226
65	230
65	257
65	258
65	271
65	272
66	31
66	37
66	39
66	54
66	64
66	80
66	91
66	101
66	116
66	139
66	142
66	172
66	177
66	185
66	194
66	203
66	227
66	230
66	237
66	242
66	263
66	272
66	273
66	275
66	282
67	1
67	12
67	19
67	66
67	86
67	96
67	107
67	111
67	120
67	123
67	185
67	187
67	192
67	197
67	222
67	225
67	234
67	245
67	254
67	271
67	276
67	283
67	285
67	286
67	291
68	54
68	58
68	60
68	73
68	87
68	93
68	101
68	108
68	112
68	140
68	141
68	154
68	167
68	187
68	190
68	191
68	195
68	196
68	236
68	239
68	272
68	277
68	284
68	286
68	296
69	11
69	28
69	52
69	71
69	90
69	96
69	98
69	122
69	126
69	133
69	145
69	154
69	159
69	181
69	211
69	222
69	230
69	244
69	251
69	272
69	277
69	283
69	288
69	290
69	297
70	15
70	26
70	50
70	67
70	88
70	93
70	99
70	116
70	123
70	126
70	135
70	141
70	149
70	150
70	151
70	177
70	192
70	196
70	199
70	203
70	205
70	219
70	250
70	259
70	288
71	11
71	32
71	41
71	45
71	51
71	55
71	66
71	76
71	89
71	102
71	106
71	112
71	116
71	120
71	134
71	150
71	159
71	170
71	177
71	180
71	185
71	187
71	204
71	277
71	291
72	40
72	55
72	81
72	96
72	108
72	117
72	130
72	136
72	149
72	156
72	163
72	164
72	173
72	176
72	180
72	199
72	217
72	227
72	236
72	242
72	257
72	266
72	281
72	282
72	294
73	33
73	48
73	54
73	69
73	76
73	77
73	89
73	106
73	122
73	135
73	140
73	176
73	196
73	213
73	215
73	218
73	219
73	237
73	264
73	266
73	283
73	285
73	291
73	294
73	299
74	7
74	9
74	13
74	42
74	47
74	84
74	91
74	112
74	122
74	131
74	133
74	138
74	168
74	176
74	189
74	193
74	201
74	213
74	233
74	241
74	246
74	262
74	270
74	275
74	294
75	6
75	18
75	20
75	36
75	37
75	40
75	53
75	93
75	127
75	133
75	141
75	157
75	194
75	206
75	214
75	225
75	233
75	234
75	250
75	270
75	273
75	286
75	296
75	297
75	300
76	16
76	25
76	37
76	40
76	55
76	64
76	71
76	96
76	99
76	111
76	117
76	130
76	141
76	182
76	193
76	211
76	230
76	266
76	268
76	269
76	276
76	285
76	295
76	297
76	300
77	14
77	24
77	26
77	32
77	47
77	72
77	113
77	121
77	127
77	149
77	152
77	205
77	207
77	212
77	221
77	238
77	245
77	252
77	254
77	255
77	273
77	275
77	280
77	284
77	299
78	4
78	27
78	29
78	37
78	56
78	65
78	74
78	77
78	90
78	91
78	105
78	118
78	135
78	137
78	175
78	200
78	222
78	225
78	228
78	244
78	258
78	275
78	278
78	287
78	299
79	11
79	26
79	33
79	106
79	120
79	140
79	142
79	147
79	166
79	171
79	175
79	193
79	195
79	196
79	200
79	203
79	214
79	220
79	221
79	225
79	245
79	255
79	285
79	291
79	293
80	31
80	60
80	74
80	78
80	79
80	94
80	122
80	129
80	135
80	148
80	150
80	153
80	191
80	193
80	195
80	201
80	202
80	206
80	209
80	250
80	254
80	268
80	269
80	273
80	292
81	5
81	26
81	69
81	72
81	88
81	99
81	108
81	110
81	130
81	174
81	177
81	184
81	191
81	196
81	198
81	207
81	222
81	238
81	264
81	269
81	270
81	281
81	283
81	284
81	285
82	8
82	9
82	18
82	40
82	48
82	50
82	54
82	111
82	122
82	137
82	138
82	142
82	160
82	168
82	190
82	215
82	216
82	220
82	225
82	251
82	262
82	264
82	275
82	281
82	284
83	37
83	48
83	58
83	62
83	90
83	93
83	95
83	96
83	106
83	123
83	124
83	132
83	162
83	180
83	198
83	206
83	213
83	215
83	217
83	256
83	259
83	276
83	280
83	283
83	298
84	12
84	19
84	33
84	37
84	49
84	58
84	65
84	69
84	77
84	79
84	112
84	133
84	164
84	208
84	209
84	216
84	219
84	226
84	256
84	260
84	264
84	274
84	282
84	288
84	297
85	19
85	36
85	45
85	56
85	66
85	84
85	97
85	107
85	111
85	172
85	175
85	207
85	208
85	215
85	218
85	228
85	231
85	234
85	238
85	246
85	262
85	270
85	280
85	289
85	298
86	10
86	20
86	70
86	71
86	98
86	113
86	115
86	130
86	135
86	152
86	159
86	160
86	169
86	203
86	206
86	232
86	236
86	248
86	250
86	257
86	259
86	261
86	274
86	278
86	284
87	30
87	34
87	52
87	71
87	84
87	88
87	109
87	112
87	159
87	161
87	168
87	170
87	185
87	196
87	197
87	212
87	218
87	238
87	242
87	259
87	260
87	273
87	277
87	292
87	297
88	9
88	31
88	35
88	67
88	92
88	106
88	124
88	127
88	135
88	159
88	204
88	222
88	226
88	228
88	229
88	235
88	246
88	266
88	272
88	282
88	293
88	295
88	297
88	298
88	300
89	25
89	26
89	31
89	41
89	42
89	49
89	59
89	71
89	75
89	92
89	123
89	132
89	169
89	174
89	184
89	190
89	215
89	222
89	239
89	240
89	253
89	268
89	282
89	286
89	291
90	6
90	7
90	12
90	55
90	70
90	83
90	89
90	106
90	126
90	153
90	154
90	169
90	178
90	188
90	190
90	202
90	209
90	226
90	241
90	250
90	260
90	270
90	271
90	276
90	295
91	35
91	40
91	67
91	97
91	112
91	123
91	128
91	147
91	157
91	171
91	173
91	182
91	192
91	205
91	212
91	216
91	223
91	235
91	245
91	253
91	263
91	266
91	279
91	290
91	294
92	5
92	33
92	70
92	71
92	88
92	91
92	102
92	140
92	158
92	162
92	163
92	181
92	193
92	196
92	204
92	216
92	222
92	244
92	246
92	263
92	266
92	280
92	292
92	294
92	297
93	56
93	68
93	92
93	99
93	102
93	105
93	119
93	135
93	139
93	145
93	154
93	160
93	171
93	181
93	183
93	197
93	217
93	222
93	240
93	257
93	259
93	266
93	284
93	289
93	290
94	16
94	19
94	23
94	25
94	31
94	62
94	115
94	120
94	135
94	136
94	146
94	154
94	165
94	190
94	194
94	207
94	208
94	212
94	226
94	249
94	254
94	259
94	274
94	295
94	296
95	23
95	25
95	28
95	53
95	59
95	75
95	91
95	109
95	126
95	145
95	162
95	168
95	183
95	195
95	216
95	229
95	243
95	247
95	251
95	254
95	275
95	278
95	283
95	284
95	290
96	61
96	63
96	64
96	70
96	92
96	102
96	103
96	122
96	132
96	161
96	164
96	173
96	179
96	183
96	185
96	186
96	207
96	212
96	216
96	226
96	242
96	257
96	268
96	282
96	297
97	38
97	65
97	72
97	110
97	119
97	125
97	151
97	156
97	162
97	182
97	195
97	198
97	208
97	218
97	219
97	231
97	245
97	255
97	259
97	263
97	264
97	269
97	283
97	286
97	289
98	25
98	26
98	27
98	38
98	42
98	44
98	47
98	53
98	75
98	79
98	89
98	92
98	97
98	113
98	117
98	161
98	196
98	205
98	206
98	211
98	213
98	234
98	250
98	263
98	267
99	68
99	74
99	93
99	105
99	106
99	130
99	142
99	143
99	154
99	160
99	167
99	170
99	172
99	178
99	183
99	214
99	231
99	239
99	242
99	251
99	257
99	259
99	280
99	281
99	296
100	45
100	46
100	99
100	109
100	111
100	115
100	132
100	134
100	144
100	164
100	203
100	212
100	218
100	219
100	225
100	230
100	236
100	238
100	244
100	254
100	256
100	263
100	270
100	271
100	281
101	12
101	34
101	69
101	77
101	83
101	120
101	127
101	129
101	133
101	136
101	153
101	179
101	187
101	194
101	197
101	211
101	214
101	233
101	239
101	249
101	250
101	251
101	260
101	279
101	296
102	11
102	75
102	96
102	103
102	128
102	137
102	147
102	167
102	170
102	195
102	197
102	204
102	207
102	216
102	218
102	221
102	224
102	227
102	228
102	260
102	261
102	268
102	274
102	276
102	299
103	10
103	11
103	74
103	86
103	92
103	94
103	140
103	152
103	172
103	180
103	189
103	211
103	222
103	224
103	244
103	246
103	253
103	255
103	258
103	264
103	280
103	283
103	293
103	294
103	295
104	59
104	76
104	110
104	111
104	129
104	131
104	144
104	148
104	175
104	186
104	191
104	194
104	202
104	211
104	226
104	232
104	245
104	254
104	255
104	262
104	284
104	285
104	291
104	292
104	300
105	10
105	60
105	65
105	79
105	83
105	108
105	112
105	113
105	128
105	145
105	151
105	168
105	178
105	202
105	213
105	217
105	225
105	260
105	261
105	271
105	277
105	281
105	284
105	289
105	292
106	9
106	18
106	28
106	49
106	67
106	76
106	100
106	162
106	175
106	180
106	190
106	193
106	209
106	221
106	223
106	224
106	239
106	242
106	248
106	253
106	254
106	269
106	275
106	292
106	299
107	5
107	48
107	49
107	64
107	67
107	85
107	93
107	139
107	150
107	164
107	170
107	173
107	177
107	178
107	199
107	227
107	244
107	246
107	260
107	265
107	275
107	286
107	295
107	297
107	300
108	3
108	42
108	47
108	50
108	62
108	64
108	78
108	134
108	135
108	137
108	143
108	155
108	161
108	163
108	165
108	167
108	178
108	219
108	227
108	234
108	244
108	257
108	272
108	288
108	299
109	56
109	61
109	71
109	92
109	103
109	117
109	134
109	138
109	156
109	159
109	161
109	196
109	201
109	203
109	214
109	221
109	231
109	235
109	237
109	239
109	240
109	246
109	286
109	287
109	296
110	18
110	25
110	29
110	46
110	59
110	65
110	105
110	127
110	154
110	158
110	168
110	172
110	177
110	181
110	213
110	222
110	224
110	240
110	250
110	251
110	264
110	269
110	280
110	282
110	283
111	6
111	13
111	25
111	37
111	99
111	114
111	116
111	131
111	135
111	148
111	156
111	158
111	167
111	184
111	185
111	186
111	198
111	203
111	213
111	215
111	230
111	236
111	250
111	280
111	289
112	15
112	35
112	82
112	94
112	100
112	110
112	114
112	115
112	127
112	140
112	143
112	159
112	181
112	188
112	199
112	211
112	214
112	232
112	239
112	260
112	267
112	270
112	288
112	296
112	298
113	3
113	67
113	77
113	107
113	112
113	136
113	142
113	150
113	155
113	178
113	184
113	218
113	221
113	223
113	227
113	239
113	240
113	245
113	252
113	257
113	265
113	266
113	270
113	283
113	292
114	7
114	28
114	51
114	80
114	116
114	118
114	130
114	137
114	141
114	160
114	183
114	199
114	202
114	206
114	207
114	209
114	219
114	228
114	229
114	233
114	237
114	239
114	249
114	260
114	283
115	22
115	23
115	51
115	64
115	67
115	74
115	99
115	126
115	139
115	156
115	168
115	187
115	189
115	197
115	202
115	203
115	219
115	227
115	238
115	256
115	257
115	281
115	290
115	297
115	300
116	3
116	10
116	17
116	33
116	85
116	103
116	112
116	118
116	127
116	129
116	136
116	138
116	149
116	156
116	161
116	182
116	188
116	193
116	195
116	219
116	229
116	233
116	268
116	294
116	295
117	9
117	14
117	26
117	90
117	120
117	125
117	126
117	128
117	139
117	155
117	169
117	173
117	177
117	182
117	186
117	210
117	220
117	221
117	229
117	237
117	258
117	263
117	283
117	286
117	289
118	27
118	33
118	39
118	95
118	107
118	114
118	115
118	117
118	120
118	138
118	147
118	174
118	179
118	186
118	189
118	201
118	235
118	238
118	250
118	256
118	257
118	268
118	282
118	287
118	299
119	8
119	58
119	93
119	125
119	146
119	148
119	158
119	173
119	176
119	182
119	185
119	203
119	212
119	222
119	223
119	232
119	243
119	275
119	277
119	278
119	279
119	287
119	294
119	295
119	300
120	12
120	19
120	39
120	42
120	88
120	124
120	138
120	147
120	174
120	181
120	186
120	201
120	206
120	215
120	221
120	224
120	245
120	251
120	252
120	257
120	258
120	263
120	282
120	296
120	299
121	18
121	25
121	33
121	97
121	116
121	122
121	130
121	150
121	152
121	164
121	174
121	183
121	191
121	198
121	202
121	224
121	232
121	236
121	239
121	244
121	245
121	259
121	262
121	271
121	284
122	13
122	27
122	40
122	51
122	72
122	73
122	108
122	135
122	142
122	145
122	173
122	191
122	195
122	211
122	226
122	233
122	237
122	238
122	253
122	271
122	273
122	276
122	282
122	285
122	292
123	29
123	47
123	56
123	69
123	80
123	84
123	86
123	93
123	137
123	158
123	164
123	171
123	192
123	201
123	203
123	217
123	235
123	259
123	263
123	275
123	278
123	281
123	290
123	297
123	298
124	11
124	93
124	106
124	129
124	140
124	144
124	150
124	158
124	181
124	194
124	195
124	218
124	225
124	239
124	240
124	244
124	255
124	263
124	270
124	274
124	275
124	283
124	285
124	294
124	298
125	16
125	20
125	42
125	44
125	67
125	72
125	75
125	79
125	105
125	106
125	133
125	143
125	144
125	152
125	157
125	173
125	183
125	215
125	252
125	253
125	255
125	265
125	269
125	286
125	300
126	21
126	42
126	47
126	49
126	81
126	83
126	103
126	156
126	176
126	187
126	204
126	208
126	214
126	220
126	224
126	243
126	250
126	261
126	263
126	279
126	280
126	283
126	288
126	295
126	297
127	2
127	14
127	17
127	50
127	60
127	61
127	67
127	85
127	117
127	119
127	133
127	135
127	138
127	152
127	159
127	166
127	169
127	187
127	213
127	241
127	243
127	258
127	264
127	266
127	292
128	51
128	84
128	124
128	131
128	172
128	183
128	199
128	205
128	209
128	214
128	216
128	219
128	221
128	228
128	231
128	245
128	247
128	249
128	251
128	271
128	274
128	278
128	279
128	292
128	295
129	18
129	51
129	74
129	78
129	87
129	96
129	109
129	171
129	175
129	177
129	187
129	201
129	204
129	208
129	247
129	251
129	254
129	270
129	273
129	275
129	276
129	279
129	293
129	296
129	297
130	5
130	7
130	9
130	33
130	65
130	67
130	78
130	83
130	90
130	110
130	118
130	132
130	144
130	151
130	162
130	192
130	208
130	212
130	231
130	252
130	259
130	265
130	275
130	276
130	299
131	2
131	7
131	24
131	54
131	68
131	80
131	117
131	120
131	139
131	143
131	152
131	155
131	169
131	186
131	193
131	194
131	211
131	212
131	246
131	265
131	267
131	272
131	287
131	297
131	299
132	4
132	66
132	116
132	123
132	145
132	146
132	160
132	165
132	166
132	169
132	177
132	178
132	179
132	211
132	231
132	235
132	241
132	261
132	262
132	264
132	269
132	275
132	281
132	292
132	300
133	11
133	24
133	33
133	63
133	73
133	74
133	142
133	144
133	150
133	158
133	161
133	172
133	182
133	188
133	200
133	201
133	211
133	217
133	221
133	231
133	248
133	261
133	267
133	280
133	288
134	56
134	69
134	98
134	104
134	110
134	111
134	135
134	139
134	205
134	221
134	225
134	232
134	236
134	242
134	244
134	252
134	260
134	264
134	271
134	272
134	274
134	277
134	285
134	289
134	293
135	14
135	79
135	89
135	114
135	121
135	165
135	171
135	177
135	178
135	179
135	181
135	184
135	210
135	213
135	228
135	232
135	236
135	256
135	257
135	263
135	265
135	278
135	281
135	285
135	296
136	47
136	51
136	53
136	68
136	77
136	108
136	166
136	167
136	180
136	182
136	183
136	203
136	209
136	228
136	229
136	237
136	246
136	247
136	248
136	268
136	272
136	273
136	275
136	288
136	300
137	6
137	24
137	29
137	103
137	118
137	120
137	125
137	131
137	146
137	151
137	171
137	191
137	197
137	208
137	209
137	223
137	238
137	240
137	247
137	251
137	264
137	265
137	269
137	281
137	285
138	31
138	63
138	70
138	100
138	108
138	122
138	161
138	172
138	192
138	204
138	219
138	230
138	235
138	236
138	239
138	240
138	246
138	247
138	248
138	263
138	266
138	275
138	278
138	286
138	291
139	5
139	17
139	21
139	48
139	70
139	79
139	80
139	135
139	136
139	138
139	149
139	174
139	185
139	197
139	199
139	203
139	215
139	243
139	249
139	250
139	282
139	288
139	289
139	291
139	297
140	9
140	47
140	57
140	65
140	84
140	122
140	137
140	144
140	147
140	148
140	162
140	181
140	184
140	191
140	199
140	224
140	229
140	232
140	252
140	260
140	278
140	281
140	285
140	292
140	300
141	23
141	24
141	28
141	30
141	84
141	89
141	110
141	182
141	196
141	200
141	202
141	207
141	216
141	218
141	223
141	227
141	230
141	233
141	235
141	241
141	254
141	269
141	270
141	279
141	287
142	32
142	36
142	118
142	124
142	146
142	151
142	152
142	167
142	171
142	173
142	180
142	193
142	204
142	205
142	213
142	220
142	233
142	236
142	255
142	264
142	266
142	271
142	275
142	293
142	296
143	3
143	4
143	79
143	102
143	142
143	153
143	155
143	156
143	163
143	165
143	179
143	199
143	210
143	217
143	219
143	222
143	226
143	234
143	245
143	263
143	278
143	281
143	285
143	293
143	300
144	25
144	38
144	52
144	74
144	81
144	107
144	113
144	119
144	192
144	193
144	196
144	205
144	207
144	210
144	220
144	256
144	259
144	260
144	265
144	268
144	280
144	287
144	291
144	296
144	300
145	13
145	27
145	49
145	85
145	92
145	118
145	122
145	134
145	151
145	186
145	204
145	205
145	213
145	224
145	225
145	227
145	232
145	235
145	252
145	257
145	284
145	294
145	295
145	298
145	299
146	32
146	56
146	58
146	60
146	77
146	107
146	108
146	120
146	127
146	140
146	141
146	158
146	161
146	180
146	190
146	197
146	202
146	206
146	209
146	244
146	253
146	254
146	264
146	287
146	299
147	29
147	68
147	77
147	87
147	90
147	105
147	114
147	127
147	128
147	137
147	158
147	164
147	182
147	183
147	186
147	202
147	210
147	214
147	223
147	231
147	235
147	245
147	251
147	295
147	300
148	2
148	12
148	19
148	22
148	40
148	46
148	59
148	64
148	80
148	111
148	125
148	134
148	143
148	151
148	154
148	165
148	179
148	197
148	199
148	220
148	261
148	269
148	274
148	291
148	299
149	22
149	51
149	56
149	62
149	66
149	68
149	129
149	151
149	158
149	175
149	201
149	204
149	208
149	209
149	211
149	212
149	227
149	228
149	229
149	242
149	257
149	272
149	274
149	289
149	290
150	37
150	53
150	59
150	65
150	75
150	84
150	100
150	134
150	142
150	152
150	155
150	177
150	208
150	225
150	229
150	231
150	234
150	241
150	248
150	257
150	261
150	263
150	265
150	271
150	295
151	1
151	21
151	30
151	86
151	95
151	97
151	114
151	132
151	141
151	142
151	163
151	170
151	179
151	182
151	183
151	184
151	185
151	195
151	208
151	215
151	229
151	240
151	255
151	269
151	276
152	14
152	53
152	57
152	90
152	102
152	116
152	129
152	132
152	147
152	159
152	169
152	174
152	186
152	189
152	205
152	218
152	258
152	260
152	271
152	272
152	282
152	284
152	288
152	293
152	297
153	27
153	41
153	50
153	63
153	104
153	112
153	125
153	142
153	165
153	180
153	182
153	184
153	191
153	195
153	209
153	211
153	220
153	235
153	239
153	251
153	255
153	276
153	279
153	290
153	291
154	1
154	12
154	27
154	35
154	45
154	60
154	67
154	71
154	76
154	103
154	119
154	126
154	158
154	189
154	193
154	224
154	228
154	246
154	263
154	277
154	280
154	281
154	287
154	293
154	296
155	16
155	31
155	34
155	64
155	72
155	79
155	94
155	95
155	102
155	141
155	163
155	184
155	194
155	214
155	225
155	230
155	233
155	251
155	253
155	262
155	272
155	276
155	279
155	289
155	291
156	1
156	20
156	76
156	87
156	97
156	103
156	106
156	134
156	180
156	185
156	200
156	201
156	205
156	213
156	220
156	223
156	225
156	230
156	231
156	233
156	236
156	241
156	242
156	250
156	264
157	24
157	46
157	50
157	140
157	143
157	149
157	151
157	156
157	163
157	176
157	180
157	184
157	192
157	204
157	205
157	222
157	224
157	240
157	259
157	266
157	272
157	275
157	276
157	288
157	293
158	38
158	41
158	52
158	78
158	105
158	138
158	147
158	173
158	190
158	203
158	213
158	224
158	250
158	254
158	258
158	264
158	271
158	279
158	280
158	284
158	288
158	291
158	295
158	298
158	299
159	17
159	26
159	32
159	41
159	42
159	55
159	73
159	104
159	113
159	133
159	137
159	141
159	145
159	151
159	170
159	204
159	210
159	221
159	224
159	230
159	239
159	263
159	265
159	277
159	298
160	7
160	14
160	58
160	62
160	69
160	80
160	105
160	124
160	147
160	173
160	192
160	197
160	204
160	207
160	210
160	217
160	226
160	242
160	244
160	276
160	277
160	282
160	288
160	290
160	296
161	7
161	58
161	61
161	69
161	75
161	97
161	104
161	109
161	115
161	142
161	160
161	164
161	175
161	180
161	191
161	193
161	195
161	221
161	245
161	252
161	272
161	274
161	275
161	289
161	299
162	4
162	36
162	40
162	52
162	57
162	60
162	72
162	74
162	78
162	81
162	108
162	148
162	157
162	167
162	170
162	184
162	196
162	201
162	224
162	227
162	238
162	246
162	253
162	281
162	292
163	8
163	18
163	28
163	33
163	43
163	64
163	68
163	93
163	100
163	104
163	131
163	137
163	146
163	158
163	175
163	176
163	198
163	219
163	220
163	228
163	241
163	242
163	261
163	263
163	299
164	18
164	21
164	31
164	53
164	100
164	121
164	139
164	162
164	167
164	176
164	206
164	209
164	211
164	216
164	222
164	234
164	251
164	257
164	260
164	264
164	265
164	274
164	289
164	294
164	297
165	8
165	13
165	35
165	47
165	49
165	78
165	94
165	106
165	109
165	126
165	135
165	145
165	159
165	198
165	202
165	206
165	225
165	236
165	255
165	267
165	271
165	283
165	285
165	288
165	296
166	16
166	30
166	38
166	82
166	133
166	143
166	144
166	149
166	151
166	162
166	171
166	174
166	184
166	199
166	203
166	209
166	229
166	233
166	238
166	252
166	254
166	259
166	262
166	280
166	300
167	5
167	12
167	88
167	91
167	101
167	146
167	168
167	183
167	191
167	205
167	216
167	218
167	222
167	227
167	228
167	229
167	231
167	237
167	247
167	252
167	254
167	263
167	265
167	268
167	294
168	16
168	53
168	72
168	82
168	96
168	99
168	107
168	122
168	133
168	147
168	155
168	210
168	214
168	229
168	241
168	250
168	251
168	266
168	279
168	281
168	285
168	287
168	293
168	296
168	299
169	1
169	22
169	61
169	99
169	127
169	131
169	140
169	153
169	174
169	175
169	179
169	187
169	188
169	201
169	205
169	218
169	221
169	223
169	249
169	258
169	262
169	268
169	270
169	289
169	299
170	19
170	28
170	35
170	45
170	49
170	50
170	64
170	80
170	83
170	85
170	106
170	130
170	137
170	171
170	189
170	193
170	233
170	262
170	267
170	278
170	280
170	281
170	286
170	293
170	294
171	16
171	43
171	70
171	79
171	84
171	94
171	109
171	115
171	140
171	151
171	161
171	184
171	196
171	197
171	200
171	207
171	211
171	223
171	230
171	234
171	263
171	265
171	269
171	288
171	296
172	3
172	14
172	29
172	35
172	40
172	43
172	62
172	97
172	100
172	128
172	148
172	168
172	175
172	189
172	205
172	213
172	218
172	219
172	227
172	253
172	254
172	268
172	273
172	282
172	289
173	31
173	56
173	61
173	66
173	82
173	86
173	96
173	107
173	131
173	149
173	153
173	166
173	193
173	204
173	212
173	215
173	220
173	230
173	234
173	242
173	261
173	266
173	269
173	282
173	285
174	17
174	23
174	32
174	52
174	56
174	58
174	83
174	118
174	129
174	143
174	146
174	171
174	179
174	196
174	206
174	209
174	221
174	228
174	231
174	237
174	241
174	286
174	287
174	289
174	294
175	26
175	54
175	68
175	75
175	90
175	91
175	92
175	94
175	98
175	115
175	155
175	160
175	165
175	167
175	168
175	171
175	200
175	203
175	215
175	226
175	237
175	266
175	269
175	282
175	284
176	2
176	11
176	35
176	45
176	49
176	61
176	68
176	73
176	87
176	100
176	117
176	147
176	163
176	175
176	196
176	209
176	211
176	222
176	227
176	230
176	243
176	248
176	287
176	295
176	300
177	8
177	18
177	27
177	29
177	37
177	52
177	73
177	81
177	112
177	113
177	123
177	124
177	154
177	160
177	170
177	188
177	190
177	192
177	229
177	255
177	256
177	274
177	296
177	297
177	298
178	12
178	22
178	40
178	48
178	86
178	115
178	124
178	130
178	146
178	172
178	189
178	192
178	194
178	222
178	227
178	233
178	243
178	271
178	274
178	276
178	281
178	285
178	287
178	295
178	296
179	49
179	55
179	87
179	98
179	119
179	147
179	156
179	170
179	171
179	176
179	177
179	208
179	215
179	227
179	231
179	234
179	237
179	251
179	259
179	268
179	272
179	283
179	294
179	298
179	300
180	1
180	20
180	36
180	44
180	58
180	67
180	82
180	104
180	107
180	143
180	145
180	157
180	175
180	183
180	185
180	188
180	216
180	222
180	244
180	255
180	256
180	261
180	270
180	282
180	289
181	32
181	54
181	70
181	94
181	128
181	130
181	140
181	150
181	151
181	171
181	177
181	196
181	198
181	205
181	217
181	228
181	234
181	267
181	270
181	271
181	281
181	286
181	288
181	297
181	298
182	17
182	45
182	47
182	53
182	114
182	116
182	138
182	142
182	170
182	180
182	190
182	195
182	211
182	214
182	221
182	226
182	228
182	233
182	245
182	254
182	258
182	273
182	283
182	291
182	298
183	27
183	51
183	57
183	71
183	87
183	96
183	104
183	105
183	129
183	132
183	133
183	162
183	172
183	207
183	214
183	215
183	232
183	235
183	242
183	265
183	267
183	268
183	280
183	282
183	285
184	10
184	19
184	22
184	47
184	64
184	73
184	80
184	104
184	113
184	131
184	149
184	153
184	155
184	157
184	165
184	173
184	192
184	204
184	223
184	262
184	270
184	284
184	285
184	287
184	292
185	13
185	63
185	82
185	91
185	94
185	123
185	129
185	134
185	142
185	145
185	151
185	154
185	155
185	157
185	176
185	180
185	194
185	202
185	225
185	236
185	240
185	248
185	269
185	273
185	274
186	3
186	17
186	24
186	63
186	78
186	89
186	108
186	116
186	118
186	126
186	137
186	140
186	144
186	183
186	187
186	199
186	224
186	226
186	243
186	247
186	255
186	284
186	287
186	292
186	299
187	16
187	24
187	28
187	36
187	37
187	60
187	92
187	96
187	97
187	118
187	135
187	156
187	166
187	197
187	201
187	208
187	209
187	222
187	232
187	247
187	260
187	262
187	278
187	281
187	298
188	14
188	16
188	30
188	39
188	41
188	121
188	125
188	141
188	144
188	165
188	177
188	189
188	194
188	201
188	230
188	237
188	245
188	248
188	252
188	254
188	259
188	260
188	261
188	277
188	296
189	32
189	33
189	44
189	79
189	90
189	92
189	102
189	114
189	152
189	153
189	200
189	215
189	218
189	229
189	245
189	249
189	255
189	264
189	273
189	282
189	283
189	287
189	289
189	292
189	294
190	7
190	8
190	28
190	33
190	50
190	76
190	78
190	85
190	121
190	134
190	138
190	146
190	169
190	173
190	185
190	197
190	202
190	212
190	227
190	228
190	243
190	253
190	256
190	276
190	286
191	5
191	43
191	44
191	61
191	119
191	130
191	148
191	166
191	168
191	190
191	194
191	195
191	196
191	202
191	207
191	210
191	226
191	232
191	239
191	242
191	244
191	262
191	265
191	266
191	273
192	4
192	10
192	67
192	86
192	101
192	102
192	105
192	128
192	135
192	143
192	197
192	201
192	214
192	219
192	226
192	228
192	247
192	250
192	260
192	265
192	271
192	276
192	277
192	290
192	300
193	2
193	8
193	50
193	64
193	71
193	73
193	123
193	139
193	144
193	148
193	153
193	155
193	159
193	165
193	200
193	202
193	206
193	229
193	230
193	241
193	243
193	258
193	261
193	290
193	291
194	14
194	15
194	18
194	23
194	59
194	76
194	85
194	109
194	116
194	122
194	135
194	136
194	140
194	155
194	158
194	170
194	199
194	219
194	238
194	265
194	267
194	273
194	278
194	283
194	284
195	23
195	45
195	53
195	80
195	95
195	97
195	111
195	112
195	113
195	119
195	121
195	142
195	155
195	164
195	165
195	181
195	191
195	226
195	234
195	244
195	248
195	253
195	256
195	259
195	270
196	17
196	33
196	45
196	52
196	70
196	89
196	97
196	149
196	163
196	170
196	174
196	187
196	200
196	201
196	209
196	233
196	239
196	241
196	242
196	246
196	247
196	255
196	260
196	262
196	271
197	50
197	63
197	72
197	92
197	102
197	105
197	114
197	115
197	123
197	130
197	135
197	151
197	157
197	162
197	192
197	203
197	210
197	222
197	241
197	242
197	257
197	270
197	271
197	282
197	284
198	6
198	19
198	23
198	51
198	58
198	79
198	80
198	82
198	117
198	123
198	146
198	162
198	168
198	169
198	177
198	181
198	191
198	206
198	236
198	246
198	250
198	261
198	263
198	276
198	296
199	3
199	6
199	13
199	32
199	37
199	54
199	56
199	93
199	94
199	119
199	124
199	142
199	151
199	167
199	187
199	192
199	194
199	201
199	214
199	216
199	223
199	237
199	265
199	278
199	288
200	81
200	93
200	101
200	111
200	119
200	120
200	136
200	148
200	163
200	175
200	176
200	179
200	182
200	188
200	206
200	214
200	215
200	225
200	234
200	241
200	250
200	255
200	269
200	272
200	288
201	9
201	16
201	30
201	40
201	57
201	63
201	72
201	86
201	89
201	101
201	131
201	132
201	136
201	158
201	160
201	179
201	183
201	187
201	207
201	218
201	220
201	241
201	252
201	257
201	291
202	6
202	46
202	86
202	98
202	104
202	118
202	165
202	168
202	184
202	195
202	198
202	201
202	211
202	217
202	219
202	220
202	224
202	232
202	233
202	242
202	248
202	253
202	274
202	286
202	287
203	8
203	12
203	13
203	26
203	44
203	63
203	67
203	70
203	90
203	99
203	120
203	130
203	152
203	153
203	158
203	190
203	195
203	235
203	248
203	259
203	271
203	274
203	285
203	293
203	299
204	12
204	18
204	21
204	29
204	39
204	41
204	46
204	69
204	81
204	97
204	152
204	159
204	167
204	211
204	218
204	227
204	231
204	238
204	245
204	250
204	263
204	275
204	284
204	295
204	298
205	8
205	14
205	17
205	20
205	21
205	34
205	47
205	57
205	61
205	98
205	118
205	125
205	127
205	149
205	156
205	160
205	175
205	186
205	190
205	200
205	214
205	220
205	229
205	259
205	272
206	1
206	15
206	53
206	73
206	78
206	109
206	146
206	155
206	163
206	167
206	169
206	174
206	186
206	189
206	197
206	201
206	215
206	232
206	264
206	267
206	286
206	288
206	296
206	299
206	300
207	5
207	45
207	62
207	72
207	90
207	95
207	152
207	156
207	157
207	171
207	181
207	188
207	197
207	218
207	229
207	242
207	245
207	250
207	253
207	258
207	266
207	273
207	279
207	289
207	296
208	18
208	22
208	52
208	95
208	103
208	130
208	138
208	144
208	150
208	157
208	164
208	171
208	194
208	203
208	205
208	237
208	249
208	257
208	265
208	266
208	267
208	269
208	278
208	296
208	298
209	2
209	8
209	14
209	66
209	87
209	90
209	113
209	136
209	164
209	172
209	181
209	189
209	229
209	233
209	244
209	265
209	267
209	268
209	269
209	273
209	285
209	286
209	290
209	298
209	299
210	34
210	44
210	47
210	74
210	80
210	101
210	124
210	126
210	127
210	148
210	153
210	162
210	165
210	178
210	194
210	225
210	235
210	236
210	240
210	243
210	244
210	245
210	258
210	292
210	295
211	32
211	38
211	47
211	61
211	73
211	82
211	88
211	129
211	132
211	148
211	153
211	160
211	166
211	169
211	172
211	175
211	179
211	191
211	198
211	217
211	244
211	247
211	248
211	284
211	293
212	18
212	48
212	57
212	99
212	112
212	132
212	148
212	149
212	150
212	159
212	178
212	182
212	193
212	214
212	216
212	225
212	226
212	234
212	273
212	274
212	278
212	280
212	286
212	294
212	295
213	4
213	35
213	55
213	69
213	90
213	144
213	147
213	154
213	180
213	182
213	184
213	204
213	208
213	210
213	225
213	238
213	243
213	244
213	253
213	254
213	263
213	264
213	269
213	298
213	300
214	7
214	22
214	43
214	57
214	64
214	82
214	85
214	88
214	115
214	120
214	140
214	166
214	173
214	177
214	178
214	209
214	213
214	247
214	256
214	260
214	267
214	269
214	273
214	288
214	291
215	7
215	27
215	29
215	44
215	54
215	80
215	118
215	120
215	122
215	126
215	151
215	157
215	165
215	173
215	205
215	222
215	228
215	229
215	245
215	262
215	266
215	280
215	281
215	283
215	292
216	21
216	31
216	36
216	50
216	53
216	58
216	62
216	63
216	112
216	136
216	138
216	139
216	149
216	189
216	195
216	198
216	203
216	232
216	242
216	249
216	256
216	259
216	271
216	275
216	279
217	8
217	10
217	21
217	22
217	85
217	86
217	89
217	99
217	117
217	123
217	127
217	135
217	137
217	141
217	165
217	178
217	182
217	201
217	215
217	237
217	241
217	260
217	290
217	299
217	300
218	1
218	44
218	49
218	51
218	84
218	87
218	91
218	99
218	104
218	124
218	126
218	130
218	136
218	146
218	212
218	219
218	258
218	259
218	274
218	288
218	289
218	291
218	297
218	299
218	300
219	23
219	30
219	34
219	66
219	69
219	73
219	91
219	100
219	106
219	108
219	115
219	138
219	141
219	153
219	155
219	180
219	183
219	188
219	197
219	206
219	209
219	215
219	238
219	252
219	262
220	46
220	55
220	57
220	85
220	86
220	91
220	104
220	107
220	123
220	131
220	143
220	179
220	185
220	187
220	194
220	211
220	212
220	229
220	231
220	235
220	242
220	254
220	279
220	282
220	286
221	29
221	39
221	41
221	42
221	78
221	94
221	99
221	117
221	128
221	157
221	164
221	178
221	210
221	223
221	229
221	236
221	246
221	254
221	267
221	278
221	279
221	284
221	289
221	292
221	297
222	20
222	57
222	69
222	90
222	116
222	119
222	145
222	168
222	169
222	170
222	175
222	182
222	191
222	197
222	236
222	255
222	257
222	262
222	264
222	269
222	277
222	279
222	286
222	290
222	294
223	12
223	16
223	17
223	39
223	58
223	86
223	94
223	149
223	166
223	169
223	174
223	206
223	207
223	208
223	236
223	238
223	256
223	258
223	264
223	267
223	279
223	281
223	287
223	291
223	293
224	10
224	27
224	39
224	41
224	73
224	87
224	88
224	92
224	98
224	102
224	117
224	126
224	134
224	186
224	187
224	206
224	226
224	233
224	248
224	258
224	263
224	279
224	293
224	295
224	297
225	3
225	32
225	37
225	106
225	112
225	142
225	162
225	164
225	167
225	168
225	173
225	189
225	192
225	202
225	212
225	214
225	237
225	252
225	253
225	260
225	262
225	266
225	278
225	297
225	298
226	6
226	13
226	15
226	19
226	34
226	38
226	62
226	63
226	101
226	122
226	142
226	154
226	174
226	178
226	196
226	206
226	210
226	219
226	232
226	238
226	243
226	260
226	262
226	274
226	288
227	9
227	27
227	28
227	66
227	69
227	113
227	114
227	121
227	129
227	134
227	140
227	149
227	167
227	172
227	216
227	220
227	231
227	234
227	236
227	248
227	254
227	255
227	270
227	272
227	273
228	1
228	5
228	64
228	72
228	78
228	98
228	102
228	114
228	148
228	159
228	166
228	172
228	181
228	190
228	207
228	208
228	216
228	223
228	227
228	233
228	234
228	243
228	259
228	272
228	297
229	2
229	15
229	43
229	70
229	83
229	97
229	104
229	114
229	128
229	145
229	167
229	188
229	207
229	209
229	223
229	244
229	253
229	254
229	264
229	273
229	274
229	276
229	285
229	292
229	295
230	8
230	13
230	71
230	82
230	84
230	102
230	106
230	117
230	138
230	141
230	150
230	178
230	183
230	190
230	198
230	219
230	233
230	243
230	250
230	260
230	267
230	272
230	285
230	290
230	300
231	7
231	27
231	36
231	57
231	68
231	108
231	125
231	127
231	133
231	153
231	154
231	157
231	166
231	171
231	177
231	183
231	193
231	220
231	229
231	233
231	235
231	266
231	278
231	290
231	297
232	2
232	23
232	47
232	68
232	69
232	125
232	134
232	144
232	185
232	191
232	196
232	200
232	218
232	227
232	236
232	249
232	251
232	257
232	261
232	265
232	278
232	288
232	292
232	296
232	299
233	12
233	34
233	51
233	68
233	106
233	121
233	139
233	143
233	153
233	163
233	193
233	205
233	237
233	245
233	247
233	249
233	252
233	259
233	260
233	262
233	273
233	277
233	291
233	297
233	298
234	13
234	16
234	19
234	43
234	44
234	55
234	58
234	75
234	79
234	94
234	124
234	137
234	143
234	188
234	199
234	225
234	245
234	255
234	256
234	257
234	265
234	283
234	285
234	287
234	291
235	21
235	25
235	31
235	35
235	55
235	56
235	74
235	75
235	98
235	109
235	110
235	118
235	142
235	146
235	171
235	186
235	197
235	220
235	233
235	244
235	262
235	267
235	272
235	279
235	295
236	16
236	25
236	36
236	37
236	81
236	86
236	100
236	104
236	121
236	134
236	140
236	145
236	164
236	179
236	191
236	192
236	202
236	207
236	242
236	244
236	255
236	274
236	277
236	282
236	290
237	14
237	43
237	49
237	64
237	94
237	99
237	102
237	114
237	124
237	133
237	150
237	162
237	164
237	174
237	190
237	209
237	210
237	223
237	229
237	242
237	273
237	278
237	284
237	291
237	294
238	42
238	46
238	52
238	72
238	97
238	103
238	107
238	181
238	192
238	199
238	204
238	207
238	208
238	224
238	227
238	228
238	232
238	241
238	245
238	255
238	278
238	287
238	288
238	289
238	294
239	14
239	30
239	41
239	49
239	73
239	75
239	95
239	117
239	120
239	122
239	130
239	196
239	200
239	204
239	215
239	230
239	233
239	253
239	261
239	267
239	279
239	286
239	289
239	290
239	294
240	3
240	41
240	73
240	86
240	112
240	113
240	116
240	126
240	132
240	137
240	143
240	149
240	164
240	169
240	213
240	227
240	230
240	244
240	255
240	272
240	277
240	284
240	290
240	293
240	295
241	4
241	24
241	59
241	60
241	65
241	130
241	134
241	141
241	155
241	162
241	168
241	169
241	196
241	199
241	202
241	214
241	231
241	242
241	245
241	247
241	251
241	273
241	275
241	285
241	297
242	21
242	49
242	80
242	85
242	96
242	118
242	119
242	126
242	128
242	160
242	170
242	174
242	189
242	191
242	199
242	227
242	237
242	249
242	253
242	254
242	266
242	276
242	279
242	289
242	293
243	6
243	15
243	20
243	28
243	32
243	110
243	129
243	131
243	154
243	157
243	158
243	159
243	180
243	188
243	203
243	216
243	228
243	230
243	232
243	263
243	264
243	267
243	280
243	283
243	293
244	3
244	57
244	94
244	95
244	105
244	112
244	114
244	121
244	138
244	146
244	178
244	184
244	210
244	213
244	214
244	216
244	226
244	230
244	249
244	260
244	274
244	279
244	291
244	292
244	298
245	27
245	28
245	35
245	61
245	97
245	101
245	106
245	109
245	110
245	149
245	161
245	166
245	167
245	170
245	179
245	192
245	203
245	235
245	243
245	252
245	272
245	273
245	277
245	293
245	294
246	5
246	39
246	41
246	57
246	76
246	78
246	85
246	96
246	106
246	113
246	119
246	123
246	124
246	146
246	176
246	198
246	210
246	217
246	241
246	248
246	250
246	251
246	252
246	254
246	279
247	4
247	27
247	28
247	37
247	40
247	54
247	59
247	63
247	71
247	139
247	155
247	178
247	208
247	211
247	215
247	224
247	225
247	233
247	248
247	254
247	264
247	266
247	277
247	280
247	281
248	44
248	46
248	54
248	58
248	95
248	102
248	112
248	127
248	159
248	167
248	179
248	183
248	188
248	190
248	198
248	207
248	217
248	238
248	246
248	263
248	264
248	273
248	275
248	281
248	287
249	4
249	6
249	21
249	89
249	98
249	101
249	102
249	107
249	137
249	172
249	178
249	189
249	199
249	207
249	212
249	214
249	217
249	234
249	237
249	250
249	272
249	273
249	280
249	282
249	290
250	22
250	24
250	42
250	57
250	67
250	77
250	93
250	100
250	103
250	121
250	132
250	152
250	166
250	173
250	174
250	192
250	195
250	208
250	211
250	249
250	262
250	275
250	283
250	285
250	296
251	35
251	40
251	54
251	55
251	62
251	65
251	82
251	90
251	105
251	111
251	132
251	146
251	149
251	150
251	166
251	198
251	199
251	206
251	222
251	241
251	254
251	269
251	270
251	283
251	291
252	4
252	26
252	36
252	39
252	65
252	68
252	96
252	107
252	139
252	144
252	147
252	160
252	199
252	212
252	220
252	225
252	228
252	250
252	258
252	267
252	268
252	269
252	279
252	294
252	300
253	3
253	29
253	34
253	42
253	50
253	65
253	89
253	115
253	116
253	121
253	144
253	150
253	163
253	165
253	174
253	180
253	202
253	210
253	219
253	239
253	244
253	248
253	263
253	266
253	286
254	37
254	38
254	39
254	44
254	48
254	101
254	111
254	117
254	156
254	166
254	187
254	188
254	193
254	196
254	198
254	200
254	201
254	221
254	230
254	243
254	255
254	257
254	286
254	290
254	295
255	10
255	22
255	30
255	37
255	55
255	58
255	62
255	87
255	151
255	161
255	174
255	177
255	181
255	200
255	209
255	213
255	220
255	240
255	245
255	256
255	264
255	269
255	271
255	279
255	292
256	55
256	87
256	100
256	103
256	110
256	113
256	122
256	150
256	193
256	194
256	196
256	214
256	217
256	235
256	237
256	239
256	242
256	255
256	260
256	261
256	270
256	287
256	288
256	292
256	297
257	14
257	44
257	70
257	104
257	109
257	112
257	121
257	122
257	130
257	150
257	157
257	165
257	178
257	183
257	217
257	231
257	247
257	259
257	276
257	277
257	288
257	290
257	292
257	294
257	298
258	2
258	32
258	66
258	78
258	105
258	125
258	131
258	147
258	151
258	154
258	156
258	157
258	162
258	180
258	188
258	191
258	220
258	223
258	230
258	238
258	239
258	250
258	272
258	278
258	287
259	7
259	24
259	33
259	41
259	48
259	52
259	57
259	70
259	86
259	90
259	101
259	115
259	139
259	145
259	147
259	157
259	178
259	184
259	194
259	207
259	216
259	231
259	271
259	275
259	282
260	34
260	36
260	56
260	76
260	95
260	98
260	103
260	140
260	143
260	197
260	199
260	208
260	215
260	218
260	220
260	222
260	238
260	239
260	258
260	264
260	275
260	284
260	288
260	296
260	300
261	2
261	24
261	36
261	58
261	62
261	83
261	95
261	96
261	111
261	133
261	162
261	166
261	169
261	171
261	200
261	234
261	240
261	246
261	247
261	252
261	258
261	264
261	271
261	281
261	287
262	5
262	26
262	28
262	54
262	61
262	80
262	136
262	160
262	168
262	170
262	185
262	186
262	188
262	189
262	212
262	225
262	241
262	242
262	248
262	250
262	260
262	263
262	279
262	283
262	297
263	3
263	20
263	27
263	32
263	34
263	69
263	79
263	83
263	98
263	102
263	119
263	127
263	145
263	159
263	161
263	185
263	204
263	219
263	242
263	271
263	274
263	276
263	277
263	281
263	287
264	7
264	40
264	73
264	92
264	115
264	118
264	133
264	145
264	157
264	158
264	179
264	199
264	213
264	218
264	221
264	227
264	248
264	271
264	275
264	281
264	282
264	283
264	284
264	288
264	294
265	38
265	59
265	75
265	82
265	88
265	89
265	107
265	144
265	172
265	175
265	177
265	181
265	190
265	208
265	212
265	222
265	233
265	237
265	245
265	258
265	277
265	280
265	291
265	293
265	300
266	1
266	30
266	37
266	46
266	63
266	69
266	72
266	79
266	105
266	148
266	156
266	161
266	170
266	173
266	185
266	213
266	215
266	217
266	223
266	232
266	246
266	287
266	289
266	291
266	293
267	17
267	38
267	55
267	75
267	124
267	165
267	174
267	175
267	176
267	178
267	179
267	181
267	194
267	212
267	213
267	234
267	247
267	252
267	257
267	262
267	273
267	277
267	289
267	297
267	299
268	11
268	36
268	62
268	66
268	69
268	88
268	96
268	101
268	124
268	131
268	136
268	162
268	164
268	189
268	193
268	198
268	225
268	235
268	249
268	252
268	275
268	287
268	289
268	290
268	293
269	1
269	2
269	82
269	85
269	98
269	101
269	108
269	109
269	128
269	139
269	180
269	191
269	198
269	207
269	208
269	215
269	229
269	236
269	245
269	251
269	253
269	272
269	278
269	284
269	297
270	2
270	3
270	8
270	11
270	30
270	46
270	71
270	75
270	84
270	87
270	107
270	152
270	169
270	187
270	231
270	237
270	252
270	255
270	256
270	257
270	267
270	273
270	278
270	286
270	295
271	9
271	17
271	70
271	83
271	84
271	109
271	125
271	130
271	140
271	176
271	180
271	197
271	202
271	203
271	216
271	230
271	236
271	244
271	257
271	258
271	259
271	261
271	279
271	285
271	290
272	29
272	38
272	46
272	52
272	63
272	70
272	84
272	98
272	109
272	145
272	153
272	156
272	160
272	186
272	191
272	203
272	205
272	221
272	231
272	235
272	253
272	267
272	276
272	287
272	294
273	15
273	29
273	60
273	72
273	82
273	94
273	100
273	105
273	108
273	111
273	158
273	172
273	175
273	188
273	195
273	197
273	203
273	224
273	228
273	229
273	249
273	252
273	259
273	268
273	286
274	2
274	6
274	16
274	74
274	83
274	91
274	101
274	134
274	153
274	173
274	177
274	179
274	184
274	187
274	204
274	210
274	212
274	213
274	230
274	244
274	246
274	249
274	251
274	256
274	285
275	11
275	17
275	44
275	58
275	60
275	89
275	151
275	157
275	166
275	170
275	172
275	175
275	190
275	201
275	204
275	220
275	246
275	250
275	272
275	276
275	280
275	281
275	282
275	284
275	286
276	7
276	22
276	34
276	77
276	93
276	104
276	115
276	153
276	160
276	161
276	166
276	177
276	181
276	200
276	203
276	213
276	217
276	235
276	238
276	246
276	283
276	290
276	293
276	296
276	298
277	14
277	21
277	38
277	59
277	79
277	82
277	103
277	116
277	126
277	148
277	155
277	160
277	210
277	211
277	213
277	223
277	243
277	268
277	269
277	280
277	282
277	293
277	295
277	298
277	299
278	3
278	39
278	43
278	46
278	53
278	54
278	102
278	116
278	139
278	144
278	167
278	216
278	218
278	225
278	235
278	247
278	249
278	259
278	261
278	262
278	286
278	294
278	296
278	297
278	300
279	8
279	13
279	30
279	35
279	41
279	76
279	81
279	88
279	96
279	100
279	103
279	107
279	109
279	119
279	152
279	212
279	222
279	225
279	232
279	233
279	235
279	241
279	265
279	267
279	283
280	23
280	24
280	33
280	85
280	110
280	116
280	137
280	142
280	172
280	177
280	184
280	213
280	215
280	218
280	219
280	234
280	240
280	243
280	244
280	246
280	263
280	264
280	279
280	295
280	298
281	5
281	30
281	38
281	47
281	57
281	62
281	76
281	87
281	93
281	110
281	123
281	136
281	143
281	163
281	168
281	188
281	226
281	241
281	250
281	254
281	288
281	293
281	297
281	299
281	300
282	5
282	15
282	17
282	41
282	54
282	58
282	75
282	89
282	116
282	125
282	178
282	188
282	209
282	237
282	241
282	242
282	260
282	271
282	273
282	276
282	278
282	286
282	289
282	298
282	300
283	8
283	10
283	20
283	39
283	59
283	62
283	74
283	81
283	82
283	88
283	92
283	101
283	104
283	123
283	159
283	202
283	208
283	223
283	224
283	240
283	249
283	256
283	262
283	270
283	290
284	13
284	42
284	54
284	79
284	93
284	103
284	139
284	154
284	161
284	172
284	197
284	205
284	214
284	234
284	243
284	247
284	255
284	261
284	264
284	270
284	275
284	279
284	293
284	294
284	298
285	5
285	19
285	23
285	73
285	78
285	85
285	88
285	91
285	111
285	118
285	121
285	148
285	187
285	195
285	204
285	210
285	222
285	224
285	244
285	248
285	252
285	263
285	269
285	294
285	300
286	1
286	40
286	43
286	49
286	69
286	73
286	74
286	80
286	83
286	84
286	99
286	116
286	155
286	164
286	173
286	176
286	185
286	200
286	216
286	219
286	221
286	252
286	272
286	296
286	299
287	32
287	34
287	53
287	74
287	127
287	131
287	136
287	137
287	147
287	184
287	190
287	204
287	206
287	207
287	212
287	218
287	223
287	227
287	233
287	240
287	248
287	251
287	266
287	283
287	293
288	23
288	77
288	87
288	112
288	114
288	131
288	151
288	199
288	200
288	204
288	214
288	218
288	224
288	238
288	241
288	252
288	267
288	277
288	278
288	281
288	284
288	287
288	290
288	295
288	297
289	15
289	43
289	62
289	66
289	67
289	111
289	127
289	149
289	174
289	179
289	189
289	191
289	201
289	216
289	218
289	226
289	246
289	253
289	256
289	259
289	268
289	274
289	282
289	288
289	296
290	12
290	39
290	40
290	41
290	66
290	87
290	93
290	95
290	109
290	128
290	129
290	131
290	160
290	178
290	192
290	194
290	197
290	203
290	223
290	234
290	246
290	251
290	253
290	257
290	293
291	1
291	9
291	10
291	66
291	68
291	86
291	108
291	117
291	129
291	131
291	153
291	155
291	156
291	186
291	190
291	193
291	206
291	210
291	243
291	253
291	262
291	268
291	271
291	289
291	298
292	6
292	18
292	97
292	103
292	104
292	121
292	126
292	134
292	141
292	175
292	191
292	199
292	227
292	232
292	236
292	239
292	246
292	251
292	255
292	267
292	268
292	269
292	278
292	289
292	299
293	31
293	35
293	42
293	65
293	71
293	88
293	141
293	168
293	192
293	205
293	221
293	236
293	238
293	240
293	243
293	251
293	253
293	254
293	274
293	275
293	277
293	283
293	284
293	292
293	294
294	3
294	19
294	20
294	26
294	61
294	110
294	113
294	115
294	129
294	142
294	166
294	182
294	186
294	209
294	231
294	240
294	243
294	261
294	268
294	270
294	284
294	291
294	293
294	298
294	299
295	5
295	10
295	60
295	83
295	110
295	123
295	138
295	140
295	148
295	158
295	189
295	204
295	217
295	220
295	235
295	240
295	258
295	269
295	270
295	274
295	280
295	281
295	294
295	297
295	298
296	1
296	11
296	20
296	21
296	29
296	30
296	59
296	71
296	74
296	77
296	91
296	105
296	140
296	162
296	187
296	245
296	246
296	247
296	256
296	258
296	266
296	267
296	271
296	279
296	285
297	7
297	12
297	42
297	48
297	60
297	65
297	88
297	113
297	121
297	163
297	186
297	200
297	205
297	219
297	225
297	238
297	252
297	256
297	261
297	265
297	268
297	272
297	278
297	282
297	291
298	26
298	48
298	59
298	99
298	119
298	121
298	132
298	145
298	152
298	154
298	159
298	165
298	169
298	212
298	214
298	226
298	249
298	251
298	259
298	264
298	270
298	279
298	280
298	285
298	287
299	9
299	24
299	45
299	50
299	51
299	79
299	118
299	131
299	146
299	147
299	150
299	151
299	161
299	162
299	186
299	198
299	204
299	221
299	226
299	236
299	261
299	271
299	278
299	280
299	295
300	16
300	24
300	35
300	64
300	68
300	74
300	87
300	88
300	99
300	100
300	110
300	141
300	177
300	194
300	198
300	201
300	237
300	248
300	252
300	270
300	277
300	278
300	281
300	287
300	288
