in-degree distribution (probability density function of the degree in logarithmic bins) 
17.3846	0.114134
19.4318	0.0886552
21	0.0277448
22.5	0.0611268
24.9744	0.0607901
27.5	0.0314796
29.5714	0.0275845
31.8571	0.0337631
34.8571	0.0232457
38.3636	0.0223555

in-degree distribution (degree-occurrences) 
17	0.106667
18	0.0666667
19	0.0833333
20	0.0633333
21	0.05
22	0.06
23	0.06
24	0.0333333
25	0.0666667
26	0.03
27	0.0366667
28	0.0366667
29	0.03
30	0.04
31	0.0433333
32	0.02
33	0.03
34	0.0366667
35	0.00666667
36	0.0266667
37	0.0166667
38	0.03
39	0.01
40	0.0166667


--------------------------------------
out-degree distribution (probability density function of the degree in logarithmic bins) 
25	8.4144
26	1.69645

out-degree distribution (degree-occurrences) 
25	0.826667
26	0.173333


--------------------------------------
community distribution (size-occurrences)
27	0.222222
29	0.111111
33	0.222222
35	0.111111
38	0.111111
39	0.222222


--------------------------------------
mixing parameter (in-links)
0.647059	0.00666667
0.666667	0.0666667
0.677748	0.0433333
0.680744	0.0733333
0.684857	0.0833333
0.691129	0.06
0.695723	0.103333
0.7	0.12
0.705158	0.173333
0.709577	0.0866667
0.714286	0.05
0.719722	0.03
0.722435	0.03
0.727273	0.03
0.730769	0.00666667
0.737674	0.0366667

--------------------------------------
mixing parameter (out-links)
0.56	0.00333333
0.6	0.02
0.64	0.0566667
0.653846	0.00666667
0.68	0.336667
0.692308	0.116667
0.72	0.353333
0.730769	0.0433333
0.76	0.0466667
0.769231	0.00666667
0.8	0.01

--------------------------------------
