in-degree distribution (probability density function of the degree in logarithmic bins) 
15.5472	0.0920535
18	0.0831516
20.5	0.0436857
22.9655	0.0350993
26.05	0.0214607
28.76	0.0237829
32.56	0.0210852
37.375	0.0179457
41.9545	0.0145843
47.9375	0.00940359

in-degree distribution (degree-occurrences) 
15	0.08
16	0.0966667
17	0.0766667
18	0.0266667
19	0.0766667
20	0.0533333
21	0.0533333
22	0.0333333
23	0.0333333
24	0.03
25	0.0233333
26	0.0166667
27	0.0266667
28	0.04
29	0.0233333
30	0.02
31	0.02
32	0.0233333
33	0.0133333
34	0.0266667
35	0.0133333
36	0.00666667
37	0.02
38	0.0166667
39	0.0233333
40	0.0133333
41	0.01
42	0.03
43	0.00666667
44	0.0133333
45	0.01
46	0.00666667
47	0.00333333
48	0.00333333
49	0.0166667
50	0.0133333


--------------------------------------
out-degree distribution (probability density function of the degree in logarithmic bins) 
24	0.0172825
25	0.647575
26	4.1478

out-degree distribution (degree-occurrences) 
24	0.00333333
25	0.13
26	0.866667


--------------------------------------
community distribution (size-occurrences)
16	0.0909091
18	0.0909091
19	0.0909091
21	0.0909091
23	0.0909091
26	0.0909091
31	0.181818
35	0.0909091
36	0.0909091
44	0.0909091


--------------------------------------
mixing parameter (in-links)
0.25	0.0133333
0.262649	0.03
0.267179	0.05
0.272727	0.0233333
0.278092	0.0333333
0.284684	0.0933333
0.289752	0.0266667
0.294051	0.16
0.299566	0.12
0.304379	0.06
0.309184	0.06
0.313831	0.17
0.31977	0.05
0.323688	0.02
0.333333	0.0866667
0.352941	0.00333333

--------------------------------------
mixing parameter (out-links)
0	0.0266667
0.0387692	0.0333333
0.0779487	0.03
0.116643	0.0733333
0.155524	0.0733333
0.194056	0.0733333
0.233462	0.08
0.269231	0.0633333
0.304811	0.146667
0.346154	0.0633333
0.385284	0.0766667
0.424769	0.0666667
0.461538	0.06
0.5	0.04
0.538462	0.0433333
0.576923	0.0233333
0.615385	0.0166667
0.653846	0.00333333
0.692308	0.00666667

--------------------------------------
