1	9
1	53
1	56
1	60
1	68
1	97
1	115
1	161
1	180
1	194
1	207
1	211
1	221
1	227
1	230
1	256
1	265
1	272
1	277
1	279
1	281
1	283
1	284
1	294
1	298
1	299
2	45
2	54
2	64
2	77
2	82
2	86
2	95
2	163
2	169
2	186
2	204
2	213
2	219
2	228
2	230
2	238
2	243
2	245
2	250
2	254
2	257
2	261
2	267
2	283
2	288
2	290
3	10
3	15
3	28
3	45
3	57
3	67
3	68
3	75
3	114
3	124
3	159
3	174
3	190
3	216
3	224
3	233
3	237
3	242
3	257
3	273
3	277
3	280
3	285
3	288
3	293
3	295
4	34
4	47
4	84
4	126
4	163
4	167
4	183
4	187
4	188
4	194
4	202
4	205
4	212
4	232
4	238
4	246
4	254
4	270
4	274
4	287
4	288
4	290
4	292
4	295
4	297
4	300
5	2
5	14
5	59
5	61
5	64
5	86
5	95
5	105
5	113
5	121
5	151
5	165
5	166
5	168
5	172
5	173
5	184
5	186
5	203
5	205
5	207
5	228
5	251
5	254
5	261
5	271
6	23
6	33
6	57
6	60
6	70
6	76
6	79
6	117
6	123
6	141
6	176
6	178
6	185
6	199
6	200
6	212
6	239
6	240
6	260
6	267
6	271
6	273
6	277
6	284
6	294
6	298
7	2
7	12
7	45
7	49
7	69
7	71
7	76
7	93
7	97
7	105
7	107
7	125
7	126
7	148
7	153
7	160
7	185
7	220
7	244
7	247
7	249
7	278
7	282
7	287
7	291
7	294
8	6
8	28
8	83
8	84
8	87
8	98
8	111
8	124
8	148
8	173
8	178
8	187
8	213
8	224
8	233
8	237
8	239
8	244
8	252
8	260
8	268
8	273
8	286
8	289
8	292
8	294
9	48
9	49
9	59
9	87
9	91
9	110
9	137
9	139
9	160
9	161
9	164
9	165
9	174
9	178
9	180
9	181
9	236
9	238
9	248
9	253
9	262
9	263
9	268
9	269
9	284
9	287
10	27
10	57
10	68
10	78
10	110
10	111
10	113
10	161
10	168
10	173
10	176
10	187
10	191
10	213
10	225
10	230
10	233
10	239
10	258
10	260
10	267
10	273
10	274
10	290
10	293
10	299
11	1
11	16
11	19
11	55
11	70
11	77
11	96
11	99
11	109
11	130
11	161
11	183
11	184
11	192
11	201
11	210
11	213
11	220
11	261
11	271
11	276
11	278
11	280
11	284
11	295
11	299
12	27
12	81
12	114
12	121
12	124
12	145
12	151
12	160
12	166
12	169
12	170
12	181
12	198
12	202
12	210
12	220
12	223
12	235
12	240
12	242
12	243
12	252
12	257
12	258
12	278
12	285
13	9
13	26
13	36
13	80
13	106
13	118
13	143
13	162
13	206
13	229
13	231
13	236
13	238
13	264
13	269
13	270
13	272
13	275
13	276
13	279
13	282
13	288
13	290
13	292
13	295
13	296
14	6
14	32
14	37
14	58
14	78
14	89
14	98
14	128
14	138
14	152
14	178
14	187
14	191
14	217
14	232
14	239
14	249
14	250
14	266
14	267
14	277
14	285
14	289
14	294
14	296
14	298
15	13
15	40
15	69
15	72
15	100
15	106
15	112
15	116
15	120
15	135
15	137
15	155
15	162
15	189
15	195
15	199
15	218
15	225
15	228
15	230
15	239
15	266
15	267
15	283
15	284
15	294
16	38
16	48
16	53
16	55
16	69
16	81
16	91
16	94
16	99
16	112
16	161
16	168
16	177
16	181
16	183
16	192
16	196
16	210
16	211
16	220
16	238
16	251
16	261
16	267
16	290
16	294
17	10
17	30
17	35
17	82
17	107
17	131
17	133
17	175
17	188
17	205
17	216
17	217
17	246
17	257
17	259
17	264
17	266
17	270
17	274
17	275
17	281
17	286
17	288
17	290
17	295
17	297
18	20
18	31
18	51
18	53
18	67
18	69
18	83
18	108
18	112
18	143
18	149
18	185
18	190
18	194
18	218
18	229
18	230
18	248
18	256
18	259
18	272
18	276
18	280
18	287
18	296
18	298
19	8
19	42
19	55
19	72
19	82
19	94
19	109
19	112
19	128
19	166
19	168
19	183
19	187
19	192
19	196
19	201
19	210
19	220
19	225
19	231
19	237
19	263
19	270
19	271
19	281
19	292
20	28
20	75
20	111
20	136
20	144
20	145
20	162
20	165
20	169
20	202
20	204
20	212
20	214
20	221
20	223
20	225
20	235
20	239
20	240
20	242
20	252
20	257
20	258
20	270
20	280
20	288
21	1
21	4
21	6
21	52
21	69
21	73
21	102
21	103
21	127
21	143
21	145
21	147
21	176
21	228
21	229
21	243
21	244
21	255
21	259
21	262
21	269
21	272
21	276
21	284
21	292
21	293
22	33
22	57
22	87
22	114
22	129
22	130
22	143
22	146
22	167
22	172
22	180
22	182
22	221
22	234
22	241
22	256
22	262
22	265
22	269
22	274
22	279
22	281
22	283
22	285
22	298
22	299
23	24
23	36
23	43
23	52
23	62
23	73
23	97
23	102
23	104
23	108
23	136
23	147
23	171
23	182
23	194
23	199
23	218
23	221
23	234
23	238
23	249
23	267
23	276
23	280
23	287
23	296
24	13
24	52
24	80
24	88
24	95
24	103
24	110
24	132
24	166
24	205
24	207
24	209
24	213
24	215
24	221
24	231
24	239
24	247
24	251
24	264
24	273
24	276
24	279
24	287
24	292
24	293
25	5
25	53
25	129
25	132
25	146
25	180
25	186
25	188
25	205
25	211
25	213
25	216
25	220
25	221
25	226
25	256
25	265
25	268
25	274
25	279
25	281
25	283
25	285
25	297
25	298
25	299
26	5
26	16
26	19
26	23
26	43
26	70
26	77
26	86
26	99
26	111
26	145
26	161
26	186
26	189
26	196
26	211
26	217
26	219
26	228
26	245
26	254
26	261
26	263
26	266
26	293
26	295
27	8
27	12
27	39
27	50
27	65
27	89
27	96
27	98
27	114
27	145
27	151
27	169
27	204
27	214
27	217
27	235
27	240
27	242
27	243
27	252
27	253
27	257
27	258
27	269
27	275
27	286
28	7
28	8
28	34
28	38
28	53
28	96
28	111
28	124
28	129
28	136
28	140
28	173
28	176
28	187
28	195
28	213
28	226
28	233
28	237
28	243
28	244
28	251
28	253
28	273
28	294
28	296
29	14
29	34
29	47
29	50
29	62
29	87
29	100
29	127
29	137
29	145
29	158
29	162
29	165
29	202
29	205
29	212
29	217
29	220
29	250
29	251
29	258
29	270
29	274
29	288
29	295
29	297
30	32
30	34
30	41
30	77
30	109
30	137
30	155
30	161
30	162
30	181
30	207
30	218
30	225
30	234
30	236
30	238
30	253
30	256
30	262
30	263
30	266
30	268
30	269
30	270
30	277
30	292
31	8
31	28
31	39
31	44
31	63
31	73
31	87
31	157
31	179
31	187
31	211
31	213
31	217
31	224
31	226
31	227
31	237
31	244
31	250
31	260
31	262
31	268
31	269
31	273
31	282
31	284
32	16
32	19
32	50
32	94
32	99
32	144
32	148
32	168
32	177
32	178
32	183
32	190
32	192
32	196
32	201
32	204
32	210
32	220
32	234
32	238
32	269
32	270
32	273
32	278
32	290
32	295
33	15
33	28
33	70
33	96
33	97
33	104
33	116
33	118
33	136
33	137
33	141
33	152
33	172
33	178
33	197
33	226
33	231
33	232
33	240
33	250
33	255
33	266
33	268
33	277
33	279
33	294
34	20
34	22
34	40
34	47
34	60
34	76
34	84
34	120
34	127
34	140
34	162
34	167
34	188
34	201
34	209
34	217
34	230
34	233
34	237
34	251
34	270
34	276
34	290
34	295
34	296
34	297
35	25
35	36
35	43
35	88
35	92
35	102
35	135
35	143
35	147
35	151
35	166
35	177
35	182
35	189
35	194
35	210
35	215
35	255
35	264
35	269
35	275
35	283
35	284
35	288
35	291
35	293
36	23
36	47
36	56
36	81
36	135
36	138
36	139
36	142
36	150
36	153
36	167
36	182
36	196
36	199
36	206
36	209
36	212
36	219
36	229
36	245
36	259
36	272
36	275
36	280
36	287
36	296
37	20
37	52
37	53
37	66
37	78
37	94
37	96
37	129
37	165
37	178
37	200
37	221
37	224
37	227
37	228
37	245
37	256
37	257
37	265
37	279
37	281
37	283
37	285
37	297
37	298
37	299
38	2
38	28
38	63
38	70
38	73
38	78
38	87
38	105
38	111
38	123
38	124
38	128
38	132
38	134
38	173
38	192
38	206
38	210
38	213
38	224
38	225
38	226
38	260
38	273
38	278
38	280
39	7
39	20
39	54
39	71
39	72
39	98
39	115
39	127
39	151
39	154
39	156
39	159
39	160
39	183
39	202
39	204
39	214
39	223
39	235
39	240
39	242
39	252
39	257
39	258
39	296
39	299
40	6
40	48
40	62
40	63
40	74
40	78
40	79
40	88
40	96
40	97
40	100
40	105
40	112
40	116
40	141
40	163
40	189
40	216
40	218
40	224
40	226
40	230
40	232
40	233
40	279
40	289
41	18
41	21
41	81
41	85
41	87
41	99
41	106
41	109
41	118
41	132
41	139
41	143
41	156
41	171
41	205
41	207
41	215
41	233
41	247
41	255
41	263
41	269
41	275
41	280
41	293
41	296
42	1
42	33
42	45
42	51
42	95
42	103
42	118
42	119
42	125
42	148
42	185
42	187
42	197
42	206
42	208
42	221
42	222
42	226
42	238
42	243
42	247
42	249
42	264
42	278
42	282
42	291
43	2
43	26
43	47
43	54
43	59
43	61
43	68
43	97
43	106
43	121
43	123
43	133
43	148
43	174
43	203
43	219
43	228
43	239
43	245
43	249
43	254
43	261
43	262
43	267
43	299
43	300
44	6
44	53
44	122
44	134
44	147
44	159
44	172
44	200
44	209
44	216
44	224
44	231
44	234
44	240
44	242
44	255
44	256
44	260
44	266
44	275
44	277
44	278
44	282
44	284
44	286
44	294
45	116
45	119
45	123
45	125
45	126
45	133
45	153
45	154
45	185
45	186
45	187
45	208
45	216
45	220
45	243
45	245
45	249
45	254
45	258
45	260
45	264
45	278
45	281
45	282
45	284
45	291
46	22
46	25
46	50
46	53
46	64
46	70
46	79
46	81
46	115
46	146
46	174
46	195
46	211
46	227
46	230
46	241
46	257
46	261
46	265
46	279
46	281
46	283
46	285
46	288
46	298
46	299
47	4
47	20
47	46
47	56
47	76
47	103
47	111
47	140
47	155
47	176
47	188
47	198
47	202
47	206
47	217
47	241
47	246
47	251
47	270
47	274
47	288
47	290
47	292
47	295
47	296
47	297
48	15
48	31
48	36
48	50
48	63
48	64
48	65
48	85
48	92
48	102
48	106
48	112
48	115
48	116
48	155
48	189
48	199
48	206
48	225
48	226
48	230
48	248
48	252
48	254
48	265
48	295
49	31
49	42
49	45
49	59
49	79
49	95
49	101
49	126
49	143
49	170
49	185
49	207
49	216
49	217
49	222
49	233
49	237
49	243
49	245
49	246
49	247
49	271
49	278
49	279
49	282
49	291
50	3
50	107
50	113
50	118
50	162
50	167
50	173
50	175
50	180
50	184
50	188
50	194
50	205
50	216
50	217
50	246
50	254
50	261
50	274
50	279
50	282
50	285
50	288
50	290
50	295
50	297
51	9
51	36
51	57
51	77
51	80
51	90
51	107
51	109
51	144
51	153
51	161
51	173
51	181
51	192
51	234
51	236
51	238
51	248
51	253
51	262
51	263
51	268
51	269
51	272
51	279
51	297
52	13
52	28
52	45
52	50
52	72
52	80
52	81
52	93
52	102
52	142
52	166
52	171
52	200
52	219
52	221
52	261
52	263
52	264
52	269
52	270
52	273
52	286
52	291
52	292
52	293
52	296
53	22
53	30
53	37
53	79
53	84
53	93
53	107
53	129
53	155
53	159
53	160
53	180
53	182
53	211
53	227
53	228
53	256
53	258
53	259
53	265
53	275
53	279
53	281
53	283
53	298
53	299
54	5
54	23
54	27
54	43
54	86
54	88
54	95
54	96
54	120
54	127
54	134
54	150
54	152
54	171
54	175
54	186
54	228
54	231
54	245
54	254
54	257
54	258
54	261
54	264
54	273
54	297
55	5
55	16
55	29
55	32
55	34
55	94
55	104
55	127
55	130
55	155
55	156
55	168
55	172
55	177
55	183
55	192
55	196
55	204
55	210
55	217
55	220
55	223
55	239
55	247
55	256
55	297
56	75
56	85
56	150
56	159
56	167
56	169
56	175
56	179
56	183
56	184
56	188
56	211
56	212
56	217
56	226
56	251
56	264
56	270
56	274
56	281
56	288
56	289
56	290
56	293
56	295
56	297
57	3
57	8
57	35
57	60
57	68
57	73
57	94
57	111
57	170
57	181
57	187
57	200
57	224
57	226
57	233
57	241
57	248
57	253
57	256
57	257
57	260
57	268
57	272
57	273
57	283
57	287
58	44
58	47
58	59
58	63
58	90
58	110
58	113
58	128
58	139
58	144
58	146
58	172
58	178
58	195
58	197
58	210
58	212
58	242
58	247
58	266
58	267
58	276
58	286
58	289
58	291
58	300
59	4
59	5
59	26
59	54
59	82
59	112
59	132
59	134
59	144
59	181
59	186
59	191
59	200
59	203
59	211
59	219
59	228
59	230
59	236
59	245
59	254
59	261
59	265
59	272
59	299
59	300
60	17
60	34
60	47
60	56
60	65
60	69
60	93
60	103
60	123
60	133
60	188
60	194
60	210
60	212
60	215
60	216
60	237
60	246
60	274
60	279
60	283
60	286
60	288
60	290
60	295
60	297
61	5
61	54
61	59
61	62
61	64
61	66
61	76
61	141
61	164
61	170
61	186
61	188
61	189
61	203
61	219
61	228
61	229
61	240
61	243
61	245
61	254
61	258
61	261
61	297
61	299
61	300
62	12
62	13
62	21
62	41
62	92
62	100
62	108
62	115
62	119
62	146
62	147
62	149
62	158
62	164
62	166
62	186
62	206
62	214
62	235
62	241
62	265
62	279
62	287
62	291
62	292
62	293
63	10
63	35
63	38
63	52
63	73
63	87
63	122
63	131
63	143
63	157
63	158
63	173
63	187
63	213
63	224
63	229
63	233
63	237
63	240
63	244
63	249
63	251
63	273
63	278
63	287
63	293
64	7
64	9
64	46
64	54
64	59
64	76
64	81
64	82
64	88
64	108
64	121
64	138
64	186
64	203
64	219
64	223
64	245
64	247
64	249
64	251
64	254
64	259
64	261
64	284
64	291
64	298
65	3
65	39
65	80
65	85
65	86
65	92
65	97
65	105
65	106
65	116
65	121
65	149
65	150
65	155
65	189
65	199
65	218
65	223
65	225
65	248
65	273
65	278
65	281
65	295
65	297
65	300
66	51
66	73
66	91
66	104
66	109
66	122
66	139
66	162
66	174
66	203
66	220
66	227
66	229
66	233
66	234
66	236
66	238
66	248
66	253
66	262
66	263
66	268
66	272
66	273
66	278
66	280
67	1
67	24
67	42
67	57
67	74
67	75
67	92
67	126
67	132
67	141
67	143
67	154
67	156
67	166
67	179
67	182
67	194
67	209
67	226
67	259
67	264
67	275
67	280
67	285
67	292
67	296
68	8
68	13
68	31
68	45
68	69
68	75
68	91
68	124
68	125
68	142
68	173
68	179
68	180
68	190
68	195
68	199
68	213
68	224
68	226
68	233
68	244
68	250
68	260
68	269
68	273
68	294
69	13
69	21
69	27
69	35
69	66
69	81
69	93
69	95
69	131
69	132
69	134
69	206
69	212
69	216
69	229
69	245
69	247
69	259
69	263
69	264
69	276
69	278
69	279
69	291
69	293
69	296
70	40
70	88
70	89
70	90
70	93
70	97
70	106
70	122
70	124
70	144
70	148
70	160
70	176
70	191
70	194
70	232
70	252
70	259
70	266
70	267
70	271
70	286
70	289
70	294
70	296
70	300
71	8
71	16
71	80
71	89
71	110
71	119
71	125
71	148
71	153
71	154
71	170
71	178
71	179
71	185
71	192
71	202
71	211
71	216
71	222
71	239
71	243
71	271
71	276
71	278
71	282
71	291
72	14
72	21
72	46
72	70
72	96
72	104
72	113
72	128
72	142
72	159
72	162
72	176
72	179
72	183
72	208
72	233
72	246
72	263
72	266
72	277
72	280
72	284
72	285
72	286
72	294
72	300
73	8
73	13
73	57
73	61
73	117
73	134
73	156
73	160
73	175
73	178
73	187
73	201
73	213
73	224
73	226
73	233
73	237
73	244
73	249
73	260
73	266
73	273
73	278
73	282
73	287
73	289
74	24
74	36
74	62
74	81
74	103
74	129
74	142
74	147
74	153
74	160
74	163
74	164
74	167
74	178
74	186
74	222
74	225
74	230
74	231
74	239
74	252
74	264
74	275
74	276
74	282
74	293
75	3
75	5
75	7
75	33
75	57
75	59
75	73
75	129
75	138
75	160
75	166
75	173
75	196
75	209
75	210
75	224
75	226
75	237
75	241
75	244
75	258
75	260
75	271
75	273
75	281
75	300
76	19
76	45
76	78
76	79
76	119
76	126
76	136
76	153
76	177
76	179
76	183
76	188
76	204
76	208
76	210
76	212
76	222
76	226
76	243
76	247
76	249
76	263
76	266
76	278
76	282
76	291
77	30
77	40
77	51
77	64
77	102
77	109
77	110
77	135
77	137
77	139
77	150
77	161
77	181
77	231
77	234
77	237
77	238
77	242
77	248
77	253
77	262
77	263
77	268
77	271
77	281
77	289
78	3
78	25
78	36
78	37
78	46
78	53
78	71
78	104
78	120
78	157
78	171
78	193
78	211
78	215
78	226
78	241
78	252
78	256
78	267
78	272
78	279
78	280
78	283
78	285
78	298
78	299
79	49
79	61
79	116
79	119
79	125
79	126
79	148
79	154
79	166
79	170
79	173
79	175
79	189
79	193
79	206
79	234
79	243
79	247
79	249
79	272
79	278
79	285
79	287
79	288
79	291
79	295
80	3
80	18
80	22
80	52
80	59
80	65
80	67
80	79
80	83
80	109
80	140
80	142
80	143
80	170
80	196
80	208
80	209
80	215
80	228
80	259
80	264
80	275
80	284
80	287
80	290
80	292
81	12
81	30
81	73
81	94
81	103
81	108
81	131
81	132
81	135
81	145
81	147
81	157
81	158
81	175
81	185
81	189
81	208
81	215
81	237
81	243
81	275
81	276
81	280
81	281
81	287
81	296
82	2
82	6
82	41
82	43
82	52
82	54
82	60
82	61
82	88
82	96
82	100
82	101
82	121
82	170
82	200
82	201
82	203
82	217
82	219
82	245
82	248
82	254
82	261
82	272
82	274
82	289
83	21
83	29
83	35
83	36
83	72
83	108
83	126
83	132
83	152
83	153
83	158
83	197
83	202
83	215
83	225
83	244
83	259
83	264
83	268
83	269
83	275
83	280
83	290
83	291
83	292
83	296
84	29
84	34
84	42
84	55
84	56
84	131
84	134
84	140
84	154
84	184
84	188
84	198
84	211
84	213
84	240
84	251
84	252
84	264
84	267
84	270
84	288
84	290
84	292
84	295
84	297
84	300
85	6
85	32
85	48
85	60
85	65
85	86
85	100
85	105
85	112
85	119
85	133
85	136
85	149
85	150
85	157
85	184
85	199
85	202
85	205
85	214
85	218
85	225
85	230
85	288
85	289
85	290
86	5
86	15
86	43
86	54
86	64
86	82
86	95
86	108
86	116
86	119
86	161
86	171
86	184
86	219
86	232
86	235
86	241
86	251
86	254
86	256
86	261
86	277
86	283
86	285
86	289
86	294
87	10
87	38
87	55
87	57
87	68
87	73
87	124
87	158
87	168
87	173
87	187
87	190
87	191
87	193
87	208
87	223
87	233
87	237
87	244
87	248
87	250
87	259
87	260
87	268
87	293
87	295
88	5
88	17
88	47
88	59
88	64
88	82
88	91
88	93
88	95
88	96
88	120
88	141
88	149
88	183
88	186
88	197
88	203
88	210
88	219
88	228
88	245
88	254
88	261
88	266
88	270
88	292
89	14
89	43
89	49
89	51
89	91
89	98
89	101
89	128
89	150
89	152
89	197
89	212
89	219
89	245
89	250
89	254
89	255
89	256
89	260
89	271
89	281
89	286
89	288
89	289
89	294
89	300
90	14
90	58
90	72
90	98
90	105
90	121
90	136
90	166
90	176
90	182
90	191
90	201
90	231
90	232
90	250
90	255
90	257
90	258
90	266
90	269
90	273
90	274
90	281
90	284
90	289
90	300
91	66
91	90
91	99
91	110
91	130
91	139
91	146
91	161
91	174
91	191
91	197
91	206
91	211
91	234
91	236
91	238
91	239
91	245
91	248
91	253
91	255
91	262
91	263
91	264
91	268
91	275
92	4
92	13
92	18
92	24
92	58
92	66
92	79
92	88
92	110
92	127
92	132
92	135
92	141
92	147
92	157
92	164
92	168
92	179
92	194
92	199
92	215
92	227
92	261
92	264
92	276
92	296
93	21
93	23
93	24
93	30
93	38
93	58
93	69
93	114
93	142
93	147
93	171
93	172
93	174
93	194
93	197
93	225
93	228
93	236
93	247
93	260
93	272
93	276
93	280
93	289
93	293
93	296
94	11
94	16
94	18
94	19
94	32
94	55
94	72
94	84
94	130
94	140
94	167
94	177
94	181
94	183
94	192
94	196
94	201
94	210
94	215
94	220
94	253
94	283
94	289
94	292
94	296
94	298
95	16
95	43
95	59
95	61
95	82
95	88
95	96
95	109
95	121
95	124
95	142
95	144
95	147
95	172
95	173
95	179
95	186
95	209
95	219
95	228
95	232
95	240
95	244
95	245
95	254
95	261
96	26
96	43
96	74
96	86
96	88
96	102
96	121
96	129
96	139
96	154
96	156
96	162
96	191
96	199
96	203
96	219
96	228
96	241
96	245
96	250
96	254
96	261
96	271
96	273
96	279
96	284
97	15
97	40
97	86
97	100
97	106
97	112
97	116
97	145
97	149
97	150
97	159
97	176
97	189
97	195
97	199
97	209
97	218
97	225
97	230
97	255
97	266
97	270
97	283
97	295
97	298
97	299
98	58
98	101
98	104
98	134
98	135
98	136
98	147
98	164
98	189
98	190
98	195
98	202
98	213
98	231
98	240
98	257
98	259
98	266
98	279
98	282
98	284
98	286
98	289
98	294
98	297
98	298
99	2
99	6
99	11
99	27
99	32
99	55
99	94
99	95
99	101
99	130
99	145
99	158
99	161
99	168
99	177
99	178
99	192
99	196
99	201
99	210
99	220
99	222
99	243
99	249
99	274
99	276
100	2
100	15
100	17
100	30
100	40
100	85
100	97
100	101
100	105
100	116
100	150
100	151
100	189
100	195
100	218
100	221
100	225
100	230
100	237
100	240
100	243
100	244
100	248
100	263
100	284
100	289
101	12
101	22
101	41
101	90
101	115
101	117
101	120
101	134
101	136
101	145
101	148
101	176
101	191
101	220
101	225
101	229
101	232
101	239
101	250
101	269
101	273
101	277
101	284
101	286
101	289
101	294
102	1
102	16
102	41
102	62
102	117
102	132
102	163
102	164
102	165
102	172
102	187
102	203
102	215
102	240
102	242
102	251
102	259
102	264
102	267
102	269
102	272
102	275
102	276
102	285
102	287
102	295
103	3
103	24
103	41
103	52
103	78
103	80
103	85
103	93
103	135
103	158
103	161
103	164
103	168
103	179
103	206
103	229
103	239
103	245
103	251
103	256
103	270
103	272
103	287
103	293
103	297
103	300
104	26
104	30
104	90
104	98
104	113
104	123
104	138
104	156
104	158
104	159
104	161
104	176
104	183
104	196
104	197
104	204
104	228
104	229
104	237
104	267
104	271
104	283
104	286
104	287
104	294
104	300
105	39
105	40
105	73
105	74
105	77
105	100
105	111
105	112
105	139
105	149
105	150
105	155
105	183
105	199
105	200
105	212
105	218
105	225
105	230
105	258
105	270
105	280
105	282
105	283
105	289
105	298
106	15
106	32
106	71
106	85
106	105
106	112
106	115
106	116
106	117
106	149
106	154
106	155
106	189
106	199
106	221
106	225
106	227
106	230
106	231
106	234
106	238
106	264
106	277
106	292
106	296
106	300
107	13
107	37
107	39
107	58
107	105
107	115
107	117
107	129
107	146
107	155
107	175
107	180
107	193
107	211
107	222
107	227
107	230
107	256
107	259
107	271
107	276
107	281
107	283
107	285
107	298
107	299
108	14
108	62
108	64
108	71
108	74
108	93
108	114
108	132
108	135
108	142
108	172
108	213
108	216
108	229
108	252
108	263
108	264
108	269
108	278
108	287
108	288
108	292
108	293
108	298
108	300
109	9
109	75
109	101
109	110
109	118
109	138
109	139
109	161
109	174
109	198
109	203
109	207
109	227
109	234
109	236
109	238
109	248
109	249
109	253
109	256
109	262
109	263
109	268
109	269
109	272
110	9
110	77
110	91
110	117
110	136
110	139
110	169
110	171
110	174
110	181
110	196
110	214
110	224
110	230
110	234
110	236
110	238
110	253
110	255
110	256
110	257
110	262
110	263
110	268
110	293
111	6
111	31
111	38
111	61
111	63
111	87
111	124
111	128
111	153
111	164
111	177
111	185
111	200
111	209
111	213
111	222
111	224
111	233
111	237
111	239
111	244
111	246
111	260
111	273
111	281
112	1
112	15
112	48
112	87
112	97
112	100
112	105
112	108
112	155
112	176
112	188
112	189
112	202
112	218
112	225
112	230
112	246
112	250
112	255
112	257
112	262
112	263
112	280
112	281
112	292
113	17
113	63
113	68
113	89
113	101
113	115
113	121
113	124
113	141
113	152
113	171
113	172
113	174
113	179
113	197
113	232
113	234
113	261
113	262
113	267
113	275
113	277
113	286
113	294
113	300
114	9
114	12
114	20
114	25
114	39
114	42
114	97
114	108
114	126
114	127
114	145
114	165
114	167
114	190
114	204
114	214
114	223
114	240
114	242
114	252
114	257
114	258
114	272
114	292
114	298
115	22
115	37
115	55
115	58
115	76
115	107
115	120
115	129
115	177
115	182
115	193
115	199
115	221
115	227
115	241
115	260
115	265
115	270
115	276
115	278
115	279
115	283
115	285
115	298
115	299
116	12
116	18
116	39
116	48
116	65
116	91
116	100
116	105
116	106
116	113
116	130
116	149
116	150
116	152
116	164
116	189
116	194
116	199
116	218
116	225
116	228
116	230
116	242
116	290
116	291
117	44
117	53
117	58
117	70
117	73
117	104
117	106
117	120
117	122
117	125
117	134
117	151
117	159
117	164
117	168
117	177
117	200
117	224
117	230
117	239
117	267
117	271
117	273
117	278
117	284
118	10
118	23
118	95
118	103
118	104
118	128
118	129
118	142
118	146
118	163
118	176
118	193
118	194
118	202
118	206
118	209
118	221
118	229
118	272
118	280
118	285
118	286
118	292
118	293
118	296
119	7
119	42
119	46
119	106
119	111
119	117
119	126
119	148
119	154
119	170
119	185
119	193
119	205
119	210
119	216
119	243
119	247
119	249
119	258
119	259
119	267
119	269
119	286
119	290
119	292
120	56
120	78
120	81
120	146
120	180
120	182
120	191
120	194
120	215
120	217
120	221
120	223
120	241
120	256
120	275
120	276
120	279
120	281
120	283
120	285
120	287
120	291
120	293
120	298
120	299
121	2
121	12
121	33
121	52
121	59
121	61
121	70
121	82
121	85
121	86
121	95
121	96
121	141
121	148
121	151
121	154
121	175
121	186
121	195
121	203
121	213
121	219
121	228
121	254
121	285
122	94
122	104
122	141
122	157
122	159
122	170
122	175
122	176
122	184
122	191
122	194
122	200
122	228
122	231
122	232
122	239
122	248
122	255
122	266
122	269
122	271
122	273
122	284
122	289
122	294
123	7
123	42
123	49
123	76
123	126
123	137
123	139
123	170
123	180
123	183
123	193
123	198
123	213
123	216
123	243
123	249
123	251
123	253
123	272
123	273
123	274
123	278
123	282
123	286
123	296
124	3
124	61
124	68
124	75
124	88
124	95
124	100
124	127
124	135
124	160
124	166
124	173
124	176
124	182
124	187
124	193
124	200
124	202
124	221
124	226
124	233
124	235
124	237
124	260
124	273
125	28
125	42
125	49
125	116
125	148
125	154
125	164
125	170
125	173
125	181
125	208
125	216
125	222
125	228
125	235
125	236
125	242
125	243
125	247
125	277
125	278
125	282
125	288
125	291
125	294
126	29
126	48
126	71
126	76
126	94
126	112
126	113
126	119
126	122
126	141
126	143
126	153
126	188
126	208
126	216
126	222
126	243
126	249
126	250
126	265
126	278
126	282
126	290
126	291
126	295
127	4
127	54
127	67
127	84
127	131
127	140
127	142
127	166
127	167
127	172
127	184
127	186
127	195
127	198
127	212
127	246
127	251
127	271
127	274
127	288
127	290
127	293
127	295
127	297
127	299
128	15
128	40
128	101
128	117
128	122
128	123
128	144
128	169
128	172
128	176
128	190
128	200
128	202
128	207
128	232
128	240
128	253
128	258
128	267
128	284
128	285
128	293
128	294
128	295
128	300
129	1
129	24
129	55
129	107
129	116
129	120
129	194
129	206
129	211
129	221
129	222
129	225
129	227
129	241
129	246
129	265
129	268
129	275
129	279
129	281
129	283
129	285
129	295
129	298
129	299
130	11
130	32
130	75
130	94
130	95
130	128
130	168
130	170
130	177
130	183
130	185
130	192
130	196
130	201
130	203
130	215
130	220
130	224
130	226
130	243
130	254
130	280
130	284
130	291
130	297
131	17
131	47
131	75
131	86
131	93
131	106
131	117
131	127
131	153
131	162
131	164
131	188
131	191
131	217
131	221
131	246
131	251
131	261
131	270
131	274
131	287
131	288
131	290
131	295
131	297
132	16
132	23
132	50
132	65
132	92
132	93
132	118
132	125
132	135
132	141
132	142
132	185
132	197
132	206
132	223
132	229
132	231
132	254
132	265
132	275
132	276
132	283
132	287
132	292
132	296
133	1
133	11
133	18
133	26
133	29
133	50
133	92
133	114
133	127
133	132
133	212
133	222
133	236
133	246
133	247
133	251
133	255
133	265
133	266
133	270
133	274
133	288
133	290
133	295
133	297
134	41
134	42
134	44
134	54
134	58
134	69
134	84
134	141
134	144
134	159
134	173
134	178
134	179
134	190
134	195
134	211
134	219
134	224
134	242
134	255
134	259
134	286
134	292
134	294
134	300
135	24
135	28
135	32
135	35
135	68
135	93
135	171
135	177
135	198
135	206
135	209
135	210
135	215
135	253
135	258
135	264
135	269
135	271
135	272
135	280
135	287
135	291
135	293
135	296
135	300
136	21
136	33
136	38
136	62
136	104
136	107
136	113
136	130
136	169
136	174
136	176
136	179
136	185
136	197
136	200
136	232
136	239
136	246
136	268
136	271
136	284
136	287
136	289
136	291
136	297
137	2
137	9
137	30
137	51
137	58
137	68
137	91
137	110
137	129
137	150
137	207
137	221
137	234
137	236
137	238
137	242
137	248
137	253
137	256
137	262
137	263
137	266
137	268
137	286
137	299
138	33
138	40
138	60
138	90
138	98
138	113
138	118
138	120
138	129
138	150
138	156
138	168
138	179
138	188
138	191
138	195
138	223
138	229
138	239
138	246
138	255
138	267
138	276
138	294
138	300
139	9
139	66
139	91
139	101
139	137
139	178
139	181
139	193
139	207
139	209
139	219
139	220
139	229
139	236
139	238
139	248
139	253
139	259
139	262
139	263
139	268
139	277
139	283
139	296
139	297
140	5
140	24
140	71
140	84
140	85
140	86
140	113
140	116
140	127
140	131
140	133
140	162
140	167
140	175
140	205
140	212
140	213
140	217
140	270
140	274
140	276
140	289
140	295
140	297
140	299
141	17
141	38
141	44
141	86
141	103
141	117
141	119
141	134
141	200
141	215
141	216
141	219
141	236
141	239
141	241
141	255
141	266
141	271
141	284
141	286
141	289
141	294
141	295
141	297
141	300
142	20
142	23
142	27
142	38
142	67
142	69
142	80
142	113
142	120
142	122
142	147
142	151
142	164
142	191
142	192
142	193
142	217
142	259
142	268
142	272
142	280
142	292
142	293
142	296
142	297
143	37
143	58
143	62
143	108
143	110
143	111
143	118
143	135
143	146
143	154
143	158
143	163
143	170
143	171
143	191
143	200
143	244
143	256
143	266
143	269
143	272
143	275
143	276
143	283
143	296
144	6
144	12
144	14
144	21
144	23
144	35
144	58
144	100
144	140
144	157
144	171
144	179
144	190
144	224
144	231
144	232
144	236
144	239
144	271
144	277
144	281
144	284
144	286
144	294
144	298
145	11
145	70
145	90
145	133
145	138
145	151
145	152
145	158
145	160
145	165
145	202
145	204
145	208
145	214
145	216
145	223
145	235
145	240
145	242
145	252
145	257
145	258
145	275
145	285
145	286
146	1
146	77
146	78
146	107
146	115
146	151
146	153
146	180
146	182
146	184
146	202
146	205
146	227
146	245
146	251
146	252
146	256
146	265
146	276
146	279
146	281
146	283
146	285
146	298
146	299
147	38
147	41
147	44
147	62
147	83
147	85
147	136
147	145
147	151
147	157
147	171
147	206
147	215
147	232
147	233
147	254
147	264
147	266
147	271
147	275
147	276
147	287
147	289
147	292
147	300
148	7
148	31
148	42
148	118
148	119
148	128
148	134
148	140
148	146
148	149
148	185
148	186
148	195
148	207
148	208
148	216
148	219
148	222
148	243
148	249
148	264
148	278
148	282
148	283
148	291
149	8
149	11
149	15
149	16
149	37
149	40
149	43
149	70
149	97
149	105
149	106
149	150
149	155
149	156
149	174
149	204
149	215
149	225
149	230
149	235
149	241
149	262
149	270
149	275
149	278
150	48
150	51
150	56
150	65
150	83
150	85
150	97
150	106
150	116
150	124
150	146
150	155
150	157
150	169
150	191
150	199
150	203
150	216
150	218
150	225
150	230
150	244
150	260
150	261
150	293
151	10
151	28
151	39
151	49
151	82
151	97
151	100
151	145
151	157
151	165
151	204
151	210
151	214
151	217
151	223
151	235
151	240
151	242
151	251
151	252
151	257
151	258
151	265
151	271
151	280
152	14
152	19
152	39
152	98
152	104
152	113
152	129
152	138
152	141
152	154
152	159
152	190
152	197
152	200
152	203
152	208
152	219
152	245
152	260
152	266
152	267
152	286
152	289
152	290
152	300
153	7
153	11
153	45
153	49
153	71
153	90
153	101
153	152
153	155
153	170
153	193
153	220
153	222
153	238
153	247
153	249
153	253
153	254
153	260
153	262
153	278
153	282
153	291
153	297
153	298
154	37
154	44
154	45
154	83
154	148
154	153
154	180
154	193
154	196
154	207
154	208
154	216
154	219
154	222
154	242
154	247
154	249
154	250
154	261
154	262
154	266
154	278
154	282
154	291
154	296
155	17
155	18
155	33
155	47
155	48
155	52
155	65
155	85
155	112
155	149
155	150
155	164
155	189
155	192
155	199
155	218
155	224
155	225
155	230
155	246
155	248
155	252
155	268
155	287
155	294
156	21
156	45
156	62
156	69
156	70
156	73
156	104
156	112
156	141
156	158
156	180
156	195
156	200
156	210
156	231
156	232
156	239
156	252
156	255
156	265
156	267
156	271
156	286
156	289
156	300
157	5
157	42
157	74
157	105
157	137
157	160
157	164
157	182
157	206
157	209
157	212
157	223
157	229
157	232
157	259
157	269
157	272
157	273
157	275
157	280
157	287
157	289
157	292
157	293
157	300
158	69
158	103
158	108
158	132
158	142
158	147
158	157
158	171
158	206
158	208
158	212
158	230
158	240
158	246
158	249
158	250
158	252
158	262
158	269
158	271
158	282
158	287
158	289
158	292
158	293
159	21
159	37
159	101
159	117
159	122
159	123
159	127
159	138
159	144
159	152
159	156
159	167
159	184
159	190
159	191
159	197
159	221
159	232
159	238
159	239
159	241
159	257
159	260
159	267
159	289
160	12
160	20
160	26
160	27
160	51
160	74
160	78
160	85
160	98
160	129
160	131
160	133
160	165
160	169
160	191
160	200
160	202
160	207
160	214
160	223
160	235
160	242
160	257
160	258
160	263
161	30
161	32
161	39
161	55
161	66
161	77
161	137
161	139
161	144
161	154
161	175
161	181
161	208
161	234
161	244
161	248
161	253
161	259
161	262
161	263
161	266
161	268
161	292
161	295
161	296
162	4
162	19
162	20
162	22
162	30
162	48
162	56
162	76
162	131
162	133
162	167
162	175
162	182
162	184
162	186
162	201
162	205
162	212
162	237
162	246
162	251
162	270
162	274
162	288
162	290
163	18
163	21
163	27
163	45
163	69
163	80
163	83
163	129
163	164
163	194
163	205
163	223
163	228
163	235
163	244
163	256
163	258
163	269
163	276
163	277
163	284
163	287
163	292
163	293
163	296
164	18
164	44
164	81
164	84
164	92
164	108
164	110
164	112
164	118
164	122
164	158
164	213
164	216
164	218
164	219
164	232
164	233
164	255
164	259
164	264
164	269
164	276
164	280
164	293
164	300
165	49
165	108
165	114
165	125
165	145
165	151
165	160
165	169
165	181
165	188
165	214
165	222
165	223
165	227
165	235
165	240
165	242
165	252
165	257
165	258
165	269
165	286
165	292
165	295
165	300
166	35
166	56
166	74
166	80
166	92
166	110
166	142
166	157
166	163
166	165
166	170
166	171
166	178
166	236
166	238
166	241
166	260
166	264
166	269
166	274
166	276
166	282
166	289
166	293
166	296
167	4
167	17
167	29
167	64
167	71
167	77
167	82
167	85
167	90
167	106
167	125
167	162
167	175
167	192
167	198
167	212
167	214
167	217
167	246
167	276
167	282
167	288
167	290
167	295
167	299
168	22
168	53
168	85
168	94
168	99
168	106
168	126
168	128
168	130
168	140
168	177
168	183
168	185
168	192
168	194
168	196
168	197
168	201
168	205
168	210
168	220
168	229
168	235
168	261
168	264
169	7
169	27
169	39
169	74
169	114
169	121
169	145
169	158
169	160
169	165
169	176
169	204
169	211
169	223
169	230
169	235
169	240
169	245
169	252
169	257
169	258
169	262
169	271
169	274
169	298
170	7
170	49
170	79
170	123
170	124
170	125
170	148
170	153
170	154
170	179
170	188
170	193
170	198
170	239
170	243
170	245
170	247
170	249
170	255
170	268
170	269
170	271
170	281
170	282
170	291
171	7
171	18
171	29
171	61
171	74
171	80
171	92
171	103
171	157
171	158
171	160
171	169
171	184
171	198
171	206
171	209
171	223
171	229
171	246
171	259
171	265
171	269
171	272
171	281
171	300
172	6
172	35
172	55
172	66
172	90
172	98
172	127
172	128
172	142
172	157
172	161
172	178
172	179
172	191
172	212
172	228
172	231
172	250
172	257
172	266
172	271
172	284
172	288
172	294
172	298
173	3
173	8
173	28
173	63
173	68
173	73
173	75
173	76
173	109
173	140
173	156
173	165
173	166
173	183
173	187
173	226
173	232
173	237
173	259
173	262
173	273
173	278
173	285
173	288
173	298
174	30
174	51
174	57
174	66
174	104
174	110
174	138
174	153
174	161
174	164
174	181
174	215
174	219
174	227
174	234
174	236
174	238
174	241
174	252
174	253
174	262
174	263
174	268
174	287
174	290
175	4
175	16
175	29
175	47
175	52
175	127
175	131
175	148
175	177
175	184
175	198
175	205
175	220
175	232
175	240
175	249
175	252
175	253
175	270
175	274
175	280
175	288
175	290
175	295
175	297
176	6
176	66
176	70
176	72
176	89
176	101
176	109
176	140
176	178
176	193
176	195
176	200
176	213
176	231
176	233
176	243
176	250
176	253
176	267
176	274
176	277
176	283
176	284
176	293
176	294
177	13
177	16
177	19
177	32
177	55
177	83
177	94
177	99
177	130
177	168
177	183
177	196
177	201
177	210
177	217
177	220
177	234
177	241
177	256
177	258
177	267
177	274
177	282
177	288
177	297
178	37
178	113
178	117
178	119
178	122
178	128
178	152
178	165
178	170
178	190
178	231
178	239
178	250
178	254
178	259
178	261
178	264
178	267
178	283
178	284
178	285
178	289
178	293
178	294
178	296
179	4
179	62
179	72
179	78
179	83
179	89
179	128
179	135
179	138
179	191
179	198
179	235
179	239
179	257
179	266
179	267
179	271
179	272
179	276
179	277
179	284
179	289
179	293
179	299
179	300
180	22
180	25
180	37
180	107
180	115
180	118
180	130
180	146
180	172
180	211
180	227
180	241
180	249
180	254
180	256
180	263
180	265
180	279
180	281
180	283
180	285
180	290
180	296
180	298
180	299
181	9
181	22
181	77
181	109
181	137
181	161
181	174
181	188
181	198
181	207
181	220
181	234
181	238
181	248
181	251
181	253
181	256
181	262
181	263
181	268
181	270
181	277
181	280
181	286
181	294
182	18
182	25
182	42
182	46
182	120
182	143
182	162
182	168
182	180
182	187
182	189
182	224
182	241
182	243
182	256
182	265
182	277
182	279
182	281
182	283
182	284
182	285
182	289
182	298
182	299
183	8
183	11
183	19
183	55
183	61
183	71
183	92
183	124
183	130
183	168
183	177
183	192
183	196
183	201
183	204
183	210
183	220
183	224
183	232
183	235
183	243
183	248
183	265
183	282
183	284
184	5
184	11
184	31
184	34
184	118
184	139
184	162
184	175
184	186
184	188
184	197
184	198
184	205
184	212
184	217
184	222
184	246
184	250
184	251
184	252
184	256
184	270
184	292
184	293
184	295
185	18
185	71
185	76
185	79
185	84
185	114
185	123
185	141
185	151
185	170
185	193
185	206
185	207
185	208
185	216
185	226
185	243
185	244
185	249
185	282
185	284
185	289
185	291
185	294
185	298
186	5
186	27
186	64
186	76
186	84
186	86
186	88
186	96
186	101
186	121
186	136
186	156
186	171
186	219
186	221
186	228
186	242
186	245
186	250
186	254
186	261
186	282
186	290
186	291
186	293
187	2
187	3
187	10
187	17
187	31
187	38
187	41
187	57
187	87
187	190
187	213
187	214
187	218
187	226
187	233
187	244
187	253
187	259
187	260
187	267
187	270
187	273
187	275
187	287
187	290
188	26
188	60
188	63
188	80
188	84
188	112
188	125
188	162
188	163
188	175
188	184
188	186
188	197
188	212
188	217
188	219
188	236
188	247
188	251
188	260
188	270
188	274
188	288
188	295
188	297
189	40
189	85
189	97
189	105
189	116
189	123
189	149
189	150
189	155
189	181
189	199
189	201
189	212
189	213
189	214
189	218
189	225
189	228
189	230
189	234
189	254
189	260
189	276
189	287
189	295
190	72
190	90
190	94
190	96
190	101
190	105
190	109
190	114
190	126
190	136
190	144
190	156
190	187
190	197
190	199
190	227
190	247
190	271
190	277
190	284
190	286
190	288
190	290
190	293
190	300
191	43
191	45
191	82
191	84
191	136
191	138
191	144
191	156
191	172
191	189
191	239
191	247
191	255
191	262
191	265
191	266
191	270
191	271
191	277
191	278
191	285
191	286
191	289
191	296
191	300
192	11
192	19
192	32
192	55
192	60
192	75
192	91
192	92
192	94
192	99
192	115
192	168
192	177
192	183
192	187
192	196
192	201
192	206
192	210
192	220
192	256
192	260
192	271
192	289
192	293
193	4
193	42
193	76
193	79
193	104
193	123
193	150
193	180
193	185
193	199
193	208
193	209
193	243
193	246
193	247
193	249
193	259
193	275
193	276
193	278
193	281
193	282
193	284
193	287
193	291
194	28
194	35
194	36
194	61
194	74
194	82
194	103
194	133
194	157
194	163
194	164
194	199
194	201
194	210
194	215
194	219
194	235
194	244
194	255
194	264
194	275
194	280
194	291
194	292
194	296
195	14
195	56
195	71
195	89
195	117
195	124
195	133
195	138
195	159
195	172
195	178
195	179
195	182
195	203
195	233
195	236
195	238
195	255
195	267
195	273
195	277
195	285
195	287
195	298
195	300
196	36
196	63
196	65
196	82
196	107
196	111
196	130
196	135
196	138
196	147
196	153
196	163
196	176
196	177
196	183
196	189
196	192
196	201
196	207
196	210
196	220
196	250
196	286
196	288
196	296
197	48
197	52
197	77
197	90
197	92
197	113
197	126
197	130
197	138
197	142
197	159
197	178
197	190
197	192
197	229
197	231
197	250
197	255
197	266
197	267
197	271
197	277
197	280
197	284
197	300
198	54
198	56
198	60
198	84
198	89
198	95
198	135
198	150
198	159
198	162
198	175
198	188
198	208
198	212
198	261
198	262
198	264
198	270
198	272
198	275
198	288
198	290
198	295
198	297
198	299
199	14
199	24
199	48
199	54
199	65
199	74
199	85
199	97
199	100
199	112
199	115
199	121
199	155
199	173
199	189
199	201
199	203
199	204
199	206
199	218
199	225
199	230
199	240
199	266
199	294
200	22
200	33
200	48
200	99
200	107
200	134
200	143
200	144
200	154
200	159
200	195
200	197
200	212
200	231
200	232
200	253
200	271
200	280
200	282
200	284
200	289
200	297
200	298
200	299
200	300
201	16
201	19
201	31
201	32
201	55
201	59
201	94
201	99
201	122
201	130
201	137
201	140
201	168
201	184
201	185
201	196
201	210
201	220
201	225
201	237
201	245
201	255
201	283
201	294
201	299
202	86
202	102
202	114
202	122
202	125
202	151
202	160
202	165
202	169
202	185
202	195
202	214
202	223
202	235
202	240
202	242
202	251
202	252
202	257
202	258
202	270
202	288
202	292
202	298
202	299
203	9
203	26
203	54
203	64
203	95
203	98
203	121
203	148
203	152
203	154
203	186
203	197
203	207
203	226
203	228
203	233
203	236
203	238
203	245
203	254
203	257
203	261
203	265
203	280
203	294
204	27
204	39
204	43
204	78
204	80
204	89
204	114
204	142
204	160
204	169
204	176
204	182
204	196
204	199
204	202
204	214
204	216
204	224
204	235
204	240
204	252
204	257
204	258
204	268
204	272
205	29
205	56
205	99
205	131
205	140
205	141
205	160
205	162
205	165
205	167
205	185
205	193
205	200
205	217
205	246
205	251
205	260
205	262
205	263
205	265
205	270
205	272
205	274
205	295
205	297
206	14
206	21
206	24
206	35
206	42
206	52
206	65
206	72
206	83
206	102
206	157
206	174
206	194
206	203
206	220
206	222
206	245
206	248
206	275
206	277
206	280
206	281
206	287
206	292
206	297
207	66
207	77
207	79
207	87
207	110
207	114
207	137
207	174
207	181
207	210
207	234
207	235
207	236
207	237
207	238
207	242
207	246
207	248
207	253
207	263
207	267
207	268
207	274
207	275
207	286
208	2
208	7
208	11
208	14
208	79
208	102
208	119
208	123
208	126
208	148
208	157
208	193
208	196
208	222
208	235
208	243
208	247
208	267
208	274
208	277
208	278
208	282
208	285
208	291
208	300
209	4
209	36
209	60
209	62
209	67
209	77
209	81
209	83
209	103
209	110
209	118
209	120
209	171
209	179
209	196
209	203
209	215
209	229
209	231
209	250
209	272
209	275
209	276
209	278
209	280
210	11
210	16
210	19
210	32
210	58
210	99
210	109
210	122
210	130
210	131
210	149
210	168
210	174
210	177
210	182
210	183
210	188
210	192
210	201
210	209
210	218
210	220
210	230
210	282
210	293
211	63
211	107
211	111
211	120
211	129
211	135
211	152
211	166
211	175
211	180
211	192
211	205
211	214
211	227
211	241
211	248
211	256
211	265
211	279
211	281
211	283
211	285
211	293
211	298
211	299
212	17
212	34
212	43
212	50
212	64
212	133
212	140
212	162
212	182
212	193
212	198
212	233
212	242
212	244
212	246
212	251
212	268
212	270
212	274
212	279
212	288
212	290
212	294
212	295
212	297
213	10
213	31
213	38
213	50
213	74
213	75
213	111
213	115
213	162
213	172
213	173
213	204
213	209
213	211
213	224
213	226
213	237
213	244
213	251
213	255
213	260
213	273
213	275
213	292
213	300
214	114
214	119
214	151
214	152
214	160
214	165
214	188
214	199
214	202
214	203
214	204
214	218
214	223
214	233
214	235
214	240
214	241
214	242
214	252
214	257
214	258
214	278
214	282
214	284
214	295
215	17
215	34
215	36
215	41
215	67
215	74
215	75
215	108
215	123
215	135
215	155
215	157
215	158
215	166
215	169
215	206
215	232
215	242
215	255
215	272
215	273
215	287
215	289
215	293
215	300
216	7
216	19
216	35
216	70
216	88
216	90
216	108
216	123
216	125
216	144
216	148
216	154
216	170
216	179
216	185
216	193
216	211
216	227
216	234
216	247
216	274
216	278
216	281
216	282
216	291
217	7
217	32
217	33
217	34
217	50
217	60
217	64
217	96
217	99
217	140
217	167
217	179
217	184
217	194
217	198
217	205
217	212
217	232
217	251
217	260
217	268
217	278
217	290
217	295
217	297
218	37
218	40
218	48
218	65
218	92
218	97
218	106
218	119
218	125
218	149
218	155
218	163
218	175
218	190
218	193
218	199
218	208
218	214
218	225
218	230
218	247
218	257
218	280
218	291
218	294
219	2
219	3
219	26
219	43
219	64
219	86
219	87
219	88
219	92
219	95
219	127
219	131
219	143
219	189
219	203
219	205
219	227
219	228
219	245
219	254
219	261
219	264
219	265
219	289
219	295
220	11
220	56
220	75
220	90
220	99
220	104
220	107
220	119
220	130
220	155
220	168
220	177
220	183
220	192
220	196
220	201
220	205
220	210
220	236
220	249
220	268
220	274
220	280
220	297
220	299
221	22
221	40
221	63
221	78
221	107
221	115
221	130
221	146
221	159
221	169
221	171
221	180
221	227
221	235
221	241
221	245
221	251
221	256
221	265
221	281
221	283
221	285
221	294
221	298
221	299
222	11
222	25
222	46
222	76
222	79
222	98
222	112
222	123
222	145
222	153
222	154
222	156
222	180
222	185
222	193
222	208
222	209
222	216
222	225
222	249
222	275
222	278
222	282
222	291
222	296
223	20
223	27
223	39
223	83
223	126
223	134
223	145
223	149
223	160
223	169
223	181
223	198
223	202
223	204
223	231
223	235
223	242
223	243
223	246
223	252
223	254
223	257
223	258
223	274
223	296
224	4
224	10
224	19
224	31
224	38
224	57
224	67
224	83
224	111
224	144
224	155
224	163
224	178
224	194
224	213
224	218
224	223
224	233
224	235
224	237
224	244
224	260
224	261
224	273
224	299
225	2
225	80
225	89
225	100
225	102
225	105
225	106
225	112
225	116
225	130
225	143
225	146
225	149
225	150
225	162
225	182
225	189
225	199
225	218
225	219
225	255
225	277
225	282
225	291
225	298
226	10
226	31
226	35
226	56
226	63
226	67
226	75
226	87
226	89
226	103
226	111
226	141
226	202
226	213
226	214
226	222
226	224
226	228
226	234
226	237
226	244
226	260
226	273
226	277
226	293
227	1
227	8
227	10
227	46
227	47
227	53
227	149
227	159
227	180
227	182
227	197
227	198
227	221
227	225
227	231
227	241
227	253
227	256
227	265
227	270
227	281
227	283
227	285
227	298
227	299
228	20
228	26
228	59
228	61
228	79
228	88
228	96
228	103
228	108
228	121
228	145
228	150
228	164
228	203
228	219
228	221
228	226
228	245
228	254
228	261
228	272
228	277
228	281
228	285
228	296
229	3
229	13
229	18
229	83
229	94
229	101
229	117
229	143
229	151
229	163
229	167
229	176
229	206
229	208
229	209
229	216
229	223
229	236
229	259
229	260
229	264
229	272
229	287
229	290
229	292
230	15
230	26
230	29
230	40
230	65
230	81
230	85
230	99
230	100
230	106
230	130
230	134
230	143
230	149
230	150
230	155
230	176
230	189
230	211
230	214
230	218
230	220
230	254
230	276
230	283
231	23
231	44
231	70
231	72
231	101
231	111
231	122
231	123
231	127
231	152
231	167
231	172
231	179
231	181
231	185
231	192
231	195
231	208
231	224
231	250
231	255
231	264
231	274
231	284
231	286
232	51
232	59
232	113
232	122
232	131
232	136
232	140
232	141
232	159
232	178
232	179
232	197
232	201
232	224
232	239
232	250
232	255
232	267
232	271
232	275
232	277
232	281
232	283
232	286
232	300
233	8
233	24
233	30
233	63
233	67
233	68
233	73
233	87
233	100
233	163
233	173
233	177
233	181
233	187
233	213
233	224
233	227
233	244
233	247
233	248
233	249
233	260
233	271
233	273
233	293
234	25
234	51
234	66
234	77
234	96
234	109
234	110
234	116
234	123
234	135
234	181
234	189
234	191
234	207
234	224
234	229
234	236
234	238
234	248
234	262
234	263
234	268
234	277
234	286
234	292
235	20
235	25
235	27
235	39
235	91
235	103
235	131
235	145
235	146
235	147
235	151
235	161
235	165
235	183
235	202
235	214
235	229
235	240
235	242
235	252
235	253
235	257
235	258
235	292
235	296
236	30
236	51
236	61
236	66
236	91
236	99
236	109
236	124
236	147
236	155
236	174
236	197
236	201
236	207
236	229
236	234
236	248
236	253
236	257
236	262
236	263
236	265
236	266
236	268
236	271
237	3
237	28
237	31
237	44
237	51
237	57
237	63
237	87
237	89
237	94
237	111
237	124
237	131
237	174
237	187
237	196
237	197
237	198
237	200
237	226
237	244
237	260
237	266
237	286
237	300
238	14
238	30
238	32
238	36
238	51
238	67
238	86
238	91
238	152
238	181
238	187
238	190
238	207
238	211
238	214
238	234
238	236
238	246
238	248
238	253
238	262
238	263
238	268
238	281
238	291
239	67
239	70
239	128
239	132
239	133
239	134
239	152
239	155
239	156
239	163
239	172
239	190
239	226
239	232
239	240
239	252
239	255
239	265
239	266
239	269
239	272
239	277
239	278
239	289
239	291
240	37
240	108
240	116
240	151
240	158
240	160
240	165
240	169
240	180
240	184
240	202
240	204
240	214
240	223
240	235
240	237
240	242
240	252
240	255
240	257
240	258
240	266
240	277
240	279
240	288
241	1
241	37
241	46
241	103
241	107
241	115
241	120
241	129
241	146
241	182
241	211
241	221
241	256
241	265
241	275
241	279
241	280
241	281
241	284
241	285
241	287
241	288
241	296
241	298
241	299
242	12
242	14
242	20
242	23
242	27
242	83
242	114
242	117
242	120
242	124
242	165
242	169
242	202
242	204
242	214
242	223
242	240
242	241
242	252
242	257
242	258
242	262
242	263
242	278
242	283
243	34
243	42
243	71
243	76
243	153
243	158
243	165
243	171
243	172
243	184
243	185
243	188
243	208
243	213
243	222
243	223
243	229
243	247
243	249
243	267
243	278
243	282
243	286
243	291
243	299
244	8
244	15
244	28
244	31
244	57
244	60
244	68
244	75
244	89
244	98
244	167
244	177
244	224
244	226
244	233
244	234
244	237
244	246
244	260
244	264
244	267
244	273
244	276
244	287
244	289
245	5
245	10
245	49
245	53
245	59
245	61
245	66
245	82
245	92
245	96
245	138
245	147
245	162
245	181
245	203
245	237
245	242
245	246
245	254
245	256
245	261
245	265
245	283
245	296
245	299
246	4
246	18
246	29
246	33
246	34
246	47
246	62
246	84
246	111
246	118
246	127
246	128
246	142
246	184
246	198
246	205
246	212
246	238
246	241
246	249
246	274
246	275
246	287
246	288
246	290
247	71
247	76
247	79
247	80
247	93
247	98
247	125
247	134
247	151
247	154
247	164
247	170
247	188
247	193
247	208
247	210
247	216
247	222
247	232
247	238
247	239
247	269
247	278
247	282
247	291
248	9
248	21
248	25
248	28
248	30
248	34
248	52
248	77
248	109
248	122
248	137
248	139
248	161
248	174
248	183
248	204
248	206
248	207
248	209
248	236
248	253
248	262
248	263
248	288
248	299
249	48
249	71
249	109
249	123
249	126
249	132
249	146
249	150
249	153
249	154
249	170
249	172
249	174
249	185
249	193
249	215
249	216
249	222
249	234
249	243
249	254
249	267
249	278
249	291
249	295
250	24
250	36
250	44
250	74
250	89
250	98
250	122
250	137
250	141
250	144
250	152
250	172
250	195
250	203
250	218
250	235
250	242
250	264
250	270
250	277
250	283
250	284
250	289
250	293
250	294
251	41
251	47
251	50
251	56
251	57
251	113
251	131
251	135
251	138
251	140
251	144
251	148
251	167
251	184
251	198
251	205
251	214
251	217
251	231
251	244
251	271
251	274
251	288
251	295
251	297
252	12
252	20
252	46
252	88
252	118
252	125
252	147
252	149
252	153
252	160
252	163
252	169
252	202
252	204
252	214
252	223
252	234
252	235
252	240
252	242
252	257
252	258
252	262
252	278
252	300
253	49
253	71
253	91
253	103
253	109
253	110
253	137
253	139
253	163
253	169
253	174
253	184
253	198
253	207
253	234
253	236
253	239
253	243
253	247
253	248
253	263
253	268
253	269
253	281
253	287
254	2
254	26
254	41
254	54
254	82
254	95
254	96
254	100
254	102
254	121
254	131
254	139
254	168
254	186
254	201
254	203
254	204
254	226
254	228
254	229
254	238
254	245
254	261
254	264
254	297
255	13
255	33
255	36
255	58
255	67
255	83
255	91
255	98
255	124
255	156
255	172
255	176
255	180
255	191
255	222
255	237
255	241
255	250
255	266
255	271
255	274
255	277
255	279
255	289
255	298
256	1
256	25
256	78
256	88
256	105
256	119
256	120
256	129
256	177
256	182
256	192
256	211
256	215
256	221
256	229
256	232
256	234
256	241
256	265
256	279
256	281
256	283
256	294
256	298
256	299
257	12
257	24
257	38
257	39
257	63
257	108
257	114
257	126
257	145
257	151
257	165
257	202
257	214
257	223
257	242
257	244
257	247
257	252
257	258
257	263
257	272
257	274
257	279
257	298
257	300
258	12
258	27
258	57
258	68
258	81
258	90
258	114
258	126
258	136
258	145
258	151
258	160
258	169
258	192
258	204
258	235
258	240
258	242
258	250
258	251
258	252
258	253
258	257
258	290
258	299
259	41
259	69
259	70
259	72
259	81
259	90
259	115
259	118
259	143
259	162
259	166
259	167
259	194
259	209
259	211
259	215
259	254
259	266
259	269
259	274
259	280
259	290
259	292
259	297
259	299
260	10
260	24
260	38
260	40
260	62
260	63
260	65
260	73
260	80
260	111
260	124
260	167
260	173
260	175
260	213
260	222
260	226
260	233
260	237
260	244
260	248
260	259
260	269
260	273
260	296
261	2
261	26
261	29
261	43
261	61
261	73
261	81
261	86
261	88
261	95
261	102
261	104
261	143
261	148
261	158
261	166
261	186
261	203
261	219
261	220
261	228
261	237
261	245
261	263
261	279
262	9
262	57
262	77
262	89
262	101
262	109
262	110
262	119
262	139
262	140
262	153
262	161
262	181
262	207
262	236
262	238
262	248
262	253
262	255
262	268
262	269
262	290
262	291
262	292
262	298
263	15
263	30
263	31
263	44
263	64
263	116
263	137
263	161
263	174
263	181
263	186
263	207
263	227
263	234
263	238
263	248
263	249
263	253
263	257
263	262
263	268
263	280
263	290
263	291
263	297
264	12
264	29
264	34
264	52
264	54
264	80
264	158
264	168
264	175
264	192
264	194
264	209
264	213
264	219
264	229
264	242
264	259
264	260
264	272
264	279
264	280
264	287
264	293
264	296
264	298
265	8
265	10
265	22
265	78
265	104
265	115
265	132
265	137
265	174
265	180
265	192
265	218
265	227
265	233
265	241
265	256
265	264
265	272
265	279
265	281
265	283
265	285
265	295
265	298
265	299
266	3
266	9
266	49
266	66
266	90
266	108
266	112
266	128
266	132
266	134
266	136
266	145
266	176
266	195
266	196
266	217
266	239
266	250
266	255
266	279
266	286
266	287
266	289
266	294
266	297
267	10
267	25
267	55
267	66
267	89
267	97
267	117
267	131
267	134
267	143
267	156
267	168
267	178
267	191
267	195
267	197
267	200
267	217
267	250
267	258
267	265
267	271
267	277
267	286
267	294
268	13
268	51
268	66
268	67
268	68
268	82
268	91
268	117
268	137
268	139
268	144
268	152
268	161
268	167
268	174
268	207
268	215
268	234
268	236
268	238
268	248
268	258
268	262
268	263
268	296
269	23
269	62
269	67
269	68
269	133
269	158
269	164
269	165
269	166
269	178
269	194
269	195
269	209
269	215
269	227
269	229
269	239
269	248
269	253
269	263
269	276
269	277
269	287
269	293
269	300
270	17
270	19
270	26
270	50
270	59
270	60
270	127
270	133
270	135
270	167
270	170
270	175
270	195
270	198
270	205
270	218
270	227
270	246
270	251
270	260
270	264
270	288
270	290
270	295
270	297
271	14
271	22
271	33
271	47
271	72
271	80
271	114
271	133
271	134
271	141
271	144
271	166
271	176
271	177
271	179
271	190
271	195
271	200
271	207
271	215
271	225
271	226
271	250
271	273
271	286
272	47
272	74
272	102
272	108
272	114
272	128
272	157
272	164
272	166
272	169
272	180
272	195
272	199
272	233
272	239
272	250
272	252
272	259
272	263
272	264
272	275
272	280
272	287
272	293
272	294
273	3
273	15
273	33
273	48
273	75
273	124
273	129
273	149
273	187
273	205
273	214
273	221
273	224
273	226
273	229
273	233
273	244
273	255
273	260
273	267
273	268
273	284
273	290
273	291
273	297
274	4
274	9
274	17
274	84
274	110
274	140
274	180
274	187
274	188
274	208
274	212
274	217
274	223
274	237
274	246
274	250
274	253
274	255
274	262
274	266
274	277
274	288
274	290
274	295
274	297
275	13
275	23
275	44
275	81
275	83
275	93
275	98
275	113
275	118
275	154
275	159
275	163
275	166
275	171
275	227
275	228
275	247
275	254
275	258
275	264
275	279
275	280
275	285
275	292
275	294
276	35
276	67
276	102
276	143
276	148
276	159
276	163
276	168
276	201
276	229
276	235
276	245
276	246
276	251
276	272
276	275
276	284
276	285
276	286
276	287
276	292
276	293
276	294
276	296
276	298
277	6
277	25
277	33
277	55
277	86
277	136
277	138
277	144
277	149
277	159
277	161
277	170
277	175
277	191
277	223
277	230
277	231
277	250
277	257
277	259
277	286
277	288
277	291
277	294
277	300
278	42
278	45
278	49
278	76
278	122
278	123
278	125
278	126
278	139
278	144
278	153
278	170
278	173
278	201
278	205
278	208
278	222
278	232
278	244
278	247
278	268
278	276
278	282
278	286
278	291
279	22
279	34
279	41
279	46
279	115
279	129
279	178
279	182
279	198
279	221
279	227
279	231
279	244
279	256
279	261
279	265
279	275
279	281
279	285
279	286
279	294
279	295
279	298
279	299
279	300
280	41
280	44
280	49
280	52
280	53
280	74
280	102
280	143
280	147
280	189
280	194
280	202
280	209
280	231
280	243
280	244
280	259
280	263
280	269
280	276
280	282
280	286
280	295
280	296
280	299
281	38
281	46
281	53
281	78
281	93
281	106
281	120
281	121
281	142
281	146
281	182
281	206
281	218
281	241
281	247
281	259
281	265
281	270
281	277
281	279
281	283
281	285
281	286
281	298
281	299
282	54
282	65
282	71
282	87
282	105
282	119
282	123
282	125
282	138
282	146
282	147
282	148
282	173
282	185
282	208
282	216
282	222
282	232
282	247
282	249
282	254
282	264
282	278
282	280
282	291
283	13
283	20
283	25
283	37
283	53
283	78
283	79
283	98
283	102
283	107
283	120
283	142
283	146
283	149
283	182
283	211
283	221
283	227
283	230
283	279
283	281
283	285
283	292
283	298
283	299
284	44
284	45
284	77
284	99
284	113
284	117
284	121
284	128
284	136
284	156
284	191
284	196
284	197
284	204
284	231
284	259
284	266
284	267
284	271
284	279
284	280
284	289
284	291
284	294
284	300
285	1
285	50
285	78
285	82
285	87
285	99
285	136
285	159
285	190
285	211
285	221
285	227
285	240
285	241
285	247
285	256
285	261
285	265
285	272
285	279
285	281
285	283
285	296
285	298
285	299
286	23
286	44
286	51
286	52
286	58
286	72
286	81
286	89
286	101
286	104
286	156
286	171
286	184
286	189
286	190
286	195
286	200
286	209
286	218
286	232
286	252
286	276
286	277
286	282
286	300
287	1
287	23
287	67
287	68
287	69
287	125
287	133
287	134
287	142
287	152
287	157
287	164
287	171
287	207
287	208
287	209
287	215
287	231
287	259
287	260
287	261
287	272
287	274
287	275
287	292
288	4
288	17
288	50
288	56
288	58
288	60
288	121
288	133
288	140
288	156
288	157
288	158
288	162
288	173
288	184
288	187
288	233
288	243
288	251
288	252
288	270
288	273
288	274
288	290
288	297
289	11
289	33
289	36
289	40
289	46
289	58
289	93
289	122
289	128
289	138
289	172
289	190
289	214
289	217
289	228
289	255
289	261
289	266
289	267
289	271
289	273
289	275
289	277
289	292
289	300
290	29
290	60
290	61
290	84
290	127
290	131
290	132
290	133
290	139
290	156
290	175
290	184
290	188
290	191
290	246
290	250
290	251
290	262
290	267
290	273
290	274
290	282
290	288
290	295
290	297
291	5
291	15
291	35
291	45
291	49
291	79
291	119
291	126
291	154
291	173
291	193
291	206
291	227
291	231
291	237
291	241
291	243
291	247
291	249
291	273
291	275
291	278
291	282
291	285
291	288
292	6
292	18
292	21
292	43
292	46
292	54
292	64
292	93
292	107
292	132
292	135
292	163
292	166
292	177
292	187
292	200
292	203
292	222
292	225
292	240
292	259
292	269
292	276
292	280
292	296
293	7
293	35
293	41
293	83
293	92
293	93
293	107
293	118
293	130
293	163
293	166
293	177
293	185
293	186
293	193
293	204
293	212
293	236
293	249
293	259
293	262
293	268
293	269
293	272
293	275
294	39
294	72
294	100
294	102
294	125
294	141
294	147
294	152
294	156
294	178
294	190
294	215
294	222
294	231
294	245
294	250
294	255
294	258
294	266
294	268
294	270
294	284
294	285
294	292
294	300
295	17
295	29
295	50
295	60
295	91
295	94
295	97
295	121
295	127
295	133
295	167
295	175
295	186
295	198
295	218
295	234
295	235
295	251
295	265
295	270
295	276
295	282
295	287
295	290
295	297
296	16
296	62
296	65
296	69
296	92
296	102
296	118
296	158
296	163
296	165
296	201
296	217
296	220
296	229
296	248
296	253
296	259
296	265
296	272
296	276
296	277
296	280
296	290
296	291
296	292
297	21
297	56
297	69
297	131
297	133
297	137
297	140
297	147
297	157
297	190
297	194
297	198
297	204
297	205
297	217
297	222
297	236
297	246
297	261
297	267
297	270
297	274
297	276
297	288
297	290
298	1
298	25
298	37
298	46
298	107
298	113
298	115
298	128
298	146
298	171
298	182
298	186
298	190
298	211
298	215
298	221
298	261
298	265
298	279
298	281
298	283
298	285
298	293
298	299
298	300
299	31
299	46
299	53
299	84
299	120
299	132
299	169
299	174
299	180
299	190
299	211
299	221
299	227
299	236
299	241
299	248
299	256
299	258
299	270
299	279
299	283
299	285
299	286
299	294
299	298
300	6
300	72
300	103
300	117
300	136
300	137
300	138
300	142
300	152
300	163
300	171
300	179
300	209
300	218
300	231
300	232
300	249
300	250
300	277
300	279
300	284
300	286
300	288
300	289
300	299
