in-degree distribution (probability density function of the degree in logarithmic bins) 
15.4314	0.0885798
17.7778	0.0831516
20.5	0.046416
22.9706	0.041151
25.8824	0.0364831
29.3529	0.0161724
32.7273	0.018555
37.1765	0.0127115
41.8947	0.0125955
47.5	0.010579

in-degree distribution (degree-occurrences) 
15	0.0966667
16	0.0733333
17	0.08
18	0.06
19	0.04
20	0.0566667
21	0.0566667
22	0.0466667
23	0.0233333
24	0.0433333
25	0.0366667
26	0.0533333
27	0.0233333
28	0.00666667
29	0.0233333
30	0.0266667
31	0.00666667
32	0.0233333
33	0.0266667
34	0.0166667
35	0.01
36	0.01
37	0.0133333
38	0.00666667
39	0.0166667
40	0.02
41	0.01
42	0.00666667
43	0.01
44	0.0166667
45	0.01
46	0.0133333
47	0.00666667
48	0.00666667
49	0.0133333
50	0.01


--------------------------------------
out-degree distribution (probability density function of the degree in logarithmic bins) 
25	6.5483
26	3.49077

out-degree distribution (degree-occurrences) 
25	0.643333
26	0.356667


--------------------------------------
community distribution (size-occurrences)
16	0.0909091
19	0.0909091
20	0.0909091
21	0.0909091
22	0.0909091
24	0.0909091
26	0.181818
30	0.0909091
47	0.0909091
49	0.0909091


--------------------------------------
mixing parameter (in-links)
0.466667	0.0466667
0.470588	0.04
0.475355	0.04
0.478261	0.01
0.481405	0.0266667
0.485478	0.03
0.488534	0.0366667
0.5	0.496667
0.511653	0.03
0.514961	0.0266667
0.518915	0.0566667
0.521739	0.0133333
0.524989	0.0566667
0.529412	0.04
0.533333	0.05

--------------------------------------
mixing parameter (out-links)
0.28	0.00333333
0.32	0.00333333
0.356538	0.0133333
0.4	0.0433333
0.423077	0.0166667
0.44	0.0733333
0.461538	0.06
0.488348	0.383333
0.52	0.213333
0.538462	0.0366667
0.56	0.0333333
0.576923	0.0466667
0.6	0.0266667
0.615385	0.0166667
0.64989	0.0233333
0.68	0.00333333
0.72	0.00333333

--------------------------------------
