in-degree distribution (probability density function of the degree in logarithmic bins) 
15.5208	0.0848795
17.8833	0.0942545
20.375	0.0334928
23.0571	0.0433908
26.0385	0.0286347
29	0.0225028
32.4815	0.0234673
36.4762	0.0162146
40.95	0.0137185
45.4167	0.0073122
49	0.00216529

in-degree distribution (degree-occurrences) 
15	0.0766667
16	0.0833333
17	0.08
18	0.0633333
19	0.0566667
20	0.05
21	0.03
22	0.04
23	0.03
24	0.0466667
25	0.0266667
26	0.03
27	0.03
28	0.0233333
29	0.03
30	0.0233333
31	0.02
32	0.0233333
33	0.03
34	0.0166667
35	0.02
36	0.0166667
37	0.0133333
38	0.02
39	0.02
40	0.00333333
41	0.0166667
42	0.0133333
43	0.0133333
44	0.01
45	0.0133333
46	0.01
47	0.00333333
48	0.00333333
49	0.0133333


--------------------------------------
out-degree distribution (probability density function of the degree in logarithmic bins) 
25	4.71613
26	5.25247

out-degree distribution (degree-occurrences) 
25	0.463333
26	0.536667


--------------------------------------
community distribution (size-occurrences)
16	0.222222
23	0.111111
33	0.111111
36	0.111111
40	0.222222
47	0.111111
49	0.111111


--------------------------------------
mixing parameter (in-links)
0.647059	0.00666667
0.666667	0.0933333
0.676522	0.01
0.680925	0.0566667
0.685967	0.13
0.691025	0.0666667
0.69595	0.103333
0.700379	0.09
0.706075	0.17
0.7103	0.0366667
0.715458	0.07
0.722184	0.0533333
0.727273	0.0166667
0.732692	0.0533333
0.736842	0.0133333
0.75	0.03

--------------------------------------
mixing parameter (out-links)
0.6	0.01
0.615385	0.00333333
0.64	0.05
0.653846	0.06
0.68	0.22
0.692308	0.3
0.72	0.15
0.730769	0.12
0.76	0.0266667
0.769231	0.0333333
0.805128	0.02
0.846154	0.00666667

--------------------------------------
