1	22
1	30
1	51
1	70
1	74
1	85
1	121
1	139
1	146
1	176
1	182
1	189
1	192
1	206
1	227
1	230
1	234
1	242
1	245
1	260
1	276
1	279
1	281
1	293
1	296
1	299
2	13
2	46
2	66
2	78
2	85
2	90
2	103
2	106
2	123
2	134
2	151
2	155
2	163
2	170
2	189
2	190
2	204
2	210
2	232
2	237
2	242
2	249
2	254
2	285
2	288
2	293
3	7
3	51
3	65
3	153
3	154
3	164
3	179
3	183
3	186
3	198
3	203
3	224
3	241
3	256
3	258
3	261
3	274
3	275
3	277
3	282
3	283
3	285
3	286
3	290
3	292
3	296
4	73
4	77
4	87
4	105
4	109
4	121
4	162
4	184
4	185
4	190
4	193
4	215
4	245
4	249
4	259
4	264
4	267
4	268
4	276
4	277
4	282
4	286
4	287
4	289
4	294
4	300
5	56
5	60
5	96
5	135
5	150
5	169
5	176
5	177
5	178
5	182
5	194
5	195
5	199
5	210
5	216
5	222
5	232
5	239
5	246
5	253
5	256
5	265
5	272
5	280
5	289
5	299
6	20
6	36
6	74
6	94
6	106
6	141
6	152
6	159
6	167
6	177
6	207
6	208
6	213
6	214
6	215
6	231
6	233
6	243
6	248
6	254
6	265
6	272
6	274
6	283
6	292
6	298
7	46
7	59
7	96
7	98
7	107
7	116
7	117
7	122
7	125
7	133
7	171
7	178
7	181
7	205
7	225
7	227
7	240
7	243
7	249
7	267
7	271
7	273
7	276
7	277
7	278
7	295
8	16
8	54
8	69
8	76
8	77
8	94
8	101
8	113
8	131
8	138
8	143
8	160
8	185
8	188
8	209
8	211
8	225
8	250
8	260
8	269
8	272
8	276
8	282
8	284
8	296
8	297
9	29
9	49
9	83
9	89
9	96
9	104
9	164
9	165
9	176
9	180
9	183
9	186
9	195
9	198
9	201
9	208
9	217
9	222
9	228
9	234
9	236
9	240
9	253
9	258
9	288
9	294
10	25
10	27
10	35
10	40
10	53
10	63
10	95
10	111
10	118
10	144
10	148
10	176
10	180
10	181
10	197
10	198
10	209
10	216
10	232
10	253
10	257
10	270
10	275
10	292
10	294
10	295
11	38
11	47
11	52
11	65
11	88
11	91
11	102
11	106
11	126
11	127
11	129
11	133
11	143
11	155
11	161
11	177
11	178
11	192
11	217
11	251
11	253
11	256
11	258
11	265
11	267
11	280
12	62
12	98
12	134
12	139
12	153
12	157
12	158
12	163
12	181
12	194
12	198
12	210
12	223
12	228
12	229
12	234
12	240
12	246
12	251
12	256
12	260
12	264
12	270
12	275
12	277
12	287
13	15
13	42
13	77
13	85
13	88
13	103
13	112
13	118
13	189
13	195
13	206
13	210
13	212
13	224
13	228
13	229
13	235
13	244
13	248
13	250
13	251
13	262
13	271
13	272
13	298
13	300
14	27
14	29
14	35
14	39
14	49
14	55
14	68
14	83
14	106
14	120
14	146
14	147
14	154
14	179
14	186
14	195
14	244
14	246
14	257
14	259
14	265
14	274
14	286
14	288
14	298
14	299
15	11
15	18
15	33
15	60
15	91
15	104
15	173
15	174
15	177
15	182
15	185
15	188
15	198
15	211
15	217
15	220
15	232
15	239
15	241
15	244
15	260
15	265
15	273
15	288
15	290
15	294
16	2
16	11
16	21
16	35
16	37
16	44
16	71
16	73
16	81
16	99
16	127
16	150
16	161
16	170
16	180
16	181
16	192
16	194
16	240
16	243
16	246
16	250
16	256
16	265
16	267
16	288
17	6
17	14
17	40
17	46
17	116
17	125
17	143
17	158
17	170
17	179
17	191
17	198
17	214
17	219
17	221
17	233
17	235
17	238
17	252
17	261
17	271
17	272
17	274
17	284
17	292
17	295
18	15
18	52
18	74
18	84
18	96
18	107
18	110
18	112
18	126
18	140
18	161
18	168
18	169
18	179
18	185
18	213
18	216
18	221
18	224
18	230
18	258
18	263
18	269
18	284
18	285
18	294
19	31
19	64
19	65
19	66
19	72
19	96
19	119
19	126
19	132
19	160
19	188
19	200
19	201
19	202
19	216
19	231
19	236
19	243
19	246
19	250
19	255
19	265
19	271
19	274
19	286
19	290
20	38
20	45
20	55
20	60
20	87
20	88
20	109
20	125
20	127
20	129
20	136
20	147
20	156
20	170
20	231
20	242
20	243
20	246
20	251
20	255
20	260
20	263
20	265
20	277
20	293
20	294
21	24
21	28
21	29
21	67
21	113
21	120
21	133
21	140
21	158
21	174
21	187
21	191
21	199
21	202
21	204
21	205
21	233
21	235
21	236
21	241
21	248
21	257
21	268
21	270
21	282
21	297
22	21
22	29
22	38
22	92
22	112
22	124
22	130
22	149
22	159
22	163
22	170
22	173
22	182
22	185
22	197
22	223
22	249
22	259
22	266
22	267
22	277
22	280
22	286
22	290
22	294
22	297
23	19
23	58
23	71
23	95
23	101
23	111
23	119
23	123
23	128
23	139
23	140
23	166
23	167
23	173
23	182
23	221
23	237
23	241
23	247
23	258
23	264
23	266
23	276
23	280
23	293
23	297
24	3
24	33
24	45
24	56
24	93
24	110
24	155
24	174
24	187
24	189
24	198
24	211
24	216
24	220
24	225
24	241
24	251
24	263
24	264
24	270
24	285
24	288
24	290
24	291
24	292
24	296
25	9
25	29
25	32
25	49
25	67
25	77
25	100
25	110
25	130
25	165
25	175
25	194
25	208
25	211
25	216
25	221
25	222
25	226
25	231
25	239
25	252
25	272
25	273
25	276
25	279
25	294
26	2
26	32
26	42
26	74
26	82
26	104
26	107
26	143
26	149
26	158
26	193
26	194
26	199
26	200
26	207
26	218
26	222
26	240
26	244
26	254
26	268
26	276
26	281
26	283
26	293
26	295
27	38
27	46
27	64
27	65
27	69
27	103
27	120
27	125
27	133
27	145
27	149
27	151
27	195
27	204
27	205
27	223
27	238
27	239
27	254
27	258
27	271
27	279
27	287
27	293
27	297
27	299
28	8
28	50
28	56
28	62
28	65
28	66
28	71
28	83
28	105
28	135
28	152
28	160
28	163
28	184
28	186
28	205
28	233
28	237
28	244
28	254
28	260
28	261
28	271
28	275
28	277
28	286
29	4
29	9
29	26
29	64
29	75
29	80
29	95
29	113
29	117
29	124
29	130
29	152
29	156
29	162
29	165
29	173
29	178
29	201
29	210
29	213
29	219
29	232
29	240
29	265
29	268
29	296
30	21
30	62
30	81
30	88
30	99
30	131
30	144
30	157
30	158
30	177
30	183
30	206
30	215
30	219
30	232
30	233
30	237
30	238
30	239
30	240
30	243
30	248
30	256
30	275
30	282
30	299
31	13
31	38
31	44
31	77
31	109
31	115
31	118
31	122
31	136
31	138
31	148
31	156
31	168
31	192
31	213
31	223
31	226
31	227
31	228
31	229
31	257
31	260
31	264
31	270
31	271
31	281
32	13
32	14
32	71
32	82
32	112
32	125
32	126
32	132
32	150
32	159
32	164
32	165
32	173
32	197
32	207
32	218
32	221
32	226
32	227
32	232
32	242
32	248
32	249
32	254
32	265
32	299
33	19
33	32
33	52
33	58
33	78
33	124
33	128
33	133
33	169
33	174
33	175
33	189
33	196
33	204
33	211
33	230
33	236
33	239
33	250
33	259
33	274
33	275
33	281
33	282
33	289
33	297
34	24
34	59
34	60
34	74
34	86
34	94
34	126
34	151
34	153
34	158
34	180
34	200
34	206
34	220
34	233
34	245
34	250
34	254
34	263
34	267
34	273
34	280
34	282
34	290
34	295
34	298
35	53
35	66
35	67
35	68
35	70
35	85
35	88
35	100
35	133
35	142
35	144
35	145
35	178
35	197
35	198
35	212
35	219
35	227
35	228
35	251
35	252
35	259
35	260
35	275
35	276
35	300
36	22
36	28
36	33
36	42
36	48
36	78
36	117
36	118
36	140
36	149
36	150
36	158
36	176
36	181
36	189
36	194
36	217
36	218
36	224
36	229
36	243
36	251
36	259
36	260
36	288
36	298
37	5
37	48
37	70
37	86
37	88
37	94
37	108
37	138
37	158
37	176
37	181
37	198
37	200
37	201
37	208
37	210
37	215
37	220
37	223
37	240
37	249
37	250
37	261
37	262
37	297
37	298
38	12
38	17
38	43
38	44
38	50
38	56
38	74
38	78
38	81
38	95
38	98
38	108
38	109
38	136
38	156
38	166
38	186
38	187
38	231
38	247
38	250
38	252
38	264
38	266
38	282
38	283
39	18
39	25
39	43
39	48
39	88
39	112
39	115
39	126
39	128
39	134
39	145
39	156
39	205
39	207
39	222
39	228
39	229
39	233
39	238
39	256
39	258
39	268
39	272
39	273
39	281
39	300
40	8
40	18
40	28
40	68
40	70
40	86
40	94
40	102
40	137
40	165
40	194
40	204
40	215
40	216
40	221
40	223
40	228
40	235
40	243
40	244
40	245
40	246
40	251
40	253
40	284
40	295
41	4
41	11
41	31
41	62
41	81
41	85
41	137
41	154
41	158
41	162
41	166
41	168
41	170
41	173
41	198
41	226
41	228
41	229
41	238
41	256
41	262
41	266
41	280
41	285
41	294
41	296
42	15
42	45
42	47
42	65
42	70
42	92
42	105
42	135
42	136
42	148
42	193
42	197
42	201
42	206
42	212
42	219
42	222
42	229
42	244
42	246
42	249
42	263
42	279
42	281
42	288
42	299
43	8
43	11
43	27
43	75
43	85
43	91
43	103
43	108
43	112
43	130
43	155
43	160
43	182
43	187
43	189
43	219
43	245
43	249
43	254
43	265
43	266
43	272
43	274
43	284
43	287
43	299
44	18
44	54
44	82
44	90
44	97
44	110
44	125
44	147
44	164
44	168
44	176
44	186
44	192
44	197
44	219
44	221
44	241
44	247
44	253
44	256
44	262
44	264
44	268
44	287
44	296
44	298
45	5
45	26
45	48
45	52
45	75
45	108
45	119
45	123
45	140
45	144
45	189
45	195
45	196
45	202
45	219
45	232
45	250
45	253
45	257
45	269
45	272
45	278
45	280
45	288
45	293
45	294
46	24
46	51
46	54
46	97
46	127
46	131
46	142
46	156
46	170
46	174
46	201
46	208
46	210
46	222
46	224
46	231
46	238
46	249
46	251
46	253
46	267
46	271
46	272
46	277
46	286
46	296
47	2
47	13
47	26
47	27
47	66
47	96
47	103
47	113
47	121
47	162
47	183
47	191
47	201
47	202
47	213
47	223
47	227
47	234
47	235
47	237
47	252
47	258
47	272
47	276
47	284
47	295
48	27
48	54
48	61
48	100
48	105
48	144
48	152
48	163
48	170
48	171
48	179
48	181
48	193
48	203
48	218
48	226
48	247
48	249
48	250
48	252
48	257
48	266
48	271
48	272
48	281
48	298
49	60
49	63
49	93
49	96
49	115
49	134
49	178
49	184
49	188
49	190
49	198
49	206
49	209
49	237
49	240
49	256
49	258
49	278
49	280
49	284
49	285
49	286
49	288
49	289
49	294
49	298
50	4
50	7
50	53
50	57
50	101
50	108
50	125
50	131
50	134
50	148
50	188
50	192
50	201
50	206
50	217
50	218
50	250
50	252
50	254
50	260
50	278
50	280
50	282
50	287
50	294
50	299
51	16
51	32
51	67
51	82
51	90
51	98
51	122
51	135
51	146
51	154
51	191
51	201
51	208
51	213
51	224
51	226
51	234
51	235
51	236
51	247
51	251
51	268
51	271
51	276
51	284
51	297
52	2
52	38
52	71
52	80
52	102
52	111
52	116
52	129
52	142
52	143
52	152
52	178
52	186
52	203
52	207
52	226
52	228
52	229
52	230
52	276
52	278
52	279
52	281
52	288
52	297
52	300
53	15
53	29
53	31
53	47
53	72
53	107
53	134
53	149
53	150
53	169
53	174
53	193
53	211
53	215
53	224
53	225
53	226
53	230
53	241
53	246
53	269
53	273
53	275
53	277
53	296
53	300
54	16
54	57
54	59
54	108
54	117
54	124
54	148
54	159
54	164
54	165
54	183
54	189
54	191
54	195
54	210
54	219
54	221
54	231
54	243
54	245
54	246
54	269
54	272
54	287
54	290
54	294
55	34
55	90
55	93
55	98
55	100
55	114
55	150
55	170
55	175
55	190
55	195
55	207
55	210
55	223
55	228
55	231
55	249
55	252
55	254
55	264
55	275
55	287
55	288
55	292
55	298
55	299
56	7
56	22
56	32
56	37
56	51
56	86
56	104
56	110
56	119
56	133
56	136
56	168
56	172
56	174
56	200
56	211
56	227
56	234
56	247
56	256
56	258
56	261
56	263
56	275
56	286
56	297
57	7
57	14
57	17
57	28
57	38
57	41
57	83
57	87
57	94
57	129
57	133
57	140
57	160
57	176
57	181
57	193
57	203
57	207
57	227
57	243
57	258
57	262
57	271
57	280
57	283
57	286
58	25
58	51
58	81
58	82
58	92
58	94
58	99
58	114
58	138
58	140
58	170
58	184
58	197
58	238
58	247
58	254
58	257
58	265
58	270
58	272
58	278
58	281
58	289
58	294
58	297
58	299
59	20
59	38
59	84
59	88
59	90
59	99
59	115
59	125
59	132
59	159
59	169
59	174
59	175
59	197
59	229
59	231
59	240
59	242
59	244
59	246
59	248
59	251
59	262
59	269
59	291
59	299
60	34
60	41
60	56
60	69
60	76
60	133
60	162
60	167
60	173
60	177
60	180
60	194
60	198
60	209
60	219
60	222
60	228
60	262
60	263
60	277
60	282
60	285
60	291
60	293
60	296
60	298
61	15
61	18
61	25
61	54
61	77
61	96
61	105
61	149
61	152
61	165
61	166
61	206
61	207
61	208
61	212
61	219
61	247
61	261
61	263
61	268
61	275
61	279
61	283
61	285
61	287
61	299
62	21
62	23
62	27
62	30
62	76
62	77
62	108
62	119
62	136
62	144
62	152
62	183
62	190
62	210
62	221
62	238
62	244
62	245
62	253
62	254
62	259
62	264
62	268
62	282
62	285
62	295
63	17
63	36
63	43
63	51
63	80
63	113
63	147
63	155
63	168
63	172
63	174
63	183
63	206
63	210
63	217
63	225
63	233
63	235
63	238
63	261
63	278
63	279
63	286
63	291
63	297
63	298
64	13
64	58
64	68
64	74
64	77
64	88
64	90
64	127
64	140
64	151
64	154
64	167
64	172
64	192
64	217
64	225
64	228
64	239
64	241
64	252
64	263
64	273
64	282
64	283
64	292
64	295
65	34
65	35
65	42
65	67
65	72
65	128
65	138
65	147
65	156
65	175
65	206
65	210
65	211
65	216
65	223
65	227
65	232
65	234
65	235
65	244
65	246
65	259
65	260
65	275
65	287
65	292
66	4
66	16
66	72
66	93
66	94
66	103
66	127
66	129
66	138
66	143
66	151
66	172
66	174
66	196
66	200
66	205
66	218
66	225
66	242
66	255
66	256
66	266
66	276
66	284
66	286
66	297
67	24
67	35
67	38
67	49
67	52
67	83
67	104
67	112
67	131
67	135
67	140
67	148
67	152
67	167
67	171
67	197
67	200
67	201
67	202
67	203
67	218
67	222
67	239
67	260
67	285
67	292
68	14
68	39
68	50
68	71
68	82
68	86
68	105
68	133
68	135
68	168
68	169
68	170
68	182
68	188
68	209
68	230
68	234
68	250
68	251
68	254
68	269
68	271
68	276
68	283
68	290
68	298
69	15
69	20
69	25
69	60
69	68
69	74
69	79
69	84
69	111
69	129
69	133
69	153
69	159
69	179
69	195
69	197
69	212
69	215
69	235
69	241
69	245
69	247
69	250
69	279
69	285
69	296
70	33
70	43
70	45
70	93
70	100
70	116
70	135
70	155
70	170
70	183
70	189
70	198
70	200
70	216
70	218
70	227
70	230
70	237
70	244
70	249
70	252
70	276
70	287
70	291
70	293
70	298
71	4
71	8
71	9
71	11
71	23
71	33
71	37
71	92
71	104
71	106
71	148
71	150
71	183
71	217
71	218
71	223
71	226
71	251
71	261
71	269
71	272
71	276
71	284
71	285
71	288
71	289
72	26
72	36
72	47
72	51
72	79
72	82
72	89
72	118
72	154
72	157
72	158
72	171
72	172
72	184
72	195
72	213
72	215
72	231
72	240
72	242
72	271
72	274
72	277
72	292
72	299
72	300
73	1
73	4
73	65
73	75
73	99
73	129
73	140
73	143
73	146
73	147
73	167
73	183
73	186
73	200
73	214
73	225
73	252
73	256
73	259
73	270
73	274
73	281
73	285
73	286
73	287
73	288
74	39
74	48
74	83
74	97
74	105
74	118
74	122
74	129
74	153
74	158
74	160
74	162
74	177
74	181
74	185
74	186
74	239
74	241
74	253
74	263
74	275
74	280
74	285
74	288
74	294
74	296
75	8
75	40
75	65
75	79
75	121
75	154
75	159
75	162
75	173
75	175
75	183
75	196
75	200
75	208
75	210
75	213
75	219
75	231
75	232
75	245
75	248
75	261
75	267
75	271
75	283
75	289
76	16
76	18
76	24
76	25
76	35
76	70
76	82
76	83
76	87
76	93
76	104
76	105
76	117
76	142
76	143
76	149
76	150
76	241
76	271
76	275
76	278
76	279
76	291
76	292
76	293
76	296
77	19
77	24
77	31
77	68
77	69
77	70
77	81
77	86
77	96
77	112
77	137
77	151
77	156
77	170
77	172
77	175
77	222
77	226
77	228
77	229
77	230
77	241
77	263
77	284
77	294
77	300
78	42
78	56
78	66
78	98
78	132
78	146
78	149
78	156
78	159
78	164
78	172
78	192
78	215
78	244
78	247
78	257
78	260
78	265
78	270
78	272
78	281
78	285
78	286
78	287
78	293
78	295
79	38
79	96
79	119
79	128
79	130
79	142
79	146
79	152
79	184
79	207
79	218
79	225
79	232
79	235
79	237
79	241
79	245
79	250
79	253
79	263
79	266
79	267
79	282
79	292
79	298
79	300
80	4
80	7
80	54
80	70
80	102
80	106
80	124
80	162
80	173
80	175
80	190
80	213
80	233
80	240
80	245
80	253
80	260
80	267
80	268
80	271
80	272
80	273
80	286
80	289
80	293
80	300
81	4
81	31
81	41
81	47
81	52
81	68
81	73
81	88
81	112
81	120
81	126
81	133
81	157
81	168
81	176
81	182
81	200
81	228
81	229
81	262
81	264
81	266
81	273
81	277
81	280
81	295
82	26
82	35
82	43
82	57
82	102
82	142
82	143
82	161
82	171
82	188
82	197
82	209
82	221
82	225
82	226
82	234
82	243
82	248
82	252
82	262
82	269
82	275
82	289
82	290
82	293
82	297
83	44
83	45
83	63
83	88
83	90
83	91
83	132
83	183
83	191
83	205
83	210
83	212
83	213
83	226
83	229
83	237
83	242
83	246
83	252
83	279
83	280
83	283
83	289
83	290
83	294
83	299
84	22
84	34
84	91
84	96
84	155
84	159
84	163
84	170
84	177
84	198
84	201
84	227
84	230
84	241
84	244
84	263
84	269
84	272
84	277
84	281
84	290
84	292
84	295
84	296
84	299
84	300
85	13
85	39
85	139
85	156
85	157
85	177
85	180
85	191
85	192
85	208
85	223
85	229
85	239
85	240
85	255
85	262
85	263
85	268
85	273
85	276
85	277
85	280
85	281
85	291
85	294
85	298
86	3
86	14
86	20
86	56
86	64
86	78
86	90
86	97
86	124
86	130
86	150
86	160
86	167
86	191
86	201
86	202
86	224
86	236
86	244
86	250
86	263
86	269
86	281
86	291
86	294
86	297
87	32
87	69
87	80
87	83
87	98
87	106
87	127
87	141
87	144
87	145
87	158
87	159
87	173
87	188
87	198
87	209
87	214
87	217
87	242
87	249
87	258
87	265
87	267
87	273
87	289
87	294
88	1
88	13
88	39
88	69
88	102
88	110
88	122
88	124
88	139
88	140
88	165
88	168
88	192
88	197
88	198
88	201
88	228
88	233
88	234
88	253
88	255
88	262
88	265
88	277
88	278
88	292
89	33
89	59
89	66
89	94
89	105
89	125
89	128
89	130
89	148
89	169
89	193
89	202
89	232
89	241
89	244
89	247
89	249
89	260
89	263
89	271
89	277
89	286
89	287
89	296
89	297
89	300
90	4
90	36
90	38
90	76
90	123
90	127
90	134
90	136
90	154
90	182
90	186
90	196
90	205
90	210
90	212
90	216
90	252
90	255
90	263
90	281
90	283
90	285
90	288
90	289
90	290
90	293
91	5
91	11
91	12
91	14
91	34
91	45
91	84
91	86
91	99
91	111
91	120
91	177
91	182
91	183
91	187
91	200
91	202
91	210
91	220
91	250
91	266
91	272
91	282
91	285
91	296
91	299
92	6
92	7
92	15
92	26
92	49
92	78
92	94
92	123
92	130
92	146
92	158
92	179
92	187
92	200
92	202
92	203
92	213
92	246
92	247
92	270
92	279
92	287
92	288
92	291
92	292
92	293
93	18
93	53
93	90
93	112
93	113
93	137
93	138
93	166
93	193
93	195
93	200
93	203
93	204
93	206
93	212
93	220
93	224
93	235
93	236
93	239
93	243
93	245
93	279
93	280
93	290
93	298
94	16
94	20
94	41
94	62
94	65
94	77
94	123
94	138
94	144
94	147
94	173
94	185
94	187
94	196
94	232
94	235
94	241
94	247
94	251
94	253
94	256
94	257
94	271
94	280
94	282
94	286
95	29
95	37
95	44
95	66
95	75
95	80
95	81
95	92
95	129
95	162
95	190
95	213
95	217
95	226
95	235
95	238
95	246
95	253
95	259
95	268
95	271
95	278
95	289
95	290
95	291
95	300
96	27
96	78
96	98
96	116
96	141
96	146
96	149
96	152
96	160
96	165
96	182
96	184
96	213
96	214
96	216
96	243
96	246
96	250
96	252
96	253
96	260
96	270
96	276
96	282
96	284
96	299
97	3
97	62
97	68
97	76
97	83
97	112
97	113
97	153
97	160
97	163
97	173
97	177
97	185
97	190
97	198
97	214
97	229
97	241
97	251
97	253
97	259
97	277
97	281
97	287
97	296
97	300
98	26
98	42
98	43
98	49
98	82
98	83
98	158
98	165
98	170
98	171
98	173
98	174
98	191
98	202
98	237
98	242
98	243
98	258
98	260
98	263
98	275
98	280
98	282
98	284
98	285
98	287
99	10
99	65
99	84
99	89
99	138
99	144
99	163
99	172
99	173
99	181
99	204
99	207
99	211
99	218
99	230
99	233
99	248
99	252
99	254
99	259
99	274
99	279
99	280
99	291
99	293
99	297
100	28
100	41
100	104
100	111
100	115
100	123
100	131
100	147
100	150
100	167
100	176
100	179
100	184
100	187
100	195
100	206
100	240
100	249
100	256
100	257
100	258
100	266
100	267
100	268
100	280
100	293
101	28
101	53
101	67
101	106
101	127
101	130
101	135
101	157
101	161
101	169
101	176
101	180
101	195
101	201
101	220
101	222
101	240
101	254
101	259
101	266
101	275
101	281
101	287
101	289
101	292
101	300
102	3
102	4
102	12
102	19
102	54
102	84
102	119
102	141
102	153
102	155
102	184
102	193
102	221
102	224
102	232
102	235
102	245
102	246
102	247
102	253
102	260
102	269
102	274
102	289
102	297
102	298
103	10
103	61
103	63
103	97
103	124
103	136
103	137
103	153
103	190
103	194
103	201
103	214
103	222
103	225
103	228
103	242
103	248
103	250
103	262
103	270
103	281
103	282
103	284
103	297
103	298
103	299
104	7
104	10
104	69
104	79
104	103
104	135
104	142
104	164
104	169
104	182
104	188
104	202
104	205
104	224
104	235
104	236
104	237
104	238
104	256
104	257
104	259
104	272
104	277
104	282
104	288
104	294
105	44
105	48
105	52
105	112
105	134
105	157
105	166
105	173
105	194
105	202
105	220
105	222
105	233
105	252
105	258
105	261
105	275
105	276
105	277
105	280
105	284
105	287
105	289
105	295
105	299
105	300
106	5
106	25
106	68
106	100
106	111
106	122
106	152
106	167
106	176
106	186
106	187
106	196
106	199
106	203
106	223
106	224
106	236
106	238
106	258
106	261
106	266
106	279
106	282
106	286
106	288
106	300
107	2
107	10
107	20
107	32
107	76
107	118
107	137
107	138
107	142
107	143
107	153
107	157
107	173
107	174
107	191
107	205
107	223
107	238
107	242
107	243
107	247
107	273
107	275
107	290
107	298
107	299
108	5
108	10
108	32
108	73
108	129
108	146
108	156
108	169
108	174
108	184
108	187
108	189
108	206
108	207
108	230
108	233
108	246
108	250
108	251
108	270
108	274
108	278
108	283
108	285
108	287
108	293
109	7
109	13
109	17
109	25
109	37
109	48
109	59
109	64
109	81
109	103
109	106
109	110
109	125
109	149
109	154
109	160
109	171
109	189
109	194
109	251
109	255
109	258
109	271
109	277
109	291
109	300
110	8
110	16
110	17
110	70
110	77
110	81
110	90
110	100
110	112
110	117
110	133
110	137
110	164
110	171
110	175
110	196
110	200
110	207
110	212
110	220
110	231
110	233
110	252
110	278
110	283
110	289
111	3
111	5
111	70
111	88
111	94
111	96
111	102
111	118
111	168
111	176
111	188
111	201
111	204
111	239
111	250
111	264
111	266
111	271
111	273
111	283
111	286
111	288
111	291
111	293
111	295
111	300
112	6
112	18
112	19
112	31
112	45
112	75
112	79
112	82
112	93
112	103
112	114
112	129
112	154
112	156
112	157
112	168
112	171
112	174
112	182
112	192
112	204
112	240
112	246
112	264
112	272
112	276
113	16
113	17
113	57
113	81
113	86
113	101
113	108
113	122
113	131
113	142
113	144
113	150
113	153
113	168
113	187
113	203
113	209
113	212
113	249
113	256
113	266
113	275
113	281
113	282
113	287
113	292
114	16
114	21
114	25
114	28
114	52
114	59
114	80
114	98
114	155
114	192
114	202
114	204
114	209
114	214
114	216
114	223
114	224
114	227
114	228
114	232
114	258
114	260
114	269
114	270
114	291
114	295
115	34
115	39
115	41
115	67
115	81
115	91
115	113
115	127
115	132
115	155
115	156
115	168
115	178
115	185
115	192
115	199
115	213
115	215
115	228
115	238
115	262
115	268
115	275
115	279
115	292
115	295
116	71
116	73
116	77
116	129
116	136
116	140
116	150
116	156
116	164
116	166
116	172
116	175
116	177
116	184
116	206
116	211
116	222
116	231
116	250
116	254
116	260
116	276
116	282
116	284
116	290
116	293
117	9
117	31
117	36
117	51
117	89
117	128
117	149
117	152
117	166
117	178
117	187
117	192
117	202
117	209
117	217
117	225
117	251
117	254
117	255
117	257
117	259
117	270
117	274
117	278
117	299
117	300
118	20
118	21
118	37
118	55
118	58
118	77
118	99
118	141
118	145
118	157
118	167
118	174
118	178
118	189
118	230
118	233
118	237
118	259
118	266
118	274
118	281
118	284
118	285
118	291
118	298
118	300
119	2
119	12
119	13
119	20
119	23
119	58
119	66
119	79
119	92
119	114
119	135
119	143
119	146
119	193
119	213
119	224
119	232
119	257
119	265
119	270
119	274
119	278
119	284
119	286
119	288
119	295
120	14
120	26
120	30
120	32
120	35
120	45
120	53
120	62
120	68
120	95
120	115
120	122
120	153
120	156
120	166
120	178
120	214
120	216
120	240
120	257
120	266
120	268
120	271
120	273
120	283
120	293
121	15
121	29
121	33
121	52
121	80
121	107
121	119
121	141
121	151
121	161
121	163
121	190
121	196
121	210
121	213
121	214
121	215
121	234
121	235
121	245
121	262
121	267
121	277
121	289
121	299
121	300
122	10
122	46
122	52
122	57
122	80
122	82
122	117
122	123
122	145
122	148
122	164
122	165
122	166
122	197
122	198
122	199
122	202
122	217
122	225
122	234
122	236
122	239
122	265
122	278
122	284
122	296
123	16
123	35
123	54
123	55
123	62
123	87
123	97
123	125
123	154
123	184
123	196
123	197
123	199
123	202
123	213
123	226
123	228
123	229
123	238
123	245
123	246
123	247
123	249
123	255
123	274
123	287
124	20
124	23
124	46
124	66
124	107
124	129
124	139
124	151
124	172
124	189
124	205
124	216
124	221
124	229
124	243
124	245
124	256
124	259
124	264
124	266
124	268
124	278
124	285
124	291
124	296
124	300
125	11
125	25
125	30
125	44
125	72
125	75
125	116
125	142
125	151
125	164
125	219
125	221
125	227
125	241
125	248
125	250
125	254
125	256
125	258
125	265
125	268
125	269
125	278
125	283
125	284
125	288
126	2
126	6
126	13
126	52
126	67
126	75
126	88
126	110
126	112
126	115
126	135
126	151
126	163
126	171
126	186
126	202
126	212
126	221
126	227
126	235
126	238
126	275
126	276
126	278
126	288
126	297
127	55
127	58
127	84
127	101
127	102
127	132
127	141
127	147
127	163
127	171
127	182
127	204
127	221
127	225
127	231
127	235
127	257
127	259
127	260
127	264
127	269
127	275
127	281
127	288
127	291
127	300
128	27
128	67
128	86
128	92
128	115
128	118
128	145
128	151
128	152
128	160
128	166
128	169
128	176
128	180
128	187
128	208
128	234
128	239
128	244
128	257
128	262
128	271
128	274
128	275
128	287
128	288
129	1
129	66
129	78
129	93
129	94
129	101
129	109
129	123
129	132
129	142
129	152
129	159
129	197
129	200
129	201
129	206
129	211
129	214
129	230
129	234
129	270
129	278
129	279
129	280
129	291
129	300
130	12
130	25
130	47
130	77
130	92
130	126
130	138
130	159
130	168
130	182
130	196
130	200
130	203
130	211
130	228
130	230
130	242
130	255
130	257
130	260
130	264
130	270
130	275
130	281
130	288
130	297
131	30
131	61
131	85
131	94
131	111
131	117
131	133
131	137
131	138
131	145
131	163
131	180
131	189
131	191
131	225
131	258
131	272
131	273
131	275
131	281
131	285
131	286
131	287
131	298
131	299
131	300
132	34
132	36
132	42
132	43
132	75
132	78
132	107
132	124
132	130
132	131
132	161
132	165
132	175
132	190
132	193
132	229
132	230
132	236
132	237
132	238
132	239
132	251
132	279
132	288
132	292
132	293
133	20
133	31
133	52
133	65
133	76
133	93
133	107
133	110
133	122
133	148
133	150
133	194
133	195
133	215
133	220
133	228
133	242
133	244
133	248
133	249
133	254
133	268
133	273
133	279
133	280
133	289
134	2
134	32
134	37
134	60
134	66
134	111
134	115
134	126
134	131
134	142
134	161
134	165
134	177
134	186
134	205
134	213
134	227
134	239
134	250
134	259
134	273
134	283
134	292
134	295
134	296
134	297
135	8
135	23
135	44
135	51
135	63
135	89
135	99
135	139
135	142
135	171
135	175
135	185
135	215
135	218
135	234
135	235
135	239
135	242
135	243
135	270
135	271
135	272
135	274
135	285
135	289
135	291
136	3
136	55
136	60
136	71
136	102
136	140
136	164
136	171
136	186
136	187
136	189
136	194
136	199
136	219
136	224
136	235
136	243
136	247
136	250
136	260
136	262
136	267
136	281
136	283
136	290
136	295
137	3
137	21
137	30
137	31
137	38
137	60
137	76
137	90
137	106
137	118
137	120
137	122
137	123
137	129
137	148
137	167
137	180
137	194
137	218
137	223
137	227
137	231
137	274
137	275
137	283
137	284
138	5
138	21
138	27
138	45
138	104
138	122
138	160
138	169
138	176
138	188
138	190
138	203
138	212
138	226
138	228
138	242
138	245
138	256
138	261
138	267
138	272
138	273
138	277
138	280
138	284
138	289
139	17
139	41
139	72
139	74
139	90
139	102
139	114
139	124
139	150
139	155
139	157
139	162
139	172
139	174
139	181
139	204
139	207
139	212
139	213
139	238
139	255
139	259
139	263
139	264
139	272
139	295
140	61
140	67
140	76
140	80
140	87
140	99
140	123
140	126
140	145
140	187
140	188
140	191
140	198
140	207
140	208
140	218
140	219
140	222
140	250
140	256
140	271
140	274
140	279
140	285
140	286
140	292
141	9
141	34
141	50
141	58
141	88
141	108
141	120
141	145
141	160
141	204
141	207
141	211
141	226
141	240
141	241
141	246
141	247
141	255
141	256
141	261
141	276
141	278
141	280
141	286
141	288
141	291
142	9
142	27
142	32
142	75
142	93
142	100
142	101
142	105
142	109
142	138
142	172
142	186
142	205
142	207
142	209
142	215
142	220
142	225
142	240
142	247
142	255
142	256
142	283
142	296
142	298
142	300
143	9
143	40
143	42
143	47
143	48
143	63
143	97
143	110
143	132
143	147
143	153
143	180
143	209
143	223
143	235
143	238
143	244
143	252
143	259
143	261
143	264
143	269
143	273
143	274
143	279
143	288
144	32
144	42
144	68
144	82
144	96
144	104
144	105
144	114
144	118
144	127
144	134
144	137
144	139
144	140
144	166
144	188
144	199
144	202
144	208
144	223
144	227
144	261
144	269
144	273
144	283
144	286
145	99
145	106
145	108
145	120
145	131
145	164
145	170
145	171
145	187
145	188
145	190
145	193
145	209
145	212
145	235
145	236
145	259
145	261
145	267
145	270
145	275
145	276
145	277
145	278
145	287
145	299
146	9
146	14
146	20
146	45
146	47
146	63
146	70
146	76
146	113
146	123
146	139
146	162
146	178
146	179
146	209
146	227
146	239
146	254
146	266
146	270
146	273
146	278
146	286
146	293
146	294
146	298
147	1
147	44
147	50
147	64
147	68
147	89
147	95
147	101
147	113
147	114
147	125
147	131
147	134
147	142
147	158
147	205
147	211
147	232
147	235
147	252
147	262
147	263
147	290
147	292
147	299
147	300
148	14
148	25
148	50
148	83
148	98
148	111
148	125
148	133
148	136
148	138
148	144
148	194
148	202
148	213
148	225
148	259
148	262
148	263
148	265
148	266
148	270
148	278
148	279
148	284
148	289
148	292
149	37
149	39
149	50
149	73
149	100
149	101
149	108
149	131
149	157
149	190
149	194
149	200
149	203
149	204
149	206
149	233
149	238
149	250
149	252
149	264
149	271
149	276
149	277
149	280
149	286
149	300
150	24
150	29
150	66
150	78
150	86
150	89
150	102
150	107
150	116
150	151
150	175
150	184
150	193
150	214
150	216
150	225
150	240
150	245
150	249
150	252
150	257
150	260
150	267
150	279
150	287
150	290
151	6
151	20
151	23
151	71
151	85
151	95
151	98
151	123
151	149
151	174
151	178
151	215
151	222
151	223
151	227
151	228
151	238
151	240
151	243
151	255
151	270
151	271
151	278
151	284
151	285
151	288
152	24
152	28
152	40
152	50
152	56
152	59
152	83
152	102
152	111
152	132
152	160
152	177
152	185
152	230
152	236
152	239
152	241
152	242
152	250
152	253
152	272
152	275
152	286
152	288
152	297
152	299
153	6
153	15
153	30
153	49
153	60
153	74
153	85
153	91
153	97
153	108
153	120
153	146
153	162
153	183
153	197
153	204
153	218
153	220
153	221
153	233
153	236
153	241
153	246
153	282
153	290
153	297
154	14
154	26
154	34
154	38
154	79
154	81
154	84
154	137
154	140
154	144
154	157
154	168
154	170
154	188
154	193
154	195
154	206
154	212
154	230
154	241
154	244
154	270
154	272
154	286
154	291
154	298
155	18
155	44
155	68
155	102
155	116
155	124
155	125
155	140
155	161
155	162
155	165
155	166
155	168
155	189
155	191
155	204
155	214
155	217
155	231
155	251
155	253
155	262
155	263
155	272
155	284
155	295
156	11
156	35
156	39
156	46
156	75
156	77
156	85
156	88
156	105
156	107
156	109
156	112
156	115
156	131
156	187
156	194
156	207
156	234
156	244
156	252
156	262
156	263
156	264
156	265
156	278
156	298
157	18
157	50
157	53
157	61
157	72
157	78
157	82
157	95
157	103
157	147
157	159
157	177
157	180
157	192
157	206
157	208
157	222
157	223
157	224
157	261
157	269
157	274
157	275
157	277
157	280
157	281
158	15
158	17
158	75
158	87
158	107
158	110
158	124
158	141
158	151
158	164
158	176
158	184
158	186
158	188
158	202
158	211
158	212
158	222
158	225
158	232
158	236
158	239
158	249
158	255
158	259
158	266
159	16
159	17
159	85
159	100
159	119
159	134
159	146
159	160
159	177
159	179
159	203
159	206
159	214
159	221
159	222
159	239
159	240
159	243
159	254
159	263
159	279
159	280
159	286
159	289
159	294
159	297
160	10
160	28
160	45
160	52
160	61
160	63
160	71
160	73
160	79
160	112
160	114
160	119
160	136
160	148
160	152
160	159
160	164
160	178
160	203
160	209
160	216
160	221
160	261
160	272
160	284
160	285
161	5
161	48
161	50
161	63
161	68
161	73
161	93
161	94
161	116
161	125
161	126
161	141
161	151
161	220
161	226
161	228
161	234
161	245
161	253
161	264
161	272
161	289
161	291
161	292
161	294
161	299
162	10
162	51
162	70
162	71
162	74
162	75
162	80
162	83
162	92
162	100
162	137
162	154
162	163
162	173
162	199
162	200
162	202
162	208
162	219
162	245
162	267
162	268
162	273
162	289
162	297
163	8
163	12
163	31
163	43
163	46
163	51
163	69
163	136
163	143
163	181
163	199
163	211
163	226
163	232
163	240
163	243
163	251
163	260
163	264
163	282
163	288
163	289
163	291
163	296
163	297
164	9
164	19
164	33
164	39
164	51
164	57
164	72
164	92
164	111
164	114
164	121
164	138
164	142
164	178
164	193
164	227
164	247
164	248
164	256
164	264
164	267
164	276
164	289
164	295
164	297
165	34
165	35
165	48
165	51
165	80
165	109
165	135
165	136
165	139
165	147
165	156
165	163
165	178
165	182
165	217
165	218
165	220
165	226
165	229
165	245
165	259
165	262
165	265
165	272
165	284
166	16
166	27
166	41
166	91
166	100
166	103
166	110
166	120
166	142
166	143
166	146
166	154
166	182
166	184
166	187
166	192
166	200
166	207
166	211
166	222
166	236
166	246
166	248
166	259
166	296
167	4
167	107
167	112
167	123
167	140
167	149
167	176
167	179
167	203
167	228
167	230
167	239
167	244
167	255
167	262
167	264
167	266
167	269
167	273
167	278
167	283
167	287
167	293
167	295
167	299
168	13
168	37
168	77
168	106
168	115
168	120
168	129
168	148
168	152
168	154
168	157
168	161
168	178
168	188
168	192
168	193
168	201
168	214
168	229
168	241
168	260
168	262
168	264
168	269
168	297
169	12
169	28
169	45
169	75
169	83
169	105
169	131
169	135
169	142
169	152
169	172
169	188
169	211
169	217
169	218
169	219
169	227
169	239
169	247
169	256
169	258
169	263
169	277
169	287
169	295
170	1
170	5
170	6
170	7
170	47
170	55
170	79
170	92
170	126
170	131
170	151
170	165
170	171
170	187
170	188
170	191
170	195
170	198
170	212
170	243
170	246
170	276
170	286
170	293
170	300
171	32
171	62
171	64
171	123
171	124
171	126
171	133
171	147
171	154
171	167
171	180
171	193
171	196
171	197
171	205
171	209
171	237
171	242
171	252
171	258
171	259
171	265
171	276
171	279
171	284
172	7
172	8
172	12
172	53
172	111
172	134
172	162
172	171
172	181
172	191
172	201
172	208
172	229
172	230
172	231
172	237
172	240
172	243
172	249
172	252
172	260
172	264
172	266
172	280
172	294
173	33
173	76
173	88
173	95
173	113
173	141
173	148
173	150
173	153
173	162
173	186
173	190
173	196
173	205
173	213
173	239
173	245
173	252
173	260
173	261
173	267
173	268
173	274
173	283
173	297
174	6
174	44
174	46
174	54
174	60
174	61
174	102
174	139
174	149
174	155
174	172
174	177
174	200
174	204
174	216
174	224
174	232
174	245
174	249
174	268
174	277
174	278
174	287
174	292
174	295
175	19
175	33
175	37
175	59
175	72
175	103
175	110
175	119
175	155
175	157
175	167
175	180
175	214
175	217
175	221
175	227
175	228
175	231
175	232
175	269
175	278
175	285
175	288
175	292
175	293
176	60
176	78
176	84
176	101
176	115
176	119
176	123
176	127
176	128
176	145
176	151
176	163
176	182
176	188
176	189
176	200
176	209
176	226
176	232
176	247
176	248
176	274
176	286
176	295
176	297
177	22
177	30
177	31
177	39
177	49
177	74
177	89
177	99
177	121
177	130
177	146
177	185
177	193
177	198
177	208
177	218
177	220
177	221
177	230
177	234
177	263
177	282
177	287
177	290
177	291
178	2
178	11
178	40
178	52
178	55
178	57
178	62
178	90
178	128
178	134
178	137
178	151
178	160
178	179
178	184
178	190
178	195
178	215
178	226
178	234
178	256
178	258
178	274
178	275
178	279
179	24
179	58
179	63
179	115
179	138
179	145
179	147
179	166
179	169
179	185
179	187
179	204
179	216
179	220
179	236
179	263
179	273
179	279
179	282
179	285
179	286
179	287
179	293
179	296
179	297
180	6
180	19
180	54
180	58
180	64
180	74
180	117
180	123
180	150
180	162
180	167
180	175
180	191
180	193
180	194
180	201
180	212
180	219
180	234
180	235
180	256
180	267
180	274
180	283
180	294
181	40
181	54
181	59
181	118
181	124
181	130
181	143
181	156
181	169
181	171
181	188
181	204
181	215
181	219
181	224
181	226
181	230
181	231
181	251
181	255
181	266
181	274
181	282
181	286
181	295
182	2
182	5
182	19
182	49
182	57
182	94
182	97
182	99
182	114
182	120
182	121
182	141
182	144
182	159
182	183
182	195
182	208
182	214
182	247
182	251
182	252
182	257
182	261
182	277
182	280
183	38
183	39
183	58
183	73
183	105
183	106
183	128
183	142
183	163
183	175
183	178
183	181
183	191
183	195
183	208
183	212
183	229
183	248
183	253
183	255
183	261
183	265
183	288
183	293
183	298
184	10
184	15
184	31
184	49
184	70
184	79
184	84
184	89
184	128
184	141
184	191
184	196
184	220
184	221
184	224
184	245
184	253
184	255
184	256
184	260
184	267
184	284
184	286
184	289
184	297
185	21
185	41
185	46
185	91
185	92
185	97
185	112
185	120
185	121
185	128
185	129
185	144
185	181
185	215
185	218
185	220
185	226
185	263
185	276
185	278
185	282
185	285
185	286
185	290
185	296
186	21
186	47
186	50
186	67
186	135
186	136
186	137
186	156
186	166
186	172
186	176
186	194
186	201
186	203
186	214
186	237
186	246
186	255
186	265
186	269
186	274
186	275
186	283
186	284
186	289
187	31
187	40
187	46
187	74
187	87
187	99
187	110
187	116
187	121
187	155
187	175
187	222
187	223
187	233
187	237
187	244
187	248
187	268
187	273
187	279
187	282
187	289
187	290
187	294
187	298
188	14
188	15
188	18
188	26
188	44
188	73
188	98
188	114
188	115
188	120
188	131
188	143
188	159
188	183
188	194
188	200
188	207
188	208
188	211
188	217
188	218
188	235
188	241
188	295
188	298
189	28
189	30
189	36
189	68
189	99
189	108
189	128
189	134
189	139
189	144
189	158
189	163
189	168
189	186
189	187
189	196
189	218
189	239
189	240
189	245
189	261
189	264
189	274
189	284
189	299
190	13
190	23
190	29
190	62
190	80
190	95
190	99
190	104
190	117
190	121
190	173
190	175
190	181
190	196
190	215
190	251
190	253
190	260
190	261
190	268
190	276
190	283
190	289
190	293
190	298
191	12
191	14
191	21
191	24
191	83
191	87
191	141
191	161
191	162
191	167
191	181
191	184
191	199
191	201
191	225
191	231
191	234
191	243
191	254
191	260
191	262
191	266
191	270
191	295
191	297
192	41
192	43
192	77
192	79
192	85
192	88
192	104
192	118
192	123
192	148
192	155
192	156
192	195
192	203
192	223
192	228
192	229
192	238
192	262
192	269
192	271
192	272
192	280
192	288
192	298
193	6
193	26
193	37
193	45
193	57
193	64
193	70
193	89
193	92
193	97
193	112
193	143
193	146
193	147
193	182
193	199
193	249
193	252
193	257
193	269
193	271
193	281
193	285
193	286
193	291
194	11
194	89
194	116
194	117
194	119
194	122
194	134
194	157
194	165
194	171
194	179
194	219
194	220
194	224
194	225
194	233
194	247
194	248
194	253
194	264
194	265
194	267
194	276
194	287
194	296
195	22
195	50
195	53
195	55
195	65
195	67
195	114
195	145
195	149
195	158
195	165
195	168
195	210
195	218
195	221
195	226
195	242
195	248
195	255
195	259
195	266
195	281
195	283
195	288
195	298
196	56
196	74
196	76
196	103
196	111
196	121
196	161
196	173
196	178
196	180
196	190
196	206
196	213
196	215
196	233
196	243
196	245
196	262
196	268
196	281
196	283
196	289
196	291
196	292
196	296
197	14
197	17
197	22
197	57
197	59
197	64
197	91
197	93
197	109
197	114
197	126
197	158
197	179
197	181
197	184
197	199
197	212
197	226
197	229
197	234
197	236
197	261
197	265
197	283
197	291
198	10
198	24
198	26
198	34
198	41
198	97
198	120
198	137
198	139
198	153
198	157
198	188
198	192
198	196
198	201
198	258
198	272
198	282
198	285
198	287
198	289
198	290
198	293
198	296
198	298
199	1
199	43
199	52
199	96
199	105
199	109
199	132
199	140
199	152
199	173
199	198
199	208
199	215
199	221
199	233
199	236
199	238
199	255
199	266
199	267
199	273
199	278
199	295
199	298
199	299
200	1
200	16
200	19
200	42
200	136
200	154
200	159
200	166
200	183
200	185
200	193
200	207
200	214
200	234
200	236
200	237
200	238
200	242
200	244
200	247
200	261
200	265
200	275
200	282
200	298
201	17
201	34
201	39
201	43
201	135
201	143
201	147
201	149
201	176
201	203
201	205
201	209
201	210
201	218
201	236
201	244
201	251
201	258
201	267
201	273
201	276
201	279
201	280
201	281
201	297
202	3
202	27
202	32
202	49
202	76
202	87
202	89
202	98
202	100
202	110
202	115
202	127
202	147
202	149
202	150
202	180
202	181
202	197
202	204
202	208
202	237
202	246
202	255
202	258
202	288
203	15
203	31
203	67
203	76
203	138
203	143
203	147
203	154
203	167
203	169
203	178
203	187
203	197
203	199
203	214
203	235
203	238
203	247
203	251
203	257
203	261
203	265
203	279
203	283
203	288
204	8
204	9
204	14
204	22
204	24
204	48
204	51
204	62
204	107
204	113
204	114
204	118
204	150
204	174
204	201
204	216
204	219
204	235
204	243
204	264
204	269
204	274
204	279
204	285
204	291
205	3
205	89
205	91
205	98
205	102
205	134
205	146
205	147
205	165
205	178
205	193
205	194
205	197
205	213
205	217
205	222
205	238
205	244
205	257
205	259
205	266
205	278
205	282
205	296
205	297
206	39
206	40
206	57
206	63
206	89
206	101
206	132
206	184
206	196
206	211
206	212
206	214
206	217
206	218
206	230
206	242
206	244
206	247
206	259
206	282
206	284
206	285
206	288
206	296
206	300
207	6
207	30
207	61
207	76
207	110
207	168
207	171
207	179
207	186
207	200
207	221
207	237
207	241
207	245
207	249
207	254
207	262
207	263
207	266
207	267
207	273
207	281
207	291
207	293
207	298
208	43
208	56
208	73
208	85
208	103
208	145
208	151
208	155
208	167
208	172
208	185
208	187
208	189
208	190
208	193
208	199
208	207
208	221
208	222
208	232
208	235
208	268
208	273
208	289
208	293
209	1
209	5
209	11
209	58
209	116
209	132
209	159
209	169
209	182
209	188
209	192
209	214
209	217
209	222
209	229
209	231
209	232
209	247
209	252
209	281
209	292
209	295
209	297
209	298
209	300
210	30
210	40
210	54
210	55
210	79
210	80
210	84
210	111
210	114
210	146
210	158
210	178
210	182
210	198
210	204
210	216
210	236
210	240
210	246
210	260
210	261
210	269
210	276
210	283
210	290
211	5
211	16
211	33
211	47
211	53
211	59
211	62
211	92
211	109
211	116
211	118
211	119
211	125
211	145
211	169
211	180
211	195
211	217
211	227
211	237
211	244
211	257
211	269
211	299
211	300
212	21
212	25
212	53
212	71
212	83
212	87
212	111
212	126
212	148
212	165
212	177
212	180
212	189
212	199
212	203
212	204
212	206
212	208
212	227
212	246
212	261
212	274
212	278
212	292
212	296
213	55
213	73
213	95
213	127
213	155
213	164
213	169
213	173
213	190
213	191
213	212
213	215
213	217
213	228
213	229
213	239
213	243
213	245
213	246
213	267
213	268
213	272
213	289
213	291
213	294
214	37
214	55
214	62
214	67
214	82
214	84
214	95
214	124
214	135
214	147
214	155
214	172
214	190
214	199
214	202
214	234
214	249
214	253
214	258
214	265
214	272
214	277
214	279
214	292
214	297
215	4
215	29
215	33
215	36
215	66
215	80
215	121
215	144
215	161
215	162
215	167
215	175
215	206
215	207
215	227
215	238
215	267
215	274
215	281
215	286
215	287
215	289
215	290
215	294
215	300
216	23
216	30
216	32
216	62
216	72
216	86
216	97
216	116
216	119
216	121
216	124
216	136
216	163
216	171
216	210
216	214
216	234
216	242
216	246
216	251
216	254
216	259
216	290
216	295
216	296
217	1
217	17
217	26
217	59
217	69
217	70
217	85
217	87
217	145
217	153
217	165
217	175
217	177
217	198
217	222
217	223
217	236
217	241
217	247
217	248
217	250
217	255
217	272
217	282
217	284
218	7
218	33
218	49
218	61
218	64
218	69
218	91
218	93
218	101
218	121
218	145
218	167
218	180
218	205
218	206
218	209
218	220
218	230
218	233
218	234
218	242
218	270
218	277
218	286
218	287
219	44
219	47
219	49
219	55
219	59
219	70
219	127
219	157
219	165
219	169
219	172
219	199
219	201
219	202
219	210
219	216
219	232
219	235
219	249
219	270
219	275
219	280
219	282
219	291
219	295
220	8
220	19
220	34
220	46
220	50
220	60
220	84
220	87
220	119
220	128
220	156
220	185
220	189
220	191
220	224
220	231
220	234
220	251
220	260
220	282
220	285
220	290
220	296
220	297
220	298
221	17
221	25
221	59
221	87
221	136
221	137
221	138
221	162
221	174
221	199
221	201
221	215
221	216
221	219
221	236
221	240
221	258
221	264
221	269
221	281
221	286
221	289
221	291
221	294
221	300
222	54
222	55
222	60
222	101
222	119
222	140
222	144
222	149
222	170
222	175
222	176
222	182
222	202
222	207
222	210
222	229
222	247
222	250
222	255
222	262
222	279
222	283
222	290
222	298
222	299
223	40
223	41
223	44
223	92
223	95
223	147
223	156
223	157
223	159
223	167
223	202
223	209
223	237
223	248
223	257
223	266
223	269
223	272
223	273
223	276
223	277
223	289
223	292
223	298
223	300
224	1
224	20
224	86
224	90
224	91
224	96
224	106
224	114
224	124
224	128
224	139
224	196
224	204
224	208
224	231
224	235
224	237
224	240
224	241
224	246
224	248
224	266
224	268
224	281
224	295
225	3
225	5
225	11
225	19
225	36
225	68
225	91
225	103
225	132
225	133
225	162
225	171
225	173
225	186
225	190
225	203
225	208
225	222
225	230
225	250
225	257
225	267
225	284
225	292
225	294
226	33
226	57
226	59
226	101
226	109
226	110
226	118
226	137
226	164
226	171
226	180
226	192
226	201
226	203
226	225
226	232
226	237
226	251
226	261
226	273
226	278
226	281
226	286
226	291
226	300
227	23
227	44
227	88
227	89
227	95
227	107
227	116
227	119
227	137
227	192
227	205
227	208
227	212
227	222
227	236
227	249
227	252
227	255
227	256
227	266
227	273
227	277
227	279
227	294
227	295
228	20
228	41
228	79
228	81
228	85
228	93
228	101
228	109
228	130
228	139
228	153
228	168
228	193
228	196
228	216
228	220
228	229
228	242
228	258
228	262
228	269
228	271
228	274
228	292
228	300
229	13
229	23
229	31
229	69
229	81
229	115
229	122
229	134
229	140
229	167
229	168
229	179
229	192
229	194
229	196
229	215
229	223
229	225
229	253
229	262
229	268
229	278
229	283
229	294
229	296
230	8
230	9
230	10
230	12
230	15
230	61
230	65
230	72
230	73
230	101
230	105
230	133
230	135
230	145
230	184
230	189
230	191
230	214
230	223
230	239
230	244
230	265
230	266
230	282
230	299
231	11
231	16
231	43
231	97
231	98
231	113
231	174
231	183
231	191
231	203
231	208
231	211
231	218
231	219
231	221
231	227
231	240
231	243
231	248
231	249
231	251
231	285
231	290
231	291
231	296
232	10
232	29
232	37
232	73
232	141
232	167
232	170
232	174
232	176
232	177
232	189
232	194
232	195
232	203
232	209
232	216
232	224
232	238
232	239
232	252
232	283
232	285
232	292
232	294
232	297
233	40
233	69
233	86
233	117
233	118
233	131
233	157
233	168
233	185
233	189
233	215
233	219
233	241
233	242
233	259
233	262
233	266
233	268
233	274
233	277
233	288
233	289
233	293
233	294
233	296
234	5
234	38
234	42
234	51
234	117
234	134
234	148
234	156
234	175
234	182
234	185
234	193
234	203
234	206
234	211
234	237
234	240
234	249
234	263
234	265
234	271
234	274
234	278
234	292
234	297
235	58
235	145
235	159
235	163
235	172
235	177
235	179
235	204
235	205
235	210
235	227
235	230
235	231
235	237
235	246
235	248
235	252
235	260
235	263
235	269
235	270
235	279
235	284
235	295
235	296
236	17
236	57
236	63
236	80
236	93
236	104
236	129
236	151
236	158
236	160
236	180
236	190
236	199
236	208
236	218
236	220
236	240
236	255
236	262
236	276
236	279
236	281
236	291
236	292
236	298
237	6
237	46
237	83
237	108
237	110
237	126
237	132
237	136
237	155
237	160
237	170
237	183
237	199
237	223
237	226
237	236
237	238
237	241
237	248
237	257
237	258
237	264
237	277
237	281
237	285
238	26
238	41
238	62
238	72
238	104
238	121
238	122
238	146
238	148
238	162
238	166
238	171
238	176
238	183
238	204
238	206
238	209
238	218
238	223
238	242
238	244
238	249
238	277
238	278
238	293
239	10
239	56
239	61
239	65
239	91
239	116
239	118
239	121
239	122
239	160
239	176
239	187
239	214
239	220
239	233
239	242
239	250
239	257
239	259
239	265
239	269
239	270
239	275
239	294
239	297
240	2
240	28
240	56
240	70
240	75
240	105
240	129
240	139
240	143
240	163
240	176
240	181
240	190
240	205
240	210
240	224
240	230
240	235
240	236
240	243
240	248
240	277
240	288
240	291
240	294
241	18
241	19
241	24
241	27
241	67
241	120
241	125
241	126
241	150
241	153
241	166
241	179
241	187
241	212
241	219
241	234
241	244
241	257
241	259
241	263
241	273
241	282
241	289
241	290
241	292
242	2
242	4
242	23
242	30
242	80
242	129
242	144
242	153
242	154
242	155
242	157
242	164
242	182
242	199
242	211
242	222
242	231
242	233
242	247
242	252
242	257
242	263
242	269
242	293
242	297
243	1
243	12
243	35
243	51
243	78
243	106
243	122
243	127
243	135
243	141
243	144
243	145
243	149
243	163
243	174
243	210
243	216
243	221
243	234
243	271
243	276
243	280
243	290
243	292
243	300
244	40
244	65
244	103
244	118
244	128
244	131
244	148
244	185
244	195
244	198
244	205
244	211
244	213
244	216
244	217
244	224
244	233
244	262
244	269
244	274
244	291
244	292
244	293
244	295
244	299
245	10
245	12
245	22
245	57
245	61
245	75
245	95
245	127
245	147
245	153
245	190
245	196
245	204
245	205
245	208
245	210
245	215
245	217
245	247
245	248
245	267
245	268
245	284
245	289
245	299
246	2
246	6
246	26
246	27
246	28
246	41
246	47
246	86
246	98
246	107
246	139
246	168
246	173
246	181
246	203
246	210
246	217
246	219
246	224
246	231
246	242
246	257
246	267
246	270
246	295
247	13
247	35
247	36
247	56
247	58
247	64
247	67
247	125
247	127
247	141
247	152
247	184
247	188
247	202
247	219
247	225
247	230
247	244
247	270
247	274
247	284
247	291
247	294
247	297
247	300
248	8
248	24
248	33
248	36
248	53
248	109
248	114
248	125
248	129
248	143
248	164
248	166
248	170
248	184
248	186
248	188
248	207
248	237
248	242
248	250
248	253
248	255
248	266
248	271
248	299
249	48
249	58
249	83
249	87
249	103
249	126
249	132
249	133
249	147
249	150
249	158
249	161
249	171
249	193
249	209
249	228
249	255
249	262
249	266
249	268
249	270
249	279
249	281
249	283
249	291
250	8
250	47
250	72
250	73
250	80
250	105
250	111
250	120
250	129
250	132
250	145
250	161
250	164
250	178
250	204
250	211
250	242
250	248
250	255
250	259
250	270
250	283
250	290
250	292
250	293
251	20
251	30
251	45
251	63
251	90
251	96
251	127
251	144
251	174
251	185
251	222
251	234
251	240
251	262
251	264
251	269
251	274
251	276
251	277
251	283
251	291
251	293
251	295
251	296
251	299
252	63
252	74
252	87
252	100
252	117
252	148
252	150
252	160
252	164
252	178
252	194
252	203
252	206
252	212
252	214
252	218
252	221
252	261
252	262
252	268
252	273
252	280
252	283
252	284
252	298
253	67
253	78
253	94
253	102
253	120
253	133
253	152
253	159
253	170
253	180
253	182
253	184
253	185
253	190
253	202
253	256
253	257
253	264
253	269
253	272
253	273
253	276
253	287
253	290
253	296
254	29
254	37
254	77
254	79
254	95
254	97
254	98
254	107
254	154
254	158
254	161
254	172
254	176
254	179
254	187
254	190
254	192
254	205
254	222
254	229
254	242
254	258
254	268
254	299
254	300
255	23
255	53
255	66
255	86
255	102
255	130
255	141
255	143
255	154
255	166
255	183
255	186
255	234
255	242
255	248
255	251
255	253
255	267
255	272
255	277
255	289
255	293
255	295
255	298
255	300
256	22
256	37
256	41
256	48
256	49
256	75
256	82
256	93
256	139
256	146
256	152
256	153
256	209
256	212
256	215
256	220
256	224
256	232
256	236
256	238
256	239
256	257
256	284
256	292
256	299
257	22
257	55
257	58
257	60
257	95
257	101
257	104
257	111
257	136
257	154
257	164
257	170
257	174
257	177
257	189
257	193
257	219
257	242
257	248
257	255
257	260
257	280
257	287
257	293
257	297
258	2
258	35
258	50
258	53
258	60
258	78
258	107
258	108
258	121
258	137
258	138
258	151
258	191
258	208
258	230
258	233
258	242
258	249
258	250
258	253
258	260
258	263
258	273
258	282
258	284
259	36
259	40
259	49
259	63
259	95
259	108
259	109
259	116
259	117
259	125
259	135
259	157
259	163
259	197
259	199
259	210
259	223
259	230
259	244
259	254
259	255
259	261
259	265
259	270
259	300
260	12
260	28
260	36
260	39
260	46
260	86
260	115
260	124
260	136
260	142
260	161
260	172
260	179
260	211
260	213
260	232
260	241
260	250
260	251
260	266
260	292
260	294
260	295
260	296
260	298
261	7
261	17
261	19
261	34
261	55
261	93
261	117
261	169
261	183
261	206
261	211
261	218
261	221
261	223
261	224
261	225
261	232
261	250
261	251
261	258
261	259
261	276
261	277
261	279
261	300
262	3
262	39
262	46
262	47
262	64
262	81
262	85
262	92
262	112
262	114
262	115
262	118
262	122
262	131
262	148
262	154
262	162
262	177
262	192
262	207
262	223
262	228
262	287
262	292
262	293
263	3
263	7
263	18
263	54
263	69
263	74
263	91
263	104
263	115
263	139
263	150
263	155
263	179
263	180
263	220
263	233
263	241
263	254
263	259
263	264
263	267
263	280
263	293
263	294
263	296
264	40
264	69
264	96
264	98
264	102
264	116
264	134
264	159
264	162
264	168
264	169
264	181
264	197
264	198
264	226
264	235
264	238
264	256
264	267
264	269
264	277
264	279
264	281
264	291
264	295
265	1
265	22
265	35
265	56
265	63
265	76
265	82
265	94
265	126
265	131
265	144
265	148
265	161
265	170
265	181
265	185
265	186
265	224
265	225
265	252
265	254
265	267
265	274
265	278
265	285
266	9
266	21
266	38
266	73
266	92
266	108
266	120
266	128
266	148
266	151
266	154
266	166
266	183
266	205
266	211
266	220
266	224
266	225
266	227
266	231
266	243
266	254
266	258
266	261
266	282
267	1
267	23
267	64
267	95
267	103
267	106
267	113
267	187
267	190
267	191
267	196
267	197
267	199
267	210
267	213
267	214
267	215
267	245
267	265
267	268
267	270
267	287
267	289
267	297
267	298
268	19
268	53
268	66
268	75
268	89
268	94
268	121
268	140
268	151
268	162
268	196
268	201
268	207
268	213
268	215
268	224
268	229
268	245
268	262
268	265
268	267
268	271
268	286
268	289
268	294
269	40
269	77
269	82
269	97
269	114
269	115
269	121
269	127
269	133
269	136
269	155
269	157
269	169
269	172
269	195
269	207
269	219
269	220
269	221
269	222
269	233
269	236
269	256
269	264
269	275
270	1
270	9
270	18
270	45
270	47
270	48
270	78
270	79
270	117
270	124
270	134
270	141
270	179
270	184
270	197
270	198
270	209
270	227
270	228
270	229
270	239
270	240
270	254
270	276
270	285
271	22
271	24
271	113
271	128
271	132
271	137
271	149
271	175
271	180
271	186
271	194
271	216
271	217
271	225
271	227
271	237
271	239
271	241
271	245
271	270
271	278
271	279
271	296
271	297
271	300
272	8
272	23
272	43
272	59
272	71
272	123
272	130
272	135
272	166
272	167
272	192
272	200
272	220
272	230
272	231
272	236
272	244
272	254
272	255
272	275
272	276
272	277
272	283
272	291
272	299
273	3
273	6
273	21
273	25
273	36
273	52
273	56
273	62
273	141
273	161
273	167
273	181
273	188
273	196
273	200
273	203
273	205
273	237
273	250
273	256
273	265
273	270
273	287
273	288
273	298
274	49
274	53
274	64
274	74
274	76
274	117
274	121
274	126
274	135
274	141
274	149
274	189
274	195
274	197
274	212
274	217
274	229
274	238
274	244
274	249
274	257
274	261
274	262
274	285
274	299
275	13
275	50
275	52
275	57
275	63
275	65
275	99
275	146
275	149
275	172
275	191
275	230
275	249
275	254
275	255
275	258
275	259
275	261
275	263
275	269
275	280
275	285
275	286
275	296
275	300
276	116
276	130
276	152
276	159
276	186
276	188
276	199
276	209
276	214
276	226
276	230
276	236
276	249
276	256
276	264
276	267
276	271
276	275
276	279
276	281
276	283
276	284
276	289
276	290
276	295
277	30
277	48
277	53
277	90
277	99
277	100
277	108
277	156
277	165
277	194
277	201
277	218
277	220
277	226
277	230
277	243
277	248
277	252
277	253
277	254
277	273
277	274
277	282
277	287
277	299
278	5
278	7
278	32
278	59
278	68
278	106
278	107
278	123
278	125
278	135
278	159
278	160
278	169
278	175
278	185
278	205
278	226
278	232
278	243
278	245
278	263
278	265
278	266
278	279
278	295
279	6
279	11
279	29
279	36
279	44
279	56
279	71
279	72
279	78
279	102
279	104
279	109
279	122
279	133
279	134
279	142
279	144
279	191
279	205
279	229
279	273
279	278
279	280
279	281
279	299
280	9
280	26
280	34
280	54
280	61
280	109
280	130
280	161
280	185
280	204
280	220
280	226
280	231
280	234
280	239
280	253
280	261
280	270
280	271
280	273
280	288
280	290
280	293
280	294
280	298
281	10
281	73
281	80
281	86
281	96
281	97
281	113
281	128
281	137
281	180
281	186
281	202
281	207
281	210
281	217
281	245
281	253
281	255
281	257
281	264
281	271
281	272
281	278
281	280
281	286
282	3
282	25
282	69
282	76
282	90
282	91
282	128
282	131
282	161
282	179
282	185
282	199
282	209
282	231
282	237
282	243
282	249
282	255
282	263
282	268
282	285
282	290
282	293
282	294
282	296
283	7
283	42
283	64
283	72
283	85
283	91
283	93
283	113
283	122
283	124
283	134
283	139
283	146
283	153
283	174
283	195
283	200
283	203
283	216
283	233
283	248
283	265
283	275
283	287
283	299
284	27
284	51
284	61
284	78
284	81
284	87
284	108
284	109
284	137
284	145
284	155
284	178
284	200
284	213
284	217
284	232
284	236
284	252
284	254
284	271
284	276
284	292
284	293
284	294
284	296
285	18
285	21
285	65
285	69
285	87
285	96
285	97
285	117
285	124
285	169
285	177
285	179
285	183
285	194
285	198
285	217
285	224
285	226
285	257
285	258
285	281
285	283
285	290
285	291
285	295
286	3
286	42
286	58
286	71
286	92
286	99
286	104
286	106
286	117
286	138
286	152
286	155
286	160
286	163
286	164
286	171
286	175
286	197
286	212
286	233
286	245
286	248
286	253
286	280
286	287
287	89
287	99
287	110
287	120
287	132
287	139
287	145
287	149
287	161
287	172
287	181
287	185
287	203
287	211
287	233
287	251
287	253
287	258
287	261
287	264
287	266
287	294
287	296
287	299
287	300
288	12
288	30
288	45
288	54
288	57
288	104
288	111
288	130
288	139
288	141
288	168
288	169
288	173
288	175
288	196
288	225
288	270
288	278
288	280
288	283
288	284
288	285
288	287
288	297
288	299
289	4
289	22
289	29
289	34
289	50
289	56
289	84
289	143
289	146
289	158
289	160
289	170
289	173
289	196
289	206
289	215
289	216
289	223
289	227
289	233
289	245
289	267
289	268
289	290
289	300
290	23
290	24
290	37
290	64
290	84
290	85
290	165
290	177
290	179
290	195
290	196
290	197
290	212
290	213
290	231
290	234
290	241
290	248
290	253
290	254
290	263
290	265
290	282
290	285
290	291
291	1
291	46
291	79
291	81
291	90
291	100
291	109
291	113
291	114
291	130
291	140
291	141
291	182
291	213
291	214
291	221
291	224
291	225
291	235
291	237
291	246
291	251
291	254
291	260
291	275
292	29
292	35
292	66
292	71
292	72
292	93
292	161
292	166
292	180
292	192
292	194
292	209
292	223
292	225
292	257
292	261
292	271
292	272
292	273
292	274
292	277
292	281
292	290
292	298
292	299
293	33
293	36
293	42
293	54
293	61
293	79
293	100
293	106
293	113
293	116
293	119
293	132
293	158
293	161
293	183
293	184
293	189
293	247
293	248
293	255
293	256
293	267
293	273
293	279
293	290
294	11
294	43
294	60
294	73
294	79
294	84
294	86
294	94
294	100
294	101
294	110
294	111
294	122
294	138
294	151
294	164
294	197
294	205
294	209
294	232
294	268
294	284
294	288
294	290
294	295
295	27
295	48
295	82
295	100
295	127
295	136
295	137
295	153
295	163
295	177
295	179
295	211
295	212
295	214
295	219
295	237
295	240
295	256
295	260
295	264
295	268
295	269
295	291
295	293
295	300
296	4
296	9
296	15
296	28
296	58
296	69
296	84
296	92
296	97
296	103
296	107
296	142
296	146
296	154
296	160
296	165
296	172
296	186
296	220
296	231
296	232
296	241
296	278
296	282
296	290
297	12
297	14
297	22
297	39
297	42
297	57
297	84
297	89
297	126
297	130
297	176
297	207
297	216
297	219
297	228
297	239
297	251
297	256
297	268
297	280
297	288
297	290
297	292
297	294
297	296
298	31
298	61
298	109
298	113
298	119
298	130
298	153
298	156
298	184
298	185
298	191
298	195
298	202
298	217
298	223
298	238
298	243
298	246
298	247
298	254
298	258
298	271
298	283
298	286
298	297
299	2
299	49
299	50
299	61
299	71
299	72
299	81
299	101
299	128
299	142
299	150
299	183
299	193
299	199
299	231
299	233
299	236
299	239
299	247
299	261
299	275
299	290
299	292
299	295
299	296
300	28
300	42
300	43
300	55
300	98
300	105
300	132
300	138
300	157
300	166
300	178
300	181
300	192
300	204
300	206
300	218
300	225
300	227
300	237
300	244
300	246
300	257
300	270
300	298
300	299
