1	13	4.61047
1	58	0.885555
1	64	3.75222
1	73	1.27993e-05
1	117	5.35049
1	118	7.91824
1	122	5.41424
1	140	5.64254
1	149	6.58134
1	151	4.24017
1	155	6.23051
1	157	4.68562
1	160	6.24262
1	162	6.43511
1	165	7.79437
1	186	7.93677
1	196	7.5842
2	5	3.6799
2	17	3.35794
2	39	3.70463
2	62	3.72631
2	66	4.17278
2	81	3.84157
2	82	5.99051
2	93	4.63451
2	112	5.23017
2	116	4.97198
2	150	5.74834
2	164	8.57034
2	169	6.51912
2	170	7.621
2	191	7.24922
2	192	7.12076
2	196	7.65043
3	30	3.4743
3	121	4.79275
3	138	4.59854
3	147	5.44274
3	161	5.49223
3	164	5.67302
3	167	3.16693
3	177	5.29995
3	180	5.26215
3	188	6.80854
3	191	7.95598
3	193	7.03927
3	195	7.10361
3	197	8.5808
3	198	7.34807
3	199	7.43944
3	200	7.19432
4	21	0.00014708
4	39	3.24843
4	51	3.69847
4	53	2.31972
4	75	4.41718
4	88	4.27694
4	100	4.18489
4	124	8.64663
4	130	10.9025
4	153	6.15926
4	155	7.8622
4	156	6.16158
4	168	6.34357
4	170	6.83631
4	172	6.62869
4	176	6.44926
4	182	6.8926
5	36	3.86223
5	77	4.45147
5	80	4.14315
5	91	4.32927
5	107	4.90484
5	111	4.57437
5	128	5.26741
5	131	5.5903
5	143	5.94854
5	145	5.33601
5	158	6.27201
5	169	6.74255
5	191	7.47265
5	192	7.34419
5	194	8.53589
5	196	7.87385
5	198	7.39524
6	8	4.82063
6	9	8.40083
6	11	5.72435
6	25	10.0694
6	40	4.11626
6	52	3.81895
6	58	3.88042
6	72	7.43968
6	90	5.33664
6	92	2.88108
6	96	9.70937
6	150	4.61786
6	163	5.97258
6	164	6.76809
6	171	6.41906
6	178	7.05752
6	180	3.93966
7	45	4.88538
7	66	0.0135403
7	109	5.50386
7	113	5.52248
7	127	6.8442
7	129	5.74896
7	130	7.29511
7	134	6.05234
7	137	7.55206
7	144	6.08257
7	151	6.69786
7	158	5.33282
7	167	7.38575
7	173	5.32017
7	184	4.09386
7	189	7.87534
7	194	7.5967
8	6	3.66062
8	9	10.2897
8	11	7.61321
8	40	6.00511
8	43	0.785125
8	52	5.70781
8	67	1.67075
8	71	1.8608
8	72	9.32853
8	78	1.88677
8	92	4.76993
8	96	11.5982
8	111	4.35145
8	118	5.63216
8	139	6.63103
8	152	5.98136
8	200	7.58081
9	7	0.00114823
9	11	9.06736
9	40	7.45926
9	58	7.22342
9	72	10.7827
9	73	0.00209485
9	78	1.57388
9	84	5.73118
9	92	6.22408
9	98	4.38572
9	99	1.89113
9	127	0.00147192
9	165	2.04927
9	171	5.44332
9	187	7.19267
9	189	3.74333
9	191	5.65775
10	63	5.98061
10	80	2.98138
10	87	4.75788
10	104	3.99812
10	117	5.26872
10	135	3.68433
10	137	8.35688
10	140	5.56077
10	142	3.86788
10	146	10.1837
10	149	6.49956
10	153	3.696
10	155	6.14873
10	160	6.16084
10	162	6.35334
10	165	7.7126
10	186	7.855
11	20	0.0270348
11	52	5.79253
11	58	5.854
11	67	1.43368
11	70	4.90434
11	72	9.41326
11	90	7.31022
11	92	4.85466
11	94	3.42979
11	96	11.6829
11	98	4.46154
11	112	2.22392
11	117	0.437457
11	179	5.49758
11	185	5.9825
11	189	3.81915
11	195	4.85254
12	29	2.38733
12	59	2.05945
12	83	6.15949
12	124	3.74628
12	132	4.13489
12	139	4.72355
12	147	4.9079
12	158	5.04312
12	161	4.95739
12	166	5.00196
12	183	11.8171
12	188	6.2737
12	193	6.50442
12	195	6.56876
12	198	6.81323
12	199	6.90459
12	200	6.65948
13	59	2.75261
13	63	6.55578
13	64	4.24561
13	67	4.53192
13	71	5.62289
13	79	5.94021
13	94	3.98116
13	117	5.84389
13	127	0.336931
13	149	7.07474
13	152	6.29567
13	155	6.72391
13	165	8.28777
13	178	6.70897
13	186	8.43017
13	194	8.62728
13	197	6.90977
14	20	3.73789
14	34	6.20029
14	49	5.1135
14	87	4.89835
14	107	5.58539
14	117	5.40918
14	140	5.70124
14	145	6.01656
14	148	4.54174
14	149	6.64003
14	155	6.2892
14	160	6.30131
14	162	6.49381
14	165	7.85306
14	166	6.82273
14	186	7.99546
14	188	5.36508
15	47	4.32655
15	49	2.16556
15	70	3.81601
15	105	4.67509
15	110	3.74198
15	124	4.72158
15	132	5.1102
15	137	4.38217
15	139	5.69885
15	147	5.8832
15	152	7.84692
15	155	6.83665
15	159	9.31536
15	166	5.97726
15	187	6.71408
15	188	7.249
15	198	7.78853
16	2	4.32569
16	47	1.57414
16	86	5.55231
16	91	5.15752
16	116	6.02366
16	119	5.92242
16	141	6.59947
16	147	4.72222
16	169	7.5708
16	174	4.94041
16	176	4.05083
16	185	5.33271
16	191	8.3009
16	192	8.17244
16	196	8.7021
16	197	5.7086
16	199	5.31719
17	16	5.06589
17	33	1.80069
17	35	7.89663
17	44	3.81077
17	69	4.33268
17	102	7.88529
17	131	5.39391
17	140	2.70048
17	141	5.57484
17	143	5.75215
17	150	5.77537
17	169	6.54616
17	172	5.11589
17	191	7.27626
17	192	7.1478
17	196	7.67747
17	200	8.12911
18	66	2.30401
18	82	3.68868
18	97	4.2529
18	102	3.50115
18	136	5.60797
18	146	4.7277
18	159	6.05614
18	163	6.17837
18	170	7.06154
18	175	6.34124
18	179	6.3603
18	183	6.76707
18	184	7.15715
18	185	8.12522
18	194	6.85858
18	197	7.36209
18	200	9.48646
19	28	4.3516
19	85	1.88547
19	99	4.90548
19	113	5.60213
19	120	6.1806
19	123	3.90577
19	129	5.82861
19	138	5.63857
19	144	6.16222
19	151	6.7775
19	162	4.26918
19	167	7.46539
19	177	3.01108
19	180	7.7026
19	181	6.33295
19	183	6.06973
19	189	7.95499
20	10	3.72355
20	13	4.49268
20	14	3.80672
20	36	2.31128
20	43	4.57395
20	49	4.93701
20	71	5.0117
20	87	4.72186
20	122	5.29645
20	145	6.95922
20	149	6.46355
20	160	6.12482
20	162	6.31732
20	166	7.76538
20	183	8.21939
20	186	7.81898
20	197	8.44158
21	14	0.000195278
21	28	5.23274
21	30	1.33739
21	83	5.51126
21	84	5.1859
21	99	5.78662
21	115	6.18842
21	127	7.805
21	132	2.8648
21	137	7.41017
21	142	2.92117
21	151	7.65865
21	163	4.45156
21	180	8.58374
21	185	5.36141
21	189	8.83613
21	198	6.31416
22	50	2.98758
22	61	2.65486
22	97	3.43168
22	125	3.8194
22	130	13.1912
22	136	4.78675
22	146	3.90648
22	159	5.23492
22	163	5.35715
22	173	5.1305
22	174	5.90847
22	175	9.61537
22	179	5.53908
22	181	6.22526
22	183	5.94585
22	194	6.03736
22	197	6.54087
23	65	3.27597
23	81	7.71055
23	97	3.6034
23	98	3.45756
23	113	4.65114
23	125	3.99112
23	146	4.07819
23	152	5.09077
23	159	5.40664
23	173	5.30222
23	174	6.08018
23	179	5.71079
23	181	6.39697
23	184	6.50765
23	193	10.1885
23	194	6.20908
23	197	6.71259
24	41	5.49067
24	83	4.02508
24	103	4.30385
24	109	4.97846
24	113	4.99708
24	120	7.04927
24	127	6.31881
24	129	5.22356
24	134	5.52694
24	144	5.55717
24	161	5.86813
24	162	5.13784
24	167	6.86035
24	180	7.09755
24	189	7.34994
24	190	6.08566
24	192	5.68361
25	6	5.04902
25	12	4.74373
25	13	4.93341e-05
25	16	0.00208414
25	58	7.15766
25	83	0.330007
25	90	8.61389
25	92	6.15833
25	99	1.81843
25	112	2.07539
25	127	0.000724181
25	128	3.20618
25	160	3.98337
25	163	4.92413
25	171	5.37061
25	181	6.25088
25	187	7.11996
26	1	3.38605
26	42	2.02845
26	51	3.84059
26	78	4.33804
26	88	4.41906
26	108	4.86838
26	135	5.13454
26	138	8.40212
26	143	4.9653
26	148	6.10371
26	156	6.3037
26	168	6.48569
26	170	6.97843
26	172	6.77081
26	176	6.59138
26	182	7.03472
26	197	9.05549
27	105	3.39565
27	106	2.46178
27	124	3.44213
27	130	3.04138
27	132	3.83075
27	137	3.10272
27	147	4.60376
27	158	4.73897
27	161	4.65324
27	164	4.83403
27	166	4.69782
27	187	5.43464
27	188	5.96955
27	193	6.20028
27	198	6.50908
27	199	6.60045
27	200	6.35533
28	19	4.74818
28	24	3.53558
28	45	4.42566
28	53	5.2431
28	74	3.08635
28	76	7.34238
28	99	4.36611
28	108	4.93385
28	113	5.06276
28	144	5.62285
28	151	6.23814
28	167	6.92603
28	171	6.36998
28	175	5.04936
28	180	7.16323
28	189	7.41562
28	194	8.92675
29	27	1.69276
29	56	2.1506
29	107	3.17556
29	147	5.69688
29	158	5.83209
29	161	5.74636
29	166	5.79094
29	174	7.47184
29	184	6.45471
29	187	6.52775
29	191	7.61521
29	193	7.2934
29	195	7.35774
29	196	6.94271
29	198	7.6022
29	199	7.69357
29	200	7.44845
30	2	4.26412
30	29	3.53095
30	35	3.15216
30	44	4.099
30	68	4.4126
30	106	3.90955
30	132	5.27852
30	137	4.55049
30	139	5.86717
30	147	6.05152
30	164	6.2818
30	177	6.38885
30	187	6.8824
30	193	7.64805
30	194	11.3872
30	198	7.95685
30	199	8.04821
31	46	3.32022
31	89	4.05711
31	114	4.97088
31	123	4.52737
31	141	4.58476
31	142	5.19662
31	145	5.58325
31	157	6.1766
31	169	5.9405
31	171	6.87801
31	175	6.62276
31	176	7.2432
31	177	6.86121
31	178	6.21563
31	181	8.94199
31	190	6.74724
31	195	7.39513
32	33	3.24696
32	42	2.57288
32	47	3.9662
32	89	4.0679
32	95	2.97638
32	123	4.53817
32	142	5.20742
32	154	5.83717
32	161	8.30744
32	169	6.63944
32	171	6.88881
32	175	6.63356
32	177	6.87201
32	178	6.22642
32	184	7.81459
32	185	6.80088
32	190	6.75804
33	31	3.21108
33	36	2.91866
33	47	3.99806
33	115	6.57692
33	126	5.60282
33	132	6.17648
33	133	5.38545
33	154	5.86903
33	157	6.21926
33	171	6.92067
33	172	7.02111
33	175	6.66542
33	177	6.90387
33	178	6.25828
33	185	6.83274
33	190	6.7899
33	198	9.62583
34	12	1.48839
34	105	3.9202
34	106	2.98634
34	130	3.56594
34	138	4.2841
34	139	4.94396
34	142	9.12584
34	161	5.1778
34	164	5.35859
34	166	5.22237
34	168	10.7529
34	187	5.95919
34	193	6.72484
34	195	6.78917
34	198	7.03364
34	199	7.125
34	200	6.87989
35	3	2.40372
35	34	2.0733
35	54	3.47236
35	59	2.51821
35	73	4.24378
35	110	3.22544
35	130	3.80429
35	132	4.59366
35	138	4.52246
35	142	10.5481
35	161	5.41615
35	164	5.59694
35	193	6.96319
35	195	7.02753
35	198	7.27199
35	199	7.36336
35	200	7.11824
36	55	3.65227
36	56	4.55709
36	69	4.49574
36	80	4.10983
36	91	4.29594
36	112	5.42028
36	116	5.16209
36	128	5.23409
36	146	12.024
36	147	7.53794
36	149	3.52495
36	150	5.93844
36	165	4.29102
36	169	6.70923
36	191	7.43932
36	192	7.31087
36	196	7.84053
37	44	3.36539
37	60	4.2222
37	84	4.42679
37	85	4.07805
37	114	5.21436
37	116	2.30629
37	126	5.80365
37	133	5.58628
37	142	5.44011
37	150	6.29563
37	154	6.06986
37	170	7.49652
37	177	7.1047
37	178	6.45911
37	185	7.03356
37	190	6.99073
37	195	7.43024
38	50	2.82992
38	65	2.94659
38	76	2.41944
38	97	3.27402
38	113	10.2554
38	136	4.62908
38	146	3.74881
38	159	5.07725
38	163	5.19949
38	173	4.97284
38	174	5.7508
38	179	5.38141
38	181	6.06759
38	183	5.78818
38	184	6.17827
38	194	5.87969
38	197	6.3832
39	78	4.00673
39	88	4.08775
39	94	3.77236
39	95	7.7052
39	108	4.53707
39	134	6.40198
39	135	4.80323
39	148	5.7724
39	153	5.97007
39	156	5.97239
39	168	6.15438
39	170	6.64711
39	172	6.4395
39	174	8.27841
39	176	6.26007
39	180	5.72795
39	182	6.70341
40	11	6.66944
40	25	11.0145
40	52	4.76404
40	58	4.8255
40	72	8.38477
40	90	6.28173
40	96	10.6545
40	97	3.03725
40	106	4.90586
40	110	7.73169
40	143	1.27165
40	150	2.72139
40	155	3.73748
40	170	3.92228
40	188	3.228
40	193	3.97248
40	197	5.36184
41	5	0.000278285
41	7	5.52401
41	18	0.563185
41	24	4.58903
41	28	4.86567
41	55	4.72462
41	61	7.09125
41	73	7.12611
41	95	5.43568
41	144	6.6763
41	167	7.97947
41	180	8.21668
41	183	6.55487
41	187	7.68717
41	189	8.46907
41	195	5.27123
41	199	6.38567
42	13	5.00936
42	20	4.07809
42	46	4.4464
42	49	5.45369
42	84	7.43824
42	86	0.156107
42	122	5.81313
42	136	4.65316
42	140	6.04143
42	151	3.34828
42	155	6.6294
42	158	7.44327
42	160	6.6415
42	162	6.834
42	165	8.19326
42	168	6.80059
42	186	8.33566
43	1	4.33496
43	63	6.55119
43	64	4.24103
43	67	4.52733
43	68	3.49013
43	71	5.6183
43	87	5.32847
43	111	5.65935
43	114	2.90093
43	117	5.8393
43	122	5.90305
43	131	3.98499
43	160	6.73143
43	179	7.88641
43	186	8.42558
43	188	6.61337
43	192	7.27024
44	36	3.86101
44	66	4.39498
44	69	4.52784
44	91	4.32804
44	112	5.45238
44	122	3.86358
44	128	5.26618
44	135	5.84886
44	141	5.77
44	150	5.97054
44	169	6.74133
44	170	7.40896
44	184	7.0632
44	191	7.47142
44	192	7.34296
44	193	7.45916
44	196	7.87263
45	19	5.09391
45	38	13.3847
45	55	4.01691
45	70	5.57753
45	73	6.4184
45	82	3.96153
45	99	4.71184
45	101	5.70503
45	109	5.38987
45	113	5.40849
45	126	1.47757
45	129	5.63498
45	151	6.58387
45	166	6.35538
45	180	7.50896
45	181	7.0726
45	189	7.76135
46	43	4.34512
46	47	3.99355
46	60	4.01687
46	89	4.09526
46	114	5.00903
46	120	4.95398
46	128	7.15177
46	133	5.38095
46	142	5.23478
46	145	5.6214
46	154	5.86453
46	165	5.92215
46	171	6.91617
46	175	6.66092
46	177	6.89937
46	190	6.78539
46	200	11.1408
47	31	3.61649
47	46	3.76829
47	65	5.84079
47	68	3.93275
47	87	2.3239
47	95	3.41365
47	133	5.79086
47	148	6.79727
47	153	6.76646
47	154	6.27444
47	157	6.62467
47	175	7.07083
47	177	7.30928
47	178	6.66369
47	183	9.53226
47	185	7.23815
47	190	7.19531
48	19	0.265188
48	63	0.00334104
48	70	4.00944
48	105	4.86852
48	106	3.93466
48	107	3.55531
48	121	5.42663
48	130	4.51426
48	137	4.5756
48	151	5.46266
48	158	6.21185
48	173	9.545
48	183	9.88182
48	188	7.44243
48	195	7.73749
48	199	8.07332
48	200	7.82821
49	42	5.17562
49	43	5.27599
49	45	0.161967
49	51	3.23253
49	79	6.03106
49	82	5.41069
49	95	7.13935
49	111	5.75479
49	114	2.63445
49	123	6.09458
49	126	2.92673
49	149	7.16559
49	160	6.82687
49	162	7.01937
49	165	8.37862
49	172	6.45288
49	186	8.52102
50	18	3.56694
50	97	4.36959
50	100	6.31912
50	102	3.61784
50	132	6.38497
50	133	7.05647
50	136	5.72465
50	152	5.85696
50	156	8.47262
50	163	6.29506
50	179	6.47698
50	181	7.16316
50	182	6.00777
50	183	6.88375
50	184	7.27384
50	194	6.97527
50	197	7.47878
51	4	3.49897
51	33	3.70961
51	57	3.82926
51	75	4.4694
51	104	4.28575
51	107	7.13914
51	108	4.77848
51	118	4.54828
51	135	5.04464
51	153	6.21148
51	168	6.39579
51	170	6.88853
51	172	6.68091
51	176	6.50148
51	178	8.85188
51	182	6.94482
51	187	9.96278
52	8	5.92788
52	9	9.50808
52	18	1.37737
52	25	11.1766
52	40	5.22351
52	53	0.424419
52	72	8.54693
52	90	6.44389
52	92	3.98833
52	96	10.8166
52	104	4.90539
52	139	7.62683
52	144	3.23408
52	156	6.80642
52	160	5.36477
52	167	2.17739
52	186	4.48341
53	45	5.21864
53	46	4.43397
53	54	3.31892
53	71	3.24254
53	78	3.26851
53	99	5.1591
53	101	6.15228
53	113	5.85574
53	129	6.08223
53	148	5.02002
53	151	7.03112
53	164	7.48698
53	167	7.71901
53	180	7.95622
53	182	4.7275
53	186	4.86935
53	189	8.20861
54	48	4.20424
54	91	3.40077
54	94	6.49554
54	106	3.89899
54	107	3.51965
54	121	5.39097
54	132	5.26796
54	138	5.19676
54	139	5.85662
54	147	6.04096
54	149	4.42478
54	154	6.71268
54	187	6.87184
54	192	7.94716
54	193	7.63749
54	198	7.94629
54	200	7.79254
55	3	3.17561
55	19	4.6426
55	21	6.00984
55	41	5.45078
55	53	5.13752
55	89	3.36965
55	101	5.25372
55	103	4.26395
55	111	7.04574
55	115	4.66233
55	127	6.27891
55	144	5.51727
55	167	6.82045
55	180	7.05765
55	189	7.31005
55	192	7.81276
55	199	8.89834
56	17	3.93757
56	22	6.91072
56	36	4.21842
56	44	4.36335
56	80	4.49934
56	86	5.08025
56	92	2.67751
56	112	5.80979
56	129	4.16621
56	131	5.94649
56	150	6.32796
56	161	7.24917
56	168	7.35259
56	182	5.29194
56	191	7.82884
56	192	7.70038
56	196	8.23005
57	4	3.54738
57	7	0.36346
57	55	5.55534
57	77	4.3542
57	78	4.29655
57	94	4.06218
57	135	5.09305
57	148	6.06222
57	149	5.42802
57	153	6.25989
57	154	7.71593
57	156	6.26221
57	168	6.4442
57	170	6.93693
57	172	6.72932
57	176	6.54989
57	182	6.99323
58	6	2.96452
58	7	0.000288691
58	8	6.01338
58	9	9.59357
58	25	11.2621
58	31	1.90145
58	37	1.95548
58	40	5.309
58	52	5.0117
58	55	2.59275
58	61	7.77897
58	72	8.63242
58	76	7.59795
58	90	6.52939
58	92	4.07382
58	192	5.98782
58	200	8.45015
59	98	7.86998
59	110	3.28951
59	127	3.194
59	132	4.65773
59	138	4.58653
59	153	6.77884
59	158	5.56595
59	161	5.48022
59	164	5.66101
59	166	5.52479
59	178	9.56603
59	187	6.26161
59	193	7.02726
59	195	7.0916
59	198	7.33606
59	199	7.42743
59	200	7.18231
60	31	3.63255
60	43	2.45608
60	46	3.78434
60	62	4.72563
60	74	3.78996
60	85	4.29868
60	102	9.00794
60	126	6.02428
60	136	4.92993
60	138	7.61304
60	142	5.66074
60	154	6.2905
60	175	7.08688
60	177	7.32533
60	178	6.67975
60	183	8.04421
60	185	7.2542
61	22	2.14278
61	23	2.38176
61	65	3.77656
61	76	3.24941
61	82	3.53976
61	98	3.95815
61	102	3.35223
61	149	7.80257
61	152	5.59136
61	159	5.90722
61	173	5.80281
61	174	6.58077
61	181	6.89756
61	184	7.00824
61	194	6.70966
61	195	11.2961
61	197	7.21317
62	31	3.80496
62	37	4.17701
62	50	4.08467
62	89	4.69364
62	96	0.000390657
62	99	4.61596
62	118	8.04411
62	120	5.55236
62	123	5.16391
62	132	6.13491
62	145	6.21978
62	150	6.36694
62	154	6.46291
62	157	6.81314
62	171	7.51455
62	178	6.85216
62	190	7.38378
63	8	5.79178e-05
63	35	6.61862
63	42	5.51097
63	49	5.9744
63	111	6.09013
63	139	5.90132
63	140	6.56214
63	149	7.50093
63	155	7.1501
63	160	7.16221
63	162	7.35471
63	174	5.09755
63	176	4.20797
63	189	3.3265
63	191	5.24092
63	196	4.56842
63	198	6.44261
64	42	4.41475
64	43	4.51512
64	45	1.71418
64	71	4.95287
64	72	0.0132188
64	77	4.17475
64	111	4.99391
64	122	5.23762
64	140	5.46592
64	149	6.40472
64	155	6.05389
64	160	6.066
64	162	6.25849
64	163	8.96221
64	165	7.61775
64	167	4.83407
64	186	7.76015
65	38	2.32537
65	61	3.66033
65	98	4.29132
65	102	3.6854
65	119	4.08037
65	128	6.90603
65	143	5.81952
65	146	4.91195
65	149	4.91034
65	163	6.36263
65	173	6.13598
65	174	6.91394
65	181	7.23073
65	183	6.95132
65	189	7.37046
65	194	7.04283
65	197	7.54634
66	27	13.4745
66	69	4.76352
66	80	4.3776
66	81	4.29944
66	88	1.95063
66	91	4.56372
66	127	1.89995
66	131	5.82475
66	141	6.00568
66	150	6.20621
66	166	7.79659
66	167	3.05892
66	169	6.977
66	191	7.7071
66	192	7.57864
66	196	8.10831
66	199	8.08138
67	42	4.59729
67	54	4.59541
67	64	3.75813
67	72	0.00383106
67	79	5.45272
67	122	5.42015
67	140	5.64846
67	149	6.58725
67	155	6.23642
67	157	5.05779
67	160	6.24853
67	162	6.44103
67	165	7.80028
67	179	8.39288
67	184	7.46837
67	185	8.87781
67	186	7.94268
68	37	3.6426
68	75	3.41723
68	114	5.073
68	119	9.20765
68	123	4.6295
68	133	5.44492
68	145	5.68537
68	156	8.20898
68	157	6.27873
68	162	6.97108
68	171	6.98014
68	175	6.72489
68	177	6.96334
68	178	6.31775
68	182	5.74413
68	185	6.89221
68	190	6.84937
69	2	3.76419
69	14	2.13453
69	17	3.84812
69	62	4.48778
69	77	4.71822
69	109	4.54202
69	116	5.46216
69	121	4.09985
69	128	5.53416
69	141	6.03797
69	143	6.21529
69	167	4.40816
69	169	7.0093
69	177	6.54118
69	191	7.73939
69	192	7.61094
69	196	8.1406
70	3	2.90487
70	12	2.2279
70	30	3.89937
70	81	7.46948
70	96	0.838466
70	105	4.6597
70	110	3.72659
70	137	4.36678
70	139	5.68347
70	144	6.97965
70	173	10.7778
70	187	6.69869
70	188	7.23361
70	195	7.52868
70	198	7.77314
70	199	7.86451
70	200	7.61939
71	10	4.4394
71	13	5.20853
71	15	3.03304
71	31	3.77217
71	41	0.256641
71	65	5.42185
71	67	4.63658
71	87	5.43772
71	111	5.7686
71	115	6.86347
71	122	6.0123
71	133	7.13452
71	140	6.2406
71	155	6.82857
71	162	7.03317
71	186	8.53483
71	190	8.26058
72	6	3.31124
72	11	7.26383
72	90	6.87612
72	92	4.42055
72	96	11.2488
72	108	2.25431
72	113	0.000755566
72	115	2.05764
72	120	4.41836
72	124	3.68975
72	139	4.56526
72	146	8.02941
72	159	5.38403
72	160	2.30319
72	168	3.34064
72	190	3.45475
72	200	5.51504
73	19	5.91045
73	28	4.97451
73	55	4.83346
73	99	5.52839
73	110	9.1508
73	115	5.93019
73	117	0.860023
73	129	6.45152
73	141	2.46474
73	151	7.40042
73	169	3.82048
73	174	6.01276
73	180	8.32551
73	181	6.82197
73	189	8.5779
73	192	5.30397
73	193	5.39159
74	47	3.95677
74	57	6.62661
74	68	3.48605
74	84	4.18467
74	106	9.23933
74	114	4.97224
74	142	5.19799
74	145	5.58461
74	154	5.82774
74	156	8.91047
74	157	6.17797
74	175	6.62413
74	177	6.86258
74	178	6.21699
74	185	6.79145
74	190	6.74861
74	192	8.21833
75	39	3.69339
75	51	4.14343
75	56	2.69406
75	77	2.71031
75	81	4.91614
75	104	4.67849
75	118	4.94102
75	135	5.43738
75	148	6.40655
75	153	6.60422
75	155	7.15914
75	156	6.60654
75	170	7.28126
75	172	7.07365
75	176	6.89422
75	182	7.33756
75	198	9.36036
76	22	2.01366
76	23	2.25263
76	24	4.46696
76	64	9.24889
76	98	3.82903
76	119	3.61808
76	146	4.44966
76	159	5.7781
76	163	5.90033
76	173	5.67368
76	174	6.45165
76	179	6.08226
76	181	6.76844
76	183	6.48903
76	184	6.87911
76	194	6.58054
76	197	7.08405
77	4	3.75388
77	14	0.83797
77	56	4.79079
77	66	4.59658
77	81	4.26537
77	86	4.92444
77	112	5.65398
77	125	7.36258
77	128	5.46779
77	143	6.14892
77	169	6.94293
77	189	5.98622
77	191	7.67302
77	192	7.54457
77	193	7.1361
77	196	8.07423
77	199	8.13406
78	75	4.71998
78	94	4.26435
78	100	4.48769
78	104	4.53634
78	118	4.79886
78	121	3.60471
78	135	5.29523
78	137	10.9998
78	139	9.36245
78	148	6.2644
78	153	6.46207
78	156	6.46439
78	165	5.09358
78	168	6.64638
78	172	6.9315
78	182	7.19541
78	191	8.70206
79	10	4.4793
79	43	5.32971
79	50	2.04842
79	64	4.39018
79	71	5.76746
79	100	4.0328
79	105	3.99285
79	132	4.09865
79	140	6.28051
79	156	6.1863
79	159	7.82549
79	160	6.88058
79	162	7.07308
79	165	8.43234
79	171	6.13189
79	186	8.57474
79	200	7.9565
80	1	4.2621
80	5	3.93176
80	16	5.29072
80	44	4.03559
80	77	4.4799
80	87	2.50097
80	100	6.99319
80	112	5.48203
80	116	5.22384
80	128	5.29584
80	143	5.97698
80	150	6.0002
80	154	7.22007
80	188	7.79769
80	191	7.50108
80	192	7.37262
80	196	7.90229
81	9	9.88193e-05
81	36	3.84304
81	44	3.98796
81	87	2.4014
81	91	4.31007
81	112	5.43441
81	116	5.17622
81	128	5.24821
81	129	5.45653
81	143	5.92935
81	150	5.95257
81	169	6.72336
81	184	8.04663
81	191	7.45345
81	192	7.32499
81	193	8.44259
81	196	7.85466
82	22	2.24834
82	38	2.09776
82	50	3.76544
82	89	4.50133
82	119	3.85276
82	152	5.69692
82	159	6.01278
82	163	6.13501
82	173	5.90836
82	174	6.68632
82	179	6.31693
82	181	7.00312
82	182	7.17172
82	183	6.7237
82	184	7.11379
82	197	7.31873
82	199	10.03
83	7	4.57794
83	45	4.53303
83	73	6.18004
83	79	0.000464646
83	109	5.15152
83	115	4.87528
83	127	6.49186
83	128	5.59751
83	134	5.7
83	144	5.73023
83	146	12.1009
83	151	6.34551
83	167	7.0334
83	180	7.27061
83	181	8.64221
83	189	7.523
83	190	7.52625
84	25	0.217681
84	31	3.70289
84	33	3.77063
84	62	4.79597
84	63	0.889768
84	74	3.8603
84	75	6.25382
84	95	3.50005
84	114	5.50534
84	142	5.73109
84	171	7.41248
84	175	7.15723
84	176	10.1726
84	177	7.39568
84	180	8.51176
84	185	7.32455
84	190	7.28171
85	47	4.27098
85	49	3.21227
85	62	4.57708
85	68	3.80026
85	74	3.64141
85	114	5.28645
85	115	7.03568
85	145	5.89882
85	149	4.50836
85	154	6.14195
85	157	6.49218
85	171	7.19359
85	172	7.47987
85	175	6.93834
85	185	7.10566
85	190	7.06282
85	198	10.0846
86	30	3.17007
86	69	4.78121
86	81	4.31713
86	95	6.22858
86	101	1.03075
86	112	5.70574
86	131	5.84244
86	143	6.20068
86	163	6.28425
86	164	7.07975
86	169	6.99469
86	187	8.48008
86	191	7.72479
86	192	7.59633
86	195	6.06413
86	196	8.126
87	3	1.68288
87	10	4.15576
87	34	6.49838
87	61	8.11119
87	74	3.67413
87	111	5.48496
87	117	5.66491
87	140	5.95697
87	151	3.15566
87	152	7.18292
87	155	6.54493
87	160	6.55704
87	162	6.74954
87	165	8.10879
87	182	4.54732
87	186	8.25119
88	4	3.74934
88	39	3.55101
88	46	4.68504
88	57	4.07962
88	76	8.36142
88	94	4.26413
88	108	5.02884
88	153	6.46184
88	157	4.03237
88	168	6.64615
88	170	7.13889
88	172	6.93127
88	176	6.75184
88	179	7.36747
88	182	7.19518
88	194	9.94579
89	33	3.5785
89	44	2.97918
89	95	3.30793
89	123	4.86971
89	137	10.2228
89	142	5.53896
89	145	5.92559
89	148	5.59269
89	154	6.16872
89	157	6.51894
89	171	7.22035
89	175	6.9651
89	177	7.20355
89	185	7.13242
89	189	6.01063
89	193	7.16051
90	8	6.4132
90	25	11.6619
90	27	11.6287
90	40	5.70882
90	50	1.70423
90	52	5.41152
90	58	5.47298
90	92	4.47364
90	96	11.3019
90	109	1.34694
90	124	5.78702
90	141	2.31074
90	160	4.40046
90	172	4.59909
90	192	5.14997
90	196	5.32963
91	2	3.52948
91	3	2.37793
91	5	3.93537
91	34	7.19343
91	66	4.42825
91	93	4.88998
91	118	7.52878
91	128	5.29945
91	141	5.80327
91	143	5.98059
91	150	6.00381
91	191	7.50469
91	192	7.37623
91	196	7.9059
91	198	9.06893
91	200	9.47742
92	6	2.29525
92	8	5.34411
92	9	8.92431
92	11	6.24784
92	12	7.11916
92	25	10.5929
92	48	5.00459
92	57	5.51659
92	58	4.4039
92	72	7.96316
92	83	2.70544
92	88	2.06314
92	90	5.86012
92	96	10.2328
92	114	2.73901
92	197	8.5853
93	10	0.000223677
93	69	4.86098
93	80	4.47506
93	81	4.3969
93	131	5.92221
93	134	5.86782
93	143	6.28045
93	144	4.15525
93	150	6.30367
93	169	7.07446
93	173	7.95343
93	186	5.40459
93	188	6.37859
93	191	7.80456
93	192	7.6761
93	196	8.20577
94	4	3.49064
94	26	3.79375
94	100	4.22878
94	104	4.27742
94	108	4.77015
94	112	6.18196
94	118	4.53995
94	135	5.03631
94	148	6.00548
94	153	6.20315
94	161	9.02396
94	170	6.8802
94	172	6.67258
94	176	6.49315
94	182	6.93649
94	195	8.81059
95	84	3.8459
95	89	3.7197
95	120	4.57842
95	121	5.65767
95	126	5.22276
95	133	5.00539
95	142	4.85922
95	145	5.24584
95	154	5.48897
95	157	5.8392
95	171	6.54061
95	175	6.28536
95	177	6.52381
95	185	6.45267
95	187	12.2899
95	190	6.40983
96	6	4.02421
96	19	0.000170228
96	32	2.75731
96	33	1.94859
96	40	6.3687
96	52	6.07139
96	76	7.4248
96	83	1.4118
96	91	1.26828
96	93	1.30607
96	101	0.752424
96	116	0.661858
96	148	4.33447
96	181	7.33267
96	190	6.21672
96	197	7.29166
97	9	0.047181
97	21	0.00923305
97	65	4.13624
97	76	3.6091
97	125	4.85139
97	136	5.81873
97	146	4.93847
97	159	6.26691
97	164	10.1458
97	173	6.16249
97	174	6.94045
97	181	7.25725
97	184	7.36792
97	185	10.2602
97	194	7.06935
97	197	7.57286
98	22	2.36923
98	61	3.55361
98	90	0.833416
98	126	5.20784
98	136	5.6855
98	159	6.13367
98	163	6.25591
98	173	6.02926
98	175	8.60199
98	179	6.43783
98	181	7.12401
98	183	6.8446
98	184	7.23468
98	189	8.22261
98	194	6.93611
98	197	7.43962
99	5	0.539419
99	24	3.64341
99	53	5.35093
99	70	7.88862
99	103	4.47736
99	109	5.15197
99	127	6.49232
99	129	5.39708
99	134	5.70046
99	151	6.34597
99	153	6.35468
99	167	7.03386
99	180	7.27106
99	189	7.52345
99	195	7.83683
99	198	9.91954
100	1	4.50179
100	26	3.88122
100	85	5.76477
100	104	4.36489
100	108	4.85762
100	118	4.62741
100	135	5.12378
100	149	5.17186
100	153	6.29062
100	156	6.29294
100	168	6.47493
100	170	6.96766
100	172	6.76005
100	176	6.58061
100	177	6.89038
100	182	7.02396
101	68	2.99191
101	73	6.67271
101	99	4.96616
101	103	4.96958
101	108	5.97362
101	115	5.36796
101	134	6.19267
101	140	3.80573
101	144	6.2229
101	151	6.83819
101	156	7.46416
101	176	6.59123
101	177	4.96815
101	180	7.76328
101	188	6.11515
101	189	8.01567
102	21	1.7895
102	61	3.16215
102	76	3.0844
102	97	3.93898
102	119	3.5822
102	136	5.29404
102	159	5.74221
102	163	5.86445
102	173	5.6378
102	175	10.2963
102	179	6.04637
102	181	6.73255
102	183	6.45314
102	184	6.84323
102	194	6.54465
102	197	7.04817
103	21	6.22456
103	41	5.6655
103	113	5.17191
103	115	4.87705
103	122	3.77139
103	129	5.39839
103	134	5.70177
103	135	5.75668
103	144	5.732
103	151	6.34728
103	157	4.56044
103	167	7.03517
103	180	7.27238
103	183	8.53415
103	189	7.52477
103	195	7.2505
104	26	3.93401
104	51	3.88262
104	75	4.60132
104	100	4.36903
104	114	4.39611
104	136	6.90593
104	140	5.79913
104	153	6.34341
104	156	6.34573
104	162	8.21965
104	168	6.52772
104	170	7.02045
104	172	6.81284
104	176	6.6334
104	182	7.07675
104	186	7.13455
105	9	0.00339339
105	30	4.25382
105	53	2.95423
105	106	4.08029
105	107	3.70095
105	132	5.44926
105	137	4.72123
105	139	6.03792
105	144	5.76389
105	172	8.09321
105	184	8.33575
105	188	7.58806
105	193	7.81879
105	195	7.88313
105	199	8.21896
105	200	7.97384
106	12	2.00945
106	15	3.3389
106	37	6.22322
106	48	3.81264
106	59	2.80092
106	107	3.12805
106	147	5.64937
106	148	8.77535
106	158	5.78459
106	161	5.69885
106	188	7.01516
106	193	7.24589
106	195	7.31023
106	198	7.55469
106	199	7.64606
106	200	7.40094
107	15	3.14232
107	34	2.15941
107	70	3.38559
107	124	4.29116
107	132	4.67978
107	158	5.588
107	164	5.68306
107	178	10.6789
107	187	6.28366
107	188	6.81858
107	193	7.04931
107	195	7.11365
107	197	10.8797
107	198	7.35811
107	199	7.44948
107	200	7.20436
108	4	3.83131
108	11	0.0248682
108	26	4.13442
108	69	6.52902
108	88	4.66149
108	118	4.88061
108	132	7.52724
108	148	6.34614
108	156	6.54613
108	168	6.72812
108	170	7.22086
108	172	7.01325
108	176	6.83381
108	182	7.27716
108	186	7.29188
108	196	9.10241
109	4	4.06683
109	19	5.15045
109	48	5.25771
109	74	4.71553
109	83	4.49303
109	101	5.76157
109	103	4.7718
109	114	2.99213
109	125	7.67553
109	127	6.78676
109	134	5.9949
109	144	6.02513
109	167	7.3283
109	180	7.56551
109	189	7.8179
109	200	9.82377
110	30	3.61096
110	34	2.28603
110	54	3.6851
110	70	3.51221
110	107	3.05808
110	121	4.9294
110	130	4.01703
110	138	4.73519
110	139	5.39505
110	157	9.11971
110	158	5.71462
110	188	6.94519
110	193	7.17592
110	195	7.24026
110	199	7.57609
110	200	7.33097
111	11	0.465813
111	15	4.04431
111	28	2.05603
111	43	4.99494
111	49	5.35801
111	63	6.36559
111	64	4.05542
111	79	5.75001
111	87	5.14286
111	117	5.65369
111	122	5.71744
111	135	7.34711
111	149	6.88454
111	155	6.53371
111	186	8.23997
111	189	7.80754
112	2	3.96138
112	5	4.36726
112	17	4.04531
112	36	4.32617
112	41	0.28843
112	56	5.05435
112	69	4.99301
112	81	4.52894
112	105	6.38901
112	128	5.73135
112	131	6.05424
112	158	8.82094
112	173	8.80829
112	192	7.80813
112	196	8.3378
112	199	8.9759
113	7	4.83639
113	21	6.48124
113	42	0.872629
113	53	5.60892
113	55	4.037
113	73	6.43849
113	83	4.45658
113	102	8.6412
113	108	5.62428
113	134	5.95845
113	151	6.60396
113	167	7.29185
113	180	7.52906
113	183	7.67746
113	187	8.80976
113	189	7.78145
114	18	2.25436
114	60	4.64951
114	84	4.8541
114	95	3.63638
114	102	9.20979
114	123	5.19817
114	124	7.62832
114	126	6.23096
114	154	6.49718
114	157	6.8474
114	171	7.54881
114	177	7.53201
114	179	7.60744
114	185	7.46088
114	190	7.41804
114	200	9.45361
115	28	4.0332
115	37	4.68989
115	51	4.951
115	83	4.31173
115	88	3.67705
115	99	4.58708
115	109	5.26511
115	113	5.28373
115	129	5.51021
115	134	5.8136
115	144	5.84382
115	167	7.147
115	180	7.3842
115	186	7.09136
115	189	7.63659
115	193	8.80984
116	56	4.88853
116	77	4.74958
116	91	4.62738
116	93	5.15605
116	104	5.46117
116	124	7.30711
116	125	6.98416
116	128	5.56553
116	130	9.56298
116	143	6.24666
116	150	6.26988
116	162	6.1243
116	185	7.77116
116	191	7.77076
116	192	7.64231
116	196	8.17197
117	10	4.24697
117	20	4.08484
117	67	4.44416
117	79	5.85244
117	87	5.24529
117	111	5.57617
117	134	5.78433
117	144	4.07176
117	146	11.9287
117	149	6.98697
117	155	6.63615
117	158	7.88258
117	160	6.64825
117	162	6.84075
117	165	8.20001
117	196	7.13162
118	26	3.90808
118	58	3.13104
118	75	4.57539
118	78	4.35413
118	88	4.43515
118	100	4.3431
118	108	4.88448
118	117	5.20608
118	141	6.8108
118	148	6.11981
118	153	6.31748
118	156	6.3198
118	168	6.50179
118	170	6.99452
118	176	6.60747
118	182	7.05082
119	23	2.30245
119	82	3.46046
119	98	3.87885
119	136	5.37975
119	139	11.8474
119	146	4.49948
119	152	5.51206
119	159	5.82792
119	163	5.95016
119	173	5.7235
119	174	6.50147
119	179	6.13208
119	181	6.81826
119	183	6.53885
119	194	6.63036
119	197	7.13387
120	60	4.53383
120	74	3.88095
120	84	4.73842
120	85	4.38968
120	90	1.4491
120	95	3.5207
120	96	0.879176
120	101	4.83831
120	133	5.89791
120	142	5.75174
120	145	6.13836
120	157	6.73172
120	177	7.41633
120	178	6.77074
120	190	7.30236
120	196	10.0802
121	23	6.6967
121	54	4.43917
121	110	4.19225
121	124	5.17185
121	130	4.7711
121	132	5.56046
121	147	6.33347
121	148	5.55543
121	157	4.31671
121	164	6.56375
121	166	6.42753
121	178	8.31182
121	191	7.88779
121	195	7.99433
121	198	8.2388
121	200	8.08505
122	14	4.28526
122	85	4.49445
122	87	5.2004
122	101	2.36167
122	109	3.62089
122	111	5.53128
122	117	5.71123
122	131	4.13868
122	149	6.94208
122	155	6.59125
122	160	6.60336
122	162	6.79586
122	165	8.15511
122	171	8.06165
122	186	8.29751
122	192	7.42392
123	33	3.62033
123	37	3.92464
123	62	4.64568
123	84	4.56747
123	91	4.15725
123	120	5.3
123	126	5.94433
123	133	5.72696
123	134	7.536
123	138	9.52726
123	142	5.58079
123	157	6.56077
123	163	8.89489
123	178	6.5998
123	185	7.17425
123	190	7.13141
124	15	3.68801
124	107	3.47715
124	121	5.34847
124	122	5.9589
124	130	4.4361
124	138	5.15426
124	147	5.99847
124	153	7.95586
124	161	6.04796
124	164	6.22875
124	166	6.09253
124	188	7.36427
124	190	9.86892
124	193	7.595
124	195	7.65933
124	200	7.75005
125	38	2.28541
125	60	4.28699
125	61	3.62036
125	82	3.83296
125	117	4.85871
125	119	4.0404
125	136	5.75225
125	152	5.88456
125	174	6.87397
125	179	6.50458
125	181	7.19076
125	183	6.91135
125	184	7.30143
125	194	7.00286
125	196	9.48232
125	197	7.50637
126	37	4.38729
126	60	4.82553
126	68	4.3315
126	120	5.76264
126	123	5.37419
126	142	6.04344
126	147	7.55656
126	153	5.55495
126	154	6.67319
126	162	6.52019
126	166	7.86674
126	173	7.98393
126	175	7.46958
126	177	7.70803
126	178	7.06244
126	185	7.6369
127	45	5.2644
127	53	6.08184
127	83	4.9295
127	101	6.19804
127	103	5.20827
127	105	5.1746
127	116	1.52309
127	144	6.46159
127	145	6.67052
127	158	7.60653
127	167	7.76477
127	180	8.00197
127	189	8.25436
127	191	7.52807
127	194	9.87041
127	198	8.72976
128	16	5.51767
128	77	4.70686
128	86	4.97945
128	93	5.11332
128	103	4.34208
128	126	4.24452
128	129	5.42311
128	131	5.84569
128	141	6.02661
128	143	6.20393
128	150	6.22715
128	165	5.56524
128	169	6.99794
128	190	8.7236
128	191	7.72803
128	196	8.12924
129	12	7.63071
129	30	4.69694
129	45	4.73166
129	55	3.97718
129	97	6.77226
129	103	4.67553
129	105	6.11856
129	113	5.36876
129	115	5.07391
129	134	5.89863
129	144	5.92885
129	151	6.54414
129	167	7.23203
129	174	8.32866
129	180	7.46923
129	189	7.72162
130	15	3.41185
130	35	2.82296
130	106	3.58035
130	110	3.5811
130	112	8.01087
130	124	4.5607
130	137	4.22129
130	147	5.72232
130	158	5.85754
130	161	5.77181
130	187	6.5532
130	188	7.08812
130	193	7.31884
130	195	7.38318
130	198	7.62765
130	200	7.4739
131	13	0.288707
131	16	5.61791
131	77	4.80709
131	80	4.49878
131	116	5.55104
131	128	5.62304
131	129	4.52788
131	141	6.12685
131	143	6.30417
131	147	7.91692
131	150	6.32739
131	163	7.61757
131	187	9.8134
131	191	7.82827
131	192	7.69982
131	196	8.22948
132	35	3.25113
132	48	4.31377
132	106	4.00851
132	121	5.50049
132	124	4.98886
132	138	5.30628
132	143	5.74667
132	161	6.19998
132	166	6.24455
132	179	8.97605
132	188	7.51628
132	194	11.5544
132	195	7.81135
132	198	8.05581
132	199	8.14718
132	200	7.90206
133	16	0.00239749
133	46	3.99647
133	68	4.16093
133	74	4.00209
133	75	4.52716
133	97	7.77916
133	114	5.64713
133	120	5.59208
133	136	6.76728
133	145	6.2595
133	151	5.4624
133	154	6.50263
133	157	6.85285
133	175	7.29901
133	177	7.53746
133	178	6.89188
134	7	4.91433
134	19	5.19194
134	21	6.55918
134	24	3.97934
134	52	2.0672
134	53	5.68686
134	69	6.05264
134	101	5.80306
134	109	5.4879
134	113	5.50652
134	115	5.21167
134	127	6.82825
134	129	5.73301
134	142	7.10724
134	143	5.83317
134	167	7.36979
135	57	4.02283
135	78	4.44171
135	100	4.43068
135	104	4.47932
135	148	6.20738
135	151	5.03933
135	153	6.40505
135	156	6.40737
135	166	9.00449
135	168	6.58936
135	170	7.08209
135	172	6.87448
135	176	6.69505
135	182	7.13839
135	187	10.5908
135	193	8.29132
136	23	3.05422
136	29	2.95955
136	65	4.44903
136	69	5.6534
136	76	3.92188
136	102	4.0247
136	120	9.41279
136	159	6.57969
136	173	6.47528
136	174	7.25324
136	178	9.32332
136	179	6.88385
136	183	7.29062
136	184	7.6807
136	194	7.38213
136	197	7.88564
137	54	3.78846
137	121	5.03277
137	124	4.52114
137	130	4.12039
137	138	4.83856
137	139	5.49842
137	147	5.68277
137	158	5.81799
137	164	5.91304
137	166	5.77683
137	167	6.79671
137	187	6.51365
137	188	7.04856
137	193	7.27929
137	195	7.34363
137	198	7.58809
138	30	4.11009
138	32	6.2266
138	93	4.77536
138	110	3.93731
138	116	4.13115
138	121	5.42854
138	129	6.38552
138	137	4.5775
138	147	6.07853
138	161	6.12802
138	164	6.30881
138	187	6.90941
138	193	7.67506
138	195	7.7394
138	199	8.07523
138	200	7.83011
139	15	4.03642
139	25	0.00752033
139	27	2.34277
139	29	3.82632
139	59	3.49844
139	105	5.13878
139	107	3.82557
139	121	5.69689
139	130	4.78452
139	158	6.48211
139	166	6.44095
139	169	8.21161
139	182	7.92238
139	198	8.25221
139	199	8.34358
139	200	8.09846
140	14	4.22261
140	20	3.97729
140	47	4.90932
140	79	5.7449
140	86	1.21026
140	117	5.64858
140	122	5.71233
140	147	8.0574
140	149	6.87943
140	160	6.54071
140	162	6.73321
140	165	8.09246
140	169	6.08331
140	186	8.23486
140	198	9.62065
140	199	8.65238
141	16	5.58834
141	44	4.33322
141	66	4.72227
141	93	5.18399
141	106	8.5811
141	112	5.77966
141	116	5.52147
141	131	5.91636
141	136	5.70062
141	150	6.29782
141	169	7.06861
141	174	8.2689
141	180	5.71844
141	191	7.7987
141	196	8.19991
141	199	8.64568
142	32	3.64933
142	37	3.99014
142	52	1.79464
142	111	7.4068
142	126	6.00983
142	133	5.79246
142	145	6.03291
142	154	6.27604
142	170	8.21124
142	171	7.32768
142	175	7.07243
142	177	7.31088
142	178	6.66529
142	181	9.69182
142	185	7.23975
142	190	7.19691
143	2	3.84823
143	39	3.74268
143	44	4.35795
143	66	4.747
143	69	4.87986
143	91	4.68006
143	131	5.94109
143	141	6.12202
143	159	9.95295
143	169	7.09335
143	181	9.13963
143	186	5.99076
143	191	7.82344
143	192	7.69498
143	196	8.22465
143	200	10.084
144	41	5.861
144	55	3.97583
144	73	6.37731
144	101	5.66394
144	109	5.34879
144	110	11.353
144	129	5.59389
144	134	5.89727
144	151	6.54279
144	165	4.7499
144	167	7.23068
144	175	6.82333
144	180	7.46788
144	188	6.84935
144	189	7.72027
144	191	8.35838
145	32	3.81344
145	59	6.07871
145	74	3.93962
145	84	4.79708
145	85	4.44834
145	86	2.40234
145	89	4.67088
145	123	5.14115
145	126	6.17394
145	154	6.44016
145	168	9.04681
145	171	7.49179
145	176	8.57809
145	177	7.47499
145	178	6.82941
145	185	7.40386
146	38	2.07504
146	61	3.40999
146	97	4.18682
146	98	4.04098
146	102	3.43506
146	119	3.83004
146	136	5.54188
146	152	5.67419
146	163	6.11229
146	174	6.6636
146	179	6.29421
146	181	6.98039
146	183	6.70098
146	184	7.09107
146	194	6.79249
146	197	7.296
147	29	3.78318
147	54	4.40945
147	70	4.23656
147	80	6.6691
147	122	5.38677
147	130	4.74138
147	131	5.60949
147	137	4.80272
147	138	5.45955
147	139	6.11941
147	158	6.43897
147	187	7.13463
147	192	8.89474
147	193	7.90028
147	199	8.30045
147	200	8.05533
148	26	4.27466
148	39	3.77323
148	94	4.48635
148	100	4.70969
148	104	4.75833
148	133	7.32997
148	135	5.51722
148	145	8.04859
148	150	6.89051
148	153	6.68406
148	156	6.68638
148	170	7.3611
148	172	7.15349
148	176	6.97406
148	182	7.4174
148	188	7.39712
149	1	4.38654
149	42	5.13176
149	49	5.5952
149	67	4.57892
149	79	5.9872
149	90	0.00027004
149	97	6.37931
149	122	5.95463
149	128	5.70022
149	133	6.5029
149	140	6.18294
149	162	6.97551
149	165	8.33476
149	186	8.47716
149	190	7.62896
149	199	8.31249
150	35	10.4248
150	36	4.17174
150	44	4.31667
150	81	4.37451
150	86	5.03357
150	92	3.80782
150	116	5.50492
150	131	5.89981
150	141	6.08074
150	142	6.85583
150	143	6.25806
150	164	9.18172
150	169	7.05207
150	191	7.78216
150	192	7.6537
150	196	8.18337
151	21	6.59668
151	28	4.29349
151	49	2.59824
151	109	5.5254
151	111	6.64969
151	115	5.24917
151	119	9.10751
151	129	5.77051
151	144	6.10411
151	147	7.90731
151	167	7.40729
151	169	5.93322
151	177	5.61285
151	180	7.64449
151	186	5.78585
151	189	7.89688
152	38	2.56356
152	93	4.54549
152	98	4.52951
152	102	3.92359
152	109	5.25107
152	119	4.31856
152	123	8.14492
152	125	5.06306
152	146	5.15014
152	154	7.81962
152	159	6.47858
152	181	7.46892
152	183	7.18951
152	184	7.57959
152	194	7.28102
152	197	7.78453
153	67	4.543
153	88	4.83381
153	103	4.01125
153	104	4.79041
153	108	5.28313
153	118	5.05293
153	135	5.5493
153	152	8.85362
153	156	6.71845
153	165	5.23441
153	168	6.90044
153	170	7.39318
153	172	7.18557
153	175	7.30785
153	176	7.00613
153	182	7.44948
154	33	3.86087
154	62	4.88621
154	63	0.00458164
154	68	4.10939
154	107	7.66357
154	123	5.15207
154	126	6.18487
154	133	5.9675
154	145	6.20795
154	161	8.28464
154	166	8.90091
154	167	4.16324
154	171	7.50272
154	178	6.84033
154	185	7.41478
154	190	7.37195
155	1	4.16078
155	6	1.84762
155	10	4.15596
155	13	4.9251
155	14	4.23914
155	24	1.82385
155	117	5.66512
155	140	5.95717
155	149	6.89596
155	157	5.76338
155	160	6.55724
155	162	6.74974
155	165	8.109
155	170	8.51972
155	180	6.64063
155	186	8.2514
156	8	0.999981
156	16	0.00811637
156	57	4.2905
156	88	4.7904
156	100	4.69835
156	104	4.74699
156	131	5.52912
156	148	6.47505
156	153	6.67272
156	167	4.87748
156	168	6.85703
156	170	7.34977
156	172	7.14215
156	173	9.73234
156	176	6.96272
156	182	7.40606
157	31	3.88156
157	32	3.91279
157	37	4.25361
157	85	4.5477
157	120	5.62896
157	134	6.30016
157	145	6.29638
157	152	8.33068
157	171	7.59115
157	175	7.3359
157	178	6.92876
157	184	7.15946
157	185	7.50321
157	190	7.46038
157	196	7.64745
157	197	8.94478
158	35	3.28782
158	48	4.35046
158	82	7.37244
158	110	4.04596
158	130	4.62481
158	132	5.41418
158	137	4.68615
158	138	5.34298
158	163	9.15677
158	164	6.41746
158	166	6.28124
158	187	7.01806
158	188	7.55298
158	193	7.78371
158	199	8.18388
158	200	7.93876
159	18	3.84059
159	22	2.68204
159	45	2.42434
159	65	4.31581
159	102	3.89149
159	119	4.28646
159	127	4.38526
159	152	6.13062
159	160	8.7316
159	173	6.34206
159	174	7.12002
159	179	6.75063
159	183	7.1574
159	184	7.54749
159	194	7.24892
159	197	7.75243
160	20	3.95235
160	27	14.6692
160	36	3.53711
160	43	4.96489
160	63	6.33554
160	64	4.02537
160	71	5.40265
160	79	5.71996
160	103	4.21096
160	140	5.9157
160	149	6.85449
160	155	6.50366
160	165	8.06752
160	166	8.99122
160	176	8.00964
160	186	8.20992
161	27	2.17367
161	48	4.34106
161	105	4.96968
161	110	4.03656
161	120	9.96543
161	138	5.33358
161	140	5.63349
161	158	6.313
161	164	6.40806
161	166	6.27184
161	172	8.0489
161	187	7.00866
161	195	7.83865
161	198	8.08311
161	199	8.17448
161	200	7.92936
162	1	4.19944
162	40	0.000927316
162	42	4.94466
162	63	6.41567
162	65	5.82303
162	71	5.48278
162	111	5.52382
162	140	5.99583
162	155	6.58379
162	160	6.5959
162	165	8.14766
162	169	6.77623
162	177	6.45585
162	180	6.41805
162	184	7.95138
162	186	8.29006
163	18	3.86247
163	32	5.46754
163	59	5.84473
163	125	5.05284
163	136	6.02019
163	141	5.68567
163	152	6.1525
163	155	8.37752
163	159	6.46836
163	174	7.14191
163	179	6.77252
163	181	7.4587
163	183	7.17929
163	184	7.56937
163	194	7.2708
163	197	7.77431
164	12	2.55346
164	28	2.06221
164	99	5.96152
164	107	3.67206
164	124	5.03175
164	130	4.631
164	139	6.00903
164	141	6.03674
164	147	6.19337
164	166	6.28743
164	187	7.02425
164	188	7.55917
164	195	7.85424
164	198	8.0987
164	199	8.19007
164	200	7.94495
165	2	3.6263
165	6	0.920206
165	20	4.37982
165	26	3.7036
165	29	2.46731
165	67	4.73914
165	75	3.45528
165	122	6.11485
165	153	6.04388
165	155	6.93113
165	160	6.94323
165	162	7.13573
165	169	6.0714
165	186	8.63739
165	195	7.52603
165	198	9.60874
166	3	3.17095
166	27	2.12978
166	29	3.61333
166	70	4.06671
166	124	4.97228
166	147	6.1339
166	155	8.69131
166	158	6.26912
166	164	6.36418
166	171	9.47643
166	187	6.96478
166	188	7.4997
166	193	7.73042
166	195	7.79476
166	198	8.03922
166	199	8.13059
167	7	5.0351
167	41	6.12089
167	55	4.23571
167	99	4.93064
167	101	5.92383
167	115	5.33244
167	118	7.49728
167	119	8.67439
167	123	6.07442
167	127	6.94902
167	144	6.18738
167	151	6.80267
167	188	6.32673
167	189	7.98015
167	194	10.1781
167	200	9.44593
168	39	3.72156
168	51	4.1716
168	57	4.25017
168	78	4.66904
168	93	4.07347
168	94	4.43467
168	108	5.19939
168	118	4.96918
168	131	5.29683
168	135	5.46555
168	148	6.43472
168	156	6.63471
168	158	9.5127
168	172	7.10182
168	176	6.92238
168	182	7.36573
169	41	0.265002
169	56	5.01944
169	71	4.60922
169	77	4.88049
169	80	4.57217
169	86	5.15309
169	91	4.75829
169	93	5.28696
169	119	9.5577
169	128	5.69643
169	141	6.20025
169	173	8.78486
169	185	8.96799
169	191	7.90167
169	192	7.77321
169	196	8.30288
170	4	4.0751
170	78	4.82426
170	88	4.90529
170	94	4.58989
170	96	0.0410909
170	103	4.40908
170	104	4.86188
170	108	5.35461
170	121	4.14336
170	135	5.62077
170	145	8.38317
170	148	6.58994
170	168	6.97192
170	176	7.07761
170	182	7.52095
170	191	9.24071
171	17	1.7945
171	33	4.06674
171	46	4.1508
171	62	5.09209
171	74	4.15642
171	85	4.66515
171	92	4.24922
171	95	3.79617
171	120	5.74641
171	133	6.17337
171	140	5.67008
171	157	7.00718
171	175	7.45334
171	178	7.04621
171	190	7.57782
171	193	8.72398
172	51	4.24895
172	56	3.55864
172	75	4.96765
172	90	1.08816e-05
172	94	4.51202
172	118	5.04653
172	135	5.5429
172	148	6.51206
172	156	6.71205
172	168	6.89404
172	170	7.38678
172	176	6.99973
172	180	6.32943
172	182	7.44307
172	185	9.27219
172	194	11.3656
173	38	2.40496
173	76	3.66217
173	119	4.15996
173	125	4.90446
173	136	5.8718
173	152	6.00412
173	163	6.44221
173	174	6.99352
173	176	8.63699
173	179	6.62413
173	181	7.31032
173	182	7.04507
173	183	7.0309
173	184	7.42099
173	194	7.12242
173	197	7.62593
174	76	3.91929
174	82	4.20964
174	98	4.62803
174	100	7.16805
174	119	4.41709
174	125	5.16158
174	146	5.24866
174	152	6.26124
174	159	6.5771
174	162	8.08364
174	163	6.69934
174	173	6.47269
174	180	6.78774
174	183	7.28803
174	194	7.37954
174	197	7.88305
175	32	3.89942
175	60	4.67848
175	68	4.18445
175	73	0.433531
175	84	4.88307
175	89	4.75687
175	117	3.63306
175	123	5.22714
175	131	4.79177
175	157	6.87637
175	171	7.57778
175	177	7.56098
175	185	7.48985
175	186	6.44615
175	190	7.44701
175	194	11.2715
176	39	3.68618
176	51	4.13622
176	52	1.88795
176	57	4.21479
176	75	4.85492
176	80	6.0415
176	100	4.62263
176	146	13.2438
176	148	6.39934
176	153	6.59701
176	156	6.59933
176	168	6.78132
176	170	7.27405
176	172	7.06644
176	179	8.8833
176	182	7.33035
177	47	4.69613
177	60	4.71944
177	68	4.22541
177	114	5.7116
177	120	5.65655
177	142	5.93735
177	157	6.91733
177	159	9.96692
177	161	7.82011
177	174	8.34439
177	175	7.36349
177	178	6.95635
177	182	5.86288
177	185	7.53081
177	189	6.57334
177	190	7.48797
178	29	3.74524
178	32	3.6779
178	46	3.79846
178	47	4.43364
178	64	6.95629
178	74	3.80408
178	89	4.53534
178	120	5.39407
178	123	5.00561
178	126	6.0384
178	145	6.06149
178	154	6.30462
178	175	7.101
178	177	7.33945
178	185	7.26832
178	190	7.22548
179	50	4.14841
179	82	4.02828
179	119	4.23573
179	125	4.98023
179	136	5.94757
179	138	9.39383
179	146	5.06731
179	152	6.07989
179	159	6.39575
179	164	9.55696
179	173	6.29133
179	174	7.06929
179	181	7.38609
179	183	7.10667
179	184	7.49676
179	197	7.7017
180	24	4.01664
180	41	6.03741
180	45	4.90672
180	60	2.59698
180	73	6.55372
180	103	4.85059
180	109	5.5252
180	125	7.92674
180	126	3.53562
180	127	6.86555
180	129	5.7703
180	130	10.5056
180	134	6.07369
180	143	4.99944
180	189	7.89668
180	199	8.69822
181	13	1.61391
181	18	4.01684
181	48	6.6478
181	50	4.37539
181	79	1.23398
181	122	5.24356
181	146	5.29429
181	152	6.30687
181	155	8.60415
181	163	6.74497
181	173	6.51831
181	179	6.92689
181	183	7.33366
181	184	7.72374
181	194	7.42517
181	197	7.92868
182	57	4.29038
182	78	4.70925
182	118	5.00939
182	133	6.89182
182	135	5.50576
182	137	10.7657
182	148	6.47492
182	150	6.45236
182	153	6.67259
182	156	6.67491
182	168	6.8569
182	170	7.34964
182	171	8.25357
182	172	7.14202
182	175	6.93295
182	176	6.96259
183	20	3.77478
183	72	0.00638817
183	97	4.67323
183	102	3.92148
183	125	5.06095
183	146	5.14803
183	159	6.47647
183	163	6.59871
183	173	6.37206
183	174	7.15002
183	177	6.82529
183	179	6.78063
183	184	7.57748
183	194	7.27891
183	197	7.78242
183	199	9.71473
184	24	1.42033
184	50	4.36892
184	61	4.03619
184	98	4.66718
184	110	11.9256
184	125	5.20073
184	126	4.00175
184	135	6.5561
184	146	5.28781
184	152	6.30039
184	163	6.73849
184	168	8.36672
184	173	6.51183
184	181	7.60659
184	194	7.41869
184	197	7.9222
185	23	8.23498
185	31	3.7946
185	32	3.82583
185	46	3.94639
185	79	1.05636
185	85	4.46074
185	89	4.68328
185	126	6.18633
185	133	5.96896
185	142	5.8228
185	157	6.80278
185	168	8.86184
185	171	7.50418
185	178	6.8418
185	190	7.37341
185	195	8.54504
186	1	4.43263
186	14	4.51099
186	26	3.82662
186	40	0.000680218
186	49	5.64128
186	63	6.64886
186	67	4.625
186	71	5.71597
186	98	7.25804
186	111	5.75701
186	113	2.22813
186	134	6.51027
186	136	5.81842
186	155	6.81699
186	165	8.38085
186	198	9.73176
187	3	3.24452
187	17	2.22912
187	34	2.9141
187	59	3.35901
187	89	4.62787
187	105	4.99936
187	106	4.06549
187	137	4.70643
187	154	7.8365
187	164	6.43774
187	188	7.57326
187	193	7.80399
187	195	7.86833
187	198	8.11279
187	199	8.20416
187	200	7.95904
188	15	4.10707
188	22	7.80059
188	35	3.51817
188	48	4.58081
188	121	5.76754
188	124	5.25591
188	139	6.23319
188	161	6.46702
188	164	6.64781
188	166	6.5116
188	168	8.24246
188	171	8.59226
188	179	8.57071
188	198	8.32286
188	199	8.41423
188	200	8.16911
189	25	0.00163478
189	28	4.29132
189	53	5.72218
189	83	4.56984
189	101	5.83838
189	103	4.84861
189	115	5.247
189	127	6.86357
189	150	6.65397
189	151	6.71723
189	160	7.06793
189	164	8.8042
189	172	7.26656
189	179	8.43362
189	180	7.64232
189	191	8.6696
190	26	4.43041
190	38	16.1118
190	62	4.83729
190	85	4.41035
190	95	3.54137
190	114	5.54666
190	120	5.49161
190	121	4.03651
190	123	5.10316
190	133	5.91858
190	142	5.77241
190	145	6.15903
190	171	7.4538
190	175	7.19855
190	185	7.36587
190	193	8.36931
191	10	0.755169
191	17	3.9674
191	54	5.19392
191	56	4.97644
191	58	1.85623
191	77	4.8375
191	81	4.45102
191	93	5.24396
191	116	5.58144
191	131	5.97633
191	141	6.15725
191	143	6.33457
191	161	8.55973
191	178	9.6514
191	192	7.73022
191	196	8.25988
192	5	4.24674
192	39	4.21952
192	57	6.50674
192	66	4.73963
192	86	5.06748
192	93	5.20135
192	106	9.11947
192	112	5.79702
192	116	5.53883
192	141	6.11464
192	144	5.21827
192	150	6.31518
192	169	7.08597
192	170	8.13588
192	191	7.81606
192	196	8.21727
193	3	3.3679
193	27	2.32672
193	64	6.1762
193	70	4.26365
193	124	5.16922
193	132	5.55784
193	158	6.46606
193	159	10.384
193	161	6.38033
193	164	6.56112
193	166	6.4249
193	174	8.76151
193	187	7.16172
193	188	7.69664
193	198	8.23617
193	199	8.32754
194	18	3.69141
194	22	2.53286
194	23	2.77183
194	50	4.04996
194	65	4.16663
194	125	4.88178
194	146	4.96886
194	152	5.98144
194	159	6.2973
194	163	6.41953
194	174	6.97084
194	179	6.60145
194	181	7.28764
194	183	7.00822
194	184	7.39831
194	197	7.60325
195	29	3.79539
195	34	3.0226
195	94	6.52332
195	125	8.28904
195	130	4.75359
195	137	4.81493
195	139	6.13162
195	154	6.74046
195	156	8.66708
195	161	6.36545
195	164	6.54624
195	187	7.14684
195	188	7.68176
195	193	7.91249
195	198	8.22129
195	199	8.31266
196	2	3.89435
196	5	4.30024
196	8	0.225045
196	17	3.97829
196	51	4.2682
196	56	4.98733
196	80	4.54006
196	86	5.12097
196	112	5.85051
196	141	6.16814
196	143	6.34546
196	159	10.3708
196	165	5.28312
196	169	7.13947
196	188	7.38257
196	192	7.7411
197	23	2.91723
197	38	2.52768
197	82	4.07523
197	125	5.02718
197	152	6.12684
197	158	9.36264
197	163	6.56493
197	173	6.33828
197	174	7.11624
197	178	9.70821
197	179	6.74686
197	181	7.43304
197	183	7.15362
197	184	7.54371
197	186	6.80116
197	194	7.24514
198	27	2.2636
198	30	4.29928
198	48	4.431
198	54	4.37342
198	59	3.41927
198	62	4.66684
198	113	3.07434
198	121	5.61772
198	158	6.40294
198	161	6.31721
198	187	7.0986
198	188	7.63352
198	195	7.92858
198	196	8.70377
198	199	8.26441
198	200	8.0193
199	35	3.40812
199	54	4.41318
199	59	3.45904
199	60	3.19075
199	66	3.48631
199	70	4.2403
199	138	5.46328
199	160	7.45691
199	161	6.35697
199	166	6.40155
199	187	7.13837
199	193	7.90401
199	195	7.96835
199	196	8.38608
199	198	8.21281
199	200	8.05906
200	12	2.53949
200	34	2.88604
200	105	4.9713
200	110	4.03818
200	137	4.67837
200	138	5.3352
200	147	6.17941
200	158	6.31463
200	161	6.2289
200	166	6.27347
200	187	7.01029
200	190	9.04038
200	193	7.77593
200	195	7.84027
200	197	10.1153
200	198	8.08473
