in-degree distribution (probability density function of the degree in logarithmic bins) 
8.44186	0.153907
10.4667	0.137121
12	0.0233473
13.9048	0.0463785
16.5	0.0188019
19.2778	0.0288122
22.7273	0.0149899
26.2632	0.0220426
30.8125	0.0158027
36.7143	0.00588591
40	0.000715844

in-degree distribution (degree-occurrences) 
8	0.12
9	0.095
10	0.12
11	0.105
12	0.045
13	0.05
14	0.015
15	0.04
16	0.025
17	0.025
18	0.03
19	0.03
20	0.005
21	0.025
22	0.03
23	0.01
24	0.015
25	0.025
26	0.035
27	0.02
28	0.015
29	0.015
30	0.015
31	0.03
32	0.01
33	0.01
35	0.01
36	0.01
37	0.005
39	0.01
40	0.005


--------------------------------------
out-degree distribution (probability density function of the degree in logarithmic bins) 
16	5.90992
17	4.13625

out-degree distribution (degree-occurrences) 
16	0.575
17	0.425


--------------------------------------
community distribution (size-occurrences)
12	0.125
22	0.125
24	0.125
25	0.125
26	0.125
27	0.125
29	0.125
35	0.125


--------------------------------------
mixing parameter (in-links)
0.222222	0.02
0.230769	0.005
0.25	0.08
0.264335	0.035
0.272727	0.095
0.279537	0.045
0.287031	0.07
0.294354	0.05
0.300633	0.17
0.30878	0.125
0.317191	0.05
0.322581	0.01
0.333333	0.15
0.352941	0.01
0.363636	0.025
0.375	0.06

--------------------------------------
mixing parameter (out-links)
0	0.015
0.0617647	0.025
0.117647	0.03
0.125	0.05
0.186202	0.085
0.235294	0.04
0.25	0.12
0.304474	0.355
0.352941	0.07
0.375	0.045
0.427602	0.065
0.470588	0.04
0.540441	0.03
0.588235	0.005
0.647059	0.005
0.705882	0.01
0.764706	0.005
0.8125	0.005

--------------------------------------
mixing parameter (weights)
0.299774	0.05
0.299942	0.435
0.300063	0.345
0.300244	0.095
0.300409	0.035
0.300603	0.01
0.300667	0.005
0.300877	0.005
0.301239	0.01
0.30158	0.005
0.302973	0.005

--------------------------------------
internal weights (weight-occurrences)
1.59058	0.00087108
2.24711	0.0121951
2.78011	0.00958188
3.33007	0.0248258
3.81879	0.0766551
4.30594	0.0923345
4.8021	0.0979965
5.32595	0.0962544
5.82335	0.113676
6.33538	0.132404
6.84775	0.124129
7.3396	0.111934
7.83218	0.065331
8.29235	0.0304878
8.79995	0.00261324
9.46086	0.00174216
9.88937	0.00087108
10.4425	0.00174216
10.8713	0.00130662
11.4189	0.00304878

--------------------------------------
external weights (weight-occurrences)
0.153391	0.0606673
1.18285	0.0283114
2.039	0.0525784
2.86802	0.0455005
3.65409	0.0647118
4.3968	0.0950455
5.25623	0.0950455
6.04847	0.10819
6.85587	0.106168
7.64601	0.119312
8.46159	0.0950455
9.2268	0.0647118
10.0311	0.033367
10.8178	0.0121335
11.648	0.0111223
12.1954	0.00202224
13.3236	0.00404449
14.6692	0.00101112
16.1118	0.00101112
