1	70	3.23858
1	83	8.65231
1	102	2.83389
1	103	3.29671
1	117	6.41674
1	118	4.97239
1	136	5.74073
1	148	4.33562
1	153	4.59626
1	156	6.42757
1	160	7.76116
1	161	5.53646
1	163	4.88361
1	172	5.3525
1	195	6.86054
1	196	7.54815
2	5	1.66645
2	38	4.05109
2	79	4.48436
2	89	2.33093
2	117	5.16793
2	123	3.04956
2	154	6.64354
2	175	6.87068
2	179	6.35295
2	182	5.83398
2	190	6.69749
2	193	6.933
2	194	7.15259
2	196	7.49885
2	198	7.36903
2	199	9.35559
3	43	4.32
3	62	5.18266
3	63	6.98638
3	75	5.00918
3	83	6.21368
3	86	4.94285
3	108	5.08514
3	134	4.57439
3	139	3.81771
3	144	3.4132
3	161	4.34705
3	163	6.06403
3	165	6.9362
3	187	6.03729
3	188	6.35206
3	199	8.16577
4	14	3.30412
4	39	5.87908
4	71	3.59724
4	81	1.62679
4	101	5.18645
4	111	5.57059
4	121	6.20887
4	130	6.09121
4	136	5.22316
4	137	7.30299
4	141	5.42874
4	150	5.15566
4	167	6.28123
4	169	6.12993
4	174	6.09399
4	200	7.89398
5	19	5.13846
5	44	2.35292
5	55	5.36601
5	59	5.46945
5	77	3.521
5	78	2.1225
5	89	1.99854
5	97	4.60653
5	113	2.77184
5	155	7.23355
5	158	8.62881
5	182	5.50159
5	190	6.3651
5	193	6.60061
5	194	6.8202
5	198	7.03664
6	70	3.84411
6	87	5.30389
6	92	3.00298
6	103	3.90224
6	105	3.10188
6	131	5.61399
6	132	5.00702
6	140	4.8968
6	148	4.94115
6	153	5.20178
6	163	5.48913
6	172	5.95803
6	183	7.27613
6	195	7.46607
6	196	8.15368
6	197	7.90413
7	3	5.25917
7	66	2.94856
7	85	5.45389
7	86	5.46962
7	108	5.61191
7	125	6.29777
7	128	2.76183
7	137	6.15611
7	138	3.826
7	142	8.5101
7	148	4.52328
7	157	6.73202
7	170	5.91138
7	181	5.41027
7	196	6.14107
7	200	6.45144
8	19	5.78292
8	23	2.12101
8	33	2.11315
8	49	6.2149
8	53	7.30533
8	114	7.72704
8	124	3.22366
8	166	3.50102
8	169	4.57501
8	171	4.9535
8	181	4.92234
8	183	5.57858
8	190	6.64295
8	195	6.02244
8	196	5.65314
8	198	6.64687
9	1	4.24113
9	37	5.63315
9	55	4.53469
9	93	2.73082
9	116	4.82134
9	124	3.70799
9	147	5.48499
9	157	6.72841
9	162	5.58846
9	170	5.90778
9	176	6.51992
9	180	5.37905
9	184	7.1897
9	189	7.53624
9	194	7.23399
9	200	6.44783
10	25	1.8899
10	35	2.61883
10	51	10.3506
10	53	7.20716
10	99	4.15458
10	112	0.578731
10	114	7.62887
10	115	4.99452
10	120	3.62568
10	125	3.34675
10	144	3.19873
10	163	5.84956
10	165	2.83323
10	177	6.43311
10	184	5.71364
10	188	6.13759
11	8	7.76857
11	10	8.22749
11	19	4.10995
11	23	2.80791
11	34	1.45029
11	49	4.54192
11	51	8.77578
11	70	2.8505
11	114	6.05407
11	158	5.50623
11	160	5.35354
11	162	5.79104
11	167	5.33332
11	176	5.15056
11	183	6.26549
11	196	6.34005
12	11	3.40799
12	26	5.45834
12	27	4.46983
12	53	3.32329
12	60	2.84123
12	84	4.2364
12	91	3.4088
12	111	4.07889
12	135	4.93051
12	155	5.22758
12	162	5.04291
12	175	8.24352
12	178	6.14398
12	181	6.18509
12	188	6.85899
12	196	8.87169
13	19	3.8019
13	27	3.72422
13	70	3.34952
13	96	3.47281
13	119	3.48729
13	139	4.98435
13	141	5.09521
13	161	5.64739
13	163	4.99454
13	168	6.72526
13	170	7.89638
13	172	5.46344
13	173	5.2502
13	193	8.84398
13	195	6.97147
13	196	7.65908
14	6	3.69756
14	16	3.71521
14	33	4.01926
14	58	4.26729
14	62	3.42872
14	107	4.67454
14	125	4.81145
14	129	4.41287
14	136	5.35045
14	145	5.32152
14	156	5.23917
14	174	6.22128
14	183	7.10413
14	186	7.25677
14	198	8.55298
14	200	8.02127
15	46	3.65762
15	62	3.49825
15	73	4.83532
15	100	3.92775
15	103	4.74432
15	106	4.38253
15	118	5.01206
15	124	5.19931
15	149	5.91407
15	155	5.39972
15	164	5.95064
15	171	6.16661
15	180	6.70421
15	186	6.81622
15	190	8.61859
15	192	7.5688
16	14	3.62061
16	69	4.1011
16	71	3.91373
16	95	4.82443
16	127	5.08978
16	134	4.97432
16	136	5.53965
16	142	2.15736
16	152	5.39896
16	158	6.25639
16	167	6.08349
16	183	7.29333
16	184	6.70929
16	194	8.18673
16	198	8.08394
16	200	8.21047
17	6	6.61723
17	9	4.75088
17	39	1.3062
17	59	6.48574
17	65	0.795369
17	110	2.67941
17	117	2.80663
17	159	3.88256
17	167	4.80208
17	177	4.26113
17	185	6.0329
17	187	6.30705
17	191	6.324
17	197	7.11113
17	198	11.4726
17	199	5.89459
18	44	6.51595
18	56	7.32699
18	61	5.72446
18	80	5.34171
18	83	1.05079
18	110	2.68242
18	117	2.80965
18	127	3.83101
18	151	4.08058
18	175	5.18475
18	177	4.26414
18	185	6.03591
18	187	6.31007
18	191	6.32702
18	197	7.11415
18	199	5.89761
19	8	7.76892
19	10	8.22785
19	11	4.18033
19	27	2.66428
19	49	4.54228
19	51	8.77613
19	59	3.07296
19	61	3.11915
19	64	2.68083
19	73	4.27267
19	94	4.06431
19	102	6.03812
19	103	4.18167
19	114	6.05442
19	179	5.52226
19	189	7.02217
20	28	3.60193
20	41	4.31085
20	71	4.79012
20	76	4.18702
20	83	6.94346
20	100	4.40709
20	102	6.01079
20	133	4.654
20	135	4.69066
20	156	5.84951
20	158	6.205
20	159	5.49773
20	171	6.64595
20	180	7.18355
20	188	7.08185
20	192	8.04814
21	25	3.96347
21	58	4.23134
21	62	3.39278
21	69	3.87595
21	77	5.91098
21	89	6.35265
21	108	4.67039
21	117	5.19239
21	133	5.48965
21	134	4.74917
21	137	7.53834
21	141	5.52008
21	161	5.56133
21	174	6.18533
21	183	7.06818
21	200	7.98532
22	4	3.87852
22	18	1.9278
22	39	2.36368
22	104	4.22352
22	105	3.58551
22	110	3.73689
22	133	5.80067
22	139	5.34301
22	146	6.42738
22	177	5.31861
22	178	6.84849
22	187	7.36453
22	191	7.38148
22	192	8.02561
22	197	8.16861
22	199	6.95207
23	18	6.83385
23	45	2.67044
23	80	3.44154
23	86	4.03262
23	139	5.23034
23	153	4.95318
23	161	5.89339
23	163	5.24053
23	172	5.70943
23	176	6.31788
23	177	7.84592
23	184	7.12645
23	191	8.36474
23	195	7.21747
23	196	7.90508
23	198	8.5011
24	43	2.82994
24	59	4.50142
24	85	2.32636
24	92	4.91721
24	100	4.79367
24	138	4.58167
24	143	6.62442
24	145	5.62922
24	154	6.04144
24	159	5.35565
24	168	6.1101
24	176	6.70426
24	184	7.37405
24	189	7.72058
24	193	7.61466
24	198	7.89047
25	12	5.42481
25	22	4.01186
25	40	4.03911
25	74	4.04924
25	95	4.79838
25	108	4.21124
25	129	4.73365
25	136	5.67122
25	145	5.6423
25	152	5.53053
25	180	6.30574
25	183	7.42491
25	185	7.29388
25	186	6.76168
25	188	7.1072
25	200	8.34205
26	25	3.37239
26	65	1.91162
26	77	5.96471
26	83	2.16403
26	104	4.2823
26	109	4.83812
26	119	6.01524
26	143	5.63653
26	144	4.68121
26	155	5.34797
26	177	5.37738
26	187	7.4233
26	191	7.44025
26	197	8.22738
26	198	8.57077
26	199	7.01084
27	31	3.68629
27	38	3.48909
27	55	4.55566
27	92	4.75383
27	116	4.84231
27	129	5.51866
27	143	6.46104
27	151	1.34597
27	153	4.80382
27	172	6.89118
27	176	6.54089
27	184	7.21067
27	189	7.55721
27	192	7.12812
27	194	8.03336
27	197	7.49027
28	38	3.83054
28	45	4.61452
28	46	3.55638
28	56	5.08555
28	109	4.69109
28	123	5.91906
28	128	4.05077
28	133	4.07343
28	145	6.16249
28	162	6.88101
28	170	6.49883
28	171	6.06537
28	180	6.60297
28	186	6.71498
28	192	7.46757
28	194	8.52654
29	15	4.53202
29	39	6.56771
29	47	3.36527
29	79	2.91052
29	87	3.89919
29	123	6.46562
29	126	5.1343
29	133	5.94293
29	150	5.72877
29	154	4.73297
29	158	4.69457
29	178	6.22814
29	179	6.4327
29	181	6.26925
29	188	6.94315
29	189	7.93262
30	37	1.42812
30	67	4.53155
30	92	2.97416
30	100	4.35428
30	116	4.29308
30	118	5.43859
30	120	5.61746
30	126	4.80061
30	132	4.9782
30	148	5.70408
30	170	7.0266
30	171	6.59314
30	173	6.60195
30	186	7.24275
30	187	7.05014
30	199	9.17862
31	14	3.65194
31	27	3.83496
31	37	5.34883
31	48	3.31834
31	84	4.76695
31	102	6.17278
31	111	5.48345
31	116	4.53703
31	143	6.15576
31	172	7.15514
31	173	6.48088
31	176	6.2356
31	184	6.90539
31	189	7.25192
31	190	8.19061
31	193	7.91872
32	31	2.9738
32	34	4.43544
32	54	4.4376
32	57	3.95597
32	72	6.58407
32	89	5.81419
32	94	4.46664
32	112	7.16509
32	144	6.73085
32	151	7.80211
32	152	5.68648
32	158	6.15103
32	161	5.02286
32	173	6.26492
32	187	6.71311
32	195	7.35415
33	5	2.59524
33	53	1.94871
33	57	4.88022
33	73	3.96064
33	78	3.38368
33	107	4.61238
33	119	5.9353
33	121	6.41802
33	149	5.12585
33	152	6.19874
33	166	6.29019
33	183	7.42254
33	187	7.22537
33	193	7.86179
33	194	8.08138
33	198	8.29781
34	50	4.64776
34	54	4.6164
34	72	6.76287
34	82	3.86487
34	112	7.34389
34	113	5.86012
34	120	4.24319
34	130	2.71685
34	132	4.36839
34	144	6.90965
34	151	7.98091
34	161	4.75008
34	164	5.03392
34	184	6.33114
34	191	7.56943
34	199	8.56881
35	25	3.94385
35	38	4.09942
35	42	3.87702
35	80	3.21743
35	106	4.54388
35	129	4.35731
35	130	6.16294
35	137	7.56221
35	146	6.14022
35	152	5.15419
35	162	6.99817
35	169	6.20166
35	174	6.16572
35	177	7.88573
35	183	7.04857
35	200	7.96571
36	2	1.93141
36	22	4.79896
36	52	3.15827
36	73	2.93463
36	79	4.83677
36	122	4.3409
36	132	3.98363
36	166	5.26419
36	170	7.62157
36	179	6.25573
36	182	5.73676
36	192	8.04254
36	193	6.83579
36	194	7.05537
36	199	9.708
36	200	8.16162
37	24	5.28089
37	27	5.00051
37	118	2.28259
37	147	6.36623
37	150	3.92557
37	163	5.81286
37	164	4.37971
37	168	6.80699
37	170	5.82816
37	180	5.29944
37	182	6.68696
37	184	8.07094
37	189	8.41747
37	190	7.04767
37	195	6.42716
37	199	7.9146
38	13	4.81429
38	15	3.6223
38	30	4.35782
38	76	4.12066
38	105	3.30917
38	121	6.47891
38	133	4.58764
38	139	5.06668
38	142	2.62514
38	159	6.0169
38	166	5.40588
38	170	7.01305
38	172	7.51233
38	180	7.11719
38	186	7.2292
38	192	7.98178
39	14	5.37207
39	17	1.27183
39	41	6.19297
39	43	4.85413
39	69	4.70457
39	121	3.66057
39	126	6.07865
39	157	3.96854
39	159	4.22837
39	167	5.14789
39	175	5.52755
39	185	6.3787
39	191	6.66981
39	197	7.45694
39	198	9.91466
39	199	6.2404
40	16	3.8415
40	37	1.43304
40	58	4.39358
40	74	3.85475
40	115	6.22676
40	116	4.29801
40	134	4.91141
40	136	5.47674
40	144	4.43097
40	145	5.44781
40	152	5.33605
40	157	7.91775
40	180	6.56838
40	188	7.36984
40	195	7.6961
40	200	8.14756
41	32	3.67778
41	36	2.58224
41	44	3.32968
41	46	4.08406
41	52	3.89986
41	92	3.66017
41	97	5.58329
41	106	5.00459
41	110	4.7887
41	119	6.44609
41	155	5.77882
41	170	7.77819
41	182	6.47835
41	190	7.34186
41	193	7.57738
41	194	7.79697
42	9	3.8547
42	24	4.19219
42	44	4.26059
42	48	3.3952
42	91	4.86664
42	92	4.52541
42	125	4.66829
42	143	6.23262
42	168	5.7183
42	169	6.33797
42	170	7.1864
42	174	6.25931
42	179	5.87222
42	181	6.6853
42	184	6.98225
42	189	7.32878
43	7	5.36105
43	8	0.171076
43	21	3.68166
43	81	6.28206
43	85	4.60937
43	86	4.62509
43	97	3.6713
43	125	5.45325
43	142	7.66558
43	161	5.21692
43	164	5.50075
43	165	6.61845
43	169	6.10077
43	189	7.13493
43	197	7.73233
43	198	8.17263
44	24	3.24799
44	43	3.66828
44	77	4.26441
44	89	2.74196
44	93	4.32843
44	107	4.85037
44	123	3.46059
44	152	6.43672
44	168	6.33427
44	178	6.74925
44	179	6.76398
44	182	6.24501
44	190	7.10851
44	194	7.56362
44	196	7.73508
44	198	7.78005
45	53	2.45382
45	66	4.8097
45	84	5.56836
45	93	4.59556
45	102	3.35717
45	107	4.47017
45	123	6.49125
45	137	3.82539
45	145	6.73469
45	148	4.8589
45	160	7.01571
45	161	6.05974
45	172	5.87578
45	173	5.66255
45	195	7.38382
45	196	8.07143
46	9	1.53145
46	22	4.2072
46	28	3.35411
46	76	3.93919
46	85	2.68911
46	106	4.61404
46	133	4.40618
46	146	4.92213
46	148	5.6417
46	172	7.21383
46	180	6.93572
46	182	7.8886
46	186	7.04773
46	192	7.80032
46	197	7.81292
46	199	9.11624
47	37	1.34429
47	68	3.8381
47	84	4.77237
47	111	4.61486
47	115	4.61852
47	140	4.78415
47	150	6.18059
47	154	5.18479
47	156	4.91796
47	174	6.08126
47	175	6.60988
47	181	6.72106
47	186	6.93557
47	188	7.39496
47	193	7.95596
47	199	9.09479
48	27	3.81204
48	39	6.66388
48	60	5.08436
48	75	4.46279
48	95	5.80698
48	97	4.56516
48	114	3.5709
48	116	4.51411
48	122	5.74316
48	146	6.66581
48	147	5.17775
48	168	5.61851
48	175	7.44459
48	176	6.21268
48	184	6.88247
48	189	7.229
49	8	7.87425
49	10	8.33317
49	16	2.61012
49	47	2.90543
49	51	8.88146
49	53	5.73803
49	78	4.39346
49	93	3.4559
49	95	4.59677
49	106	3.85926
49	114	6.15975
49	126	4.02026
49	156	4.54246
49	178	5.87671
49	190	7.85236
49	194	7.95907
50	5	5.66974
50	13	3.8786
50	16	2.36987
50	32	4.18145
50	34	4.62762
50	57	4.14815
50	72	6.77625
50	112	7.35727
50	144	6.92303
50	151	7.9943
50	168	5.22149
50	171	5.92266
50	184	6.24138
50	188	6.66533
50	189	6.57833
50	199	8.47904
51	2	2.29073
51	6	2.09077
51	11	5.60373
51	44	2.79696
51	53	7.05611
51	78	3.48338
51	114	7.47783
51	138	3.63739
51	149	4.23775
51	155	3.72339
51	157	6.54341
51	176	4.76298
51	187	5.68073
51	194	7.04898
51	197	6.50589
51	199	7.80921
52	69	3.49144
52	71	5.45911
52	90	3.79685
52	105	3.45899
52	113	3.80897
52	126	4.86552
52	132	4.7856
52	152	6.40945
52	160	5.21077
52	164	6.02966
52	166	6.06615
52	176	6.51832
52	193	7.63775
52	194	7.85734
52	195	8.07711
52	198	8.07377
53	10	8.81472
53	11	4.76721
53	15	2.92065
53	19	4.69718
53	48	3.74568
53	49	5.12916
53	51	9.36301
53	58	2.48274
53	118	2.58995
53	145	5.0977
53	152	5.06686
53	153	4.2322
53	172	6.31956
53	185	6.59494
53	192	6.5565
53	199	8.22196
54	8	1.14376
54	29	5.35122
54	34	4.65282
54	46	4.22775
54	50	4.68635
54	60	2.12112
54	70	4.66204
54	72	6.80145
54	78	5.68249
54	91	5.60212
54	94	4.68402
54	97	4.64398
54	112	7.38247
54	128	4.77234
54	144	6.94823
54	151	8.01949
55	31	3.84811
55	34	2.22489
55	49	2.43359
55	60	5.57438
55	127	5.11422
55	129	5.69647
55	144	4.21882
55	146	5.70771
55	147	5.66778
55	163	6.86966
55	168	6.10854
55	171	6.41501
55	176	6.70271
55	184	7.37249
55	189	7.71902
55	194	8.21117
56	3	2.72874
56	41	3.38287
56	109	5.46363
56	112	2.68673
56	120	5.73368
56	123	3.3837
56	131	4.01933
56	132	4.41499
56	148	6.58476
56	153	6.06953
56	160	4.84016
56	177	8.54111
56	179	6.68709
56	193	7.26715
56	194	7.48674
56	198	7.70317
57	32	3.89796
57	40	4.19344
57	50	4.37766
57	54	4.3463
57	55	3.91277
57	63	2.03202
57	72	6.49277
57	94	4.37534
57	100	5.90631
57	110	4.7902
57	112	7.07379
57	121	6.9303
57	135	5.66123
57	144	6.63955
57	151	7.71081
57	185	8.2391
58	28	3.60168
58	35	3.83393
58	102	6.21469
58	107	4.358
58	108	4.38979
58	125	4.49491
58	145	5.71614
58	152	5.60437
58	155	5.01364
58	166	5.09059
58	169	6.65184
58	174	6.6159
58	181	6.51191
58	183	7.49875
58	194	8.33923
58	200	8.41589
59	7	1.33281
59	31	3.73272
59	42	3.84866
59	48	3.67005
59	92	4.80026
59	131	5.42572
59	137	7.17747
59	142	2.22958
59	157	7.75338
59	161	5.20045
59	163	6.91744
59	168	5.99315
59	176	6.58731
59	184	7.2571
59	189	7.60363
59	192	7.35371
60	9	4.6349
60	59	4.88982
60	101	3.92154
60	134	4.28841
60	154	5.16774
60	168	6.49849
60	171	5.3234
60	172	5.97738
60	176	7.09266
60	178	5.0372
60	184	7.76245
60	189	8.10898
60	194	7.11956
60	195	6.39234
60	198	7.01677
60	200	6.3334
61	82	5.11457
61	88	5.47851
61	93	5.48436
61	100	5.08778
61	105	6.12766
61	128	6.33753
61	138	5.20847
61	139	4.69954
61	140	4.8037
61	155	4.96179
61	160	6.20435
61	161	5.22888
61	164	5.49332
61	166	5.03874
61	183	7.11629
61	187	6.91912
62	43	4.46367
62	48	4.48039
62	68	3.98233
62	75	5.15285
62	81	6.74349
62	86	5.08652
62	88	3.76584
62	108	5.22882
62	115	5.99989
62	120	4.63105
62	122	4.77033
62	125	5.91468
62	142	8.127
62	179	5.55605
62	182	7.72903
62	184	6.71901
63	1	4.27312
63	3	5.64683
63	17	6.52812
63	70	2.67992
63	75	5.92361
63	85	5.84156
63	86	5.85728
63	122	3.83987
63	147	3.22902
63	149	4.45475
63	154	5.31416
63	165	7.85063
63	175	5.5413
63	183	6.0949
63	191	7.02683
63	195	6.53877
64	33	3.40434
64	51	0.00732702
64	96	5.72947
64	105	6.65654
64	109	4.88115
64	124	5.10684
64	128	6.86641
64	129	5.52615
64	134	5.2097
64	138	5.73735
64	140	5.33258
64	171	6.24469
64	174	5.78754
64	185	7.17405
64	190	7.93414
64	191	7.8017
65	17	0.772136
65	18	0.71644
65	104	3.01216
65	151	4.8249
65	157	3.46885
65	159	3.72868
65	167	4.6482
65	175	5.02786
65	177	4.10725
65	185	5.87901
65	186	10.1133
65	187	6.15317
65	191	6.17012
65	196	10.4158
65	197	6.95725
65	199	5.74071
66	23	4.08608
66	30	3.89594
66	67	4.05611
66	99	3.74246
66	126	4.32518
66	129	6.20003
66	140	5.16432
66	155	5.38915
66	169	6.54009
66	170	6.55116
66	175	6.99005
66	180	6.6553
66	186	6.76732
66	187	7.34648
66	192	7.5199
67	20	4.42457
67	64	3.20006
67	66	3.75846
67	70	4.09583
67	75	3.97541
67	86	4.11063
67	106	4.79066
67	120	5.59906
67	130	3.59016
67	134	5.85074
67	171	6.57474
67	173	6.86545
67	186	7.22435
67	192	7.97693
67	196	7.58537
68	12	2.88383
68	37	1.76773
68	47	3.73683
68	60	1.63103
68	115	4.53826
68	155	5.6833
68	158	5.06613
68	166	5.50937
68	170	7.4318
68	175	7.03332
68	178	6.59969
68	181	6.6408
68	185	7.89121
68	188	7.31471
68	198	8.65522
69	52	3.8978
69	74	3.87256
69	127	5.00431
69	129	4.55697
69	130	6.3626
69	136	5.49455
69	143	5.06423
69	144	4.10891
69	145	5.46562
69	158	6.17092
69	165	3.74341
69	183	7.24823
69	185	7.23446
69	193	7.72266
69	200	8.16537
70	47	3.47899
70	53	1.88772
70	102	3.87522
70	137	4.34344
70	163	5.92493
70	165	4.17478
70	169	6.35799
70	171	6.73647
70	172	6.39383
70	173	6.18059
70	181	6.70531
70	185	7.66583
70	187	7.16438
70	195	7.90186
70	196	8.58948
71	4	3.22825
71	9	2.36135
71	21	3.44185
71	56	5.74494
71	113	7.23745
71	114	3.58755
71	121	7.01031
71	129	4.40065
71	134	4.77289
71	136	5.33822
71	156	5.76931
71	169	6.24499
71	174	6.20906
71	189	8.04543
71	200	8.00905
72	15	2.98157
72	24	1.93904
72	50	5.28293
72	55	2.32952
72	57	4.76994
72	82	3.57894
72	144	7.54482
72	151	8.61608
72	173	5.70621
72	175	5.79797
72	179	4.88226
72	190	7.41595
72	194	7.52266
72	196	6.42614
72	197	6.97957
73	5	2.15025
73	56	3.17262
73	69	3.55999
73	95	5.46521
73	99	5.83637
73	127	5.77592
73	136	4.76942
73	160	4.98982
73	166	5.84521
73	175	7.14819
73	182	6.31778
73	186	7.47387
73	187	7.50462
73	190	7.18129
73	198	7.85283
74	15	4.1167
74	58	4.24593
74	81	1.90011
74	111	5.84391
74	126	4.71898
74	129	4.39152
74	130	6.19714
74	137	7.5763
74	141	5.53467
74	152	5.1884
74	162	7.01226
74	169	6.23586
74	170	7.33157
74	174	6.19992
74	200	7.99991
75	32	3.00617
75	35	3.86054
75	43	4.22893
75	56	4.9918
75	62	5.0916
75	77	5.72394
75	81	6.50875
75	85	4.83606
75	116	4.30747
75	127	5.33583
75	132	4.99259
75	142	7.89227
75	143	5.39575
75	165	6.84514
75	192	7.52755
76	20	4.13704
76	48	4.55134
76	66	3.47093
76	107	4.28617
76	111	5.45352
76	126	4.49468
76	156	5.49077
76	170	6.72067
76	179	5.627
76	180	6.82481
76	184	6.78996
76	186	6.93682
76	190	8.16069
76	191	8.02825
76	192	7.6894
77	2	2.9873
77	11	2.99301
77	25	4.25206
77	33	4.46374
77	36	2.89654
77	44	3.64398
77	47	4.49959
77	53	2.90832
77	95	5.94008
77	104	5.25852
77	149	5.15574
77	168	7.0559
77	190	7.65616
77	193	7.89168
77	197	9.01014
78	33	3.65829
78	46	4.037
78	54	5.59214
78	100	5.85776
78	101	4.76225
78	122	4.59134
78	140	5.50693
78	146	6.55388
78	166	5.51463
78	178	6.97499
78	187	7.68909
78	190	6.85071
78	193	7.08623
78	194	7.30582
78	198	7.52225
79	84	4.36967
79	88	4.31436
79	89	6.47779
79	104	4.45025
79	114	3.1466
79	150	5.77789
79	154	4.78209
79	155	5.36086
79	158	4.74369
79	177	7.98701
79	178	6.27726
79	181	6.31837
79	188	6.99227
79	191	8.50582
79	200	7.95881
80	23	2.87636
80	35	3.43432
80	93	3.5034
80	127	4.90961
80	139	5.74873
80	148	5.21094
80	153	5.47157
80	157	7.50099
80	170	6.68036
80	173	6.01458
80	183	6.83549
80	185	7.13976
80	195	7.73586
80	196	8.42347
80	197	7.46348
81	31	2.41552
81	43	4.69651
81	49	1.7455
81	83	6.33121
81	98	4.0675
81	99	4.48658
81	119	4.86476
81	125	6.14751
81	142	8.35984
81	149	4.71184
81	157	7.01751
81	159	4.88547
81	165	7.31271
81	177	6.76512
81	199	8.2833
82	28	4.12948
82	34	2.88075
82	50	2.85476
82	52	4.66357
82	61	4.36651
82	64	5.26995
82	90	5.43465
82	92	3.4228
82	96	5.95566
82	105	6.88273
82	109	5.10734
82	138	5.96355
82	174	6.61372
82	178	6.78468
82	180	7.01209
83	21	6.1847
83	51	2.74494
83	91	7.13249
83	98	2.92002
83	106	6.67865
83	121	3.26762
83	127	3.78084
83	167	4.75493
83	175	5.13459
83	177	4.21398
83	185	5.98575
83	187	6.2599
83	191	6.27685
83	197	7.06398
83	199	5.84744
84	4	4.02623
84	12	3.37672
84	24	3.49495
84	47	4.22971
84	72	2.28125
84	89	6.81139
84	105	3.73322
84	108	5.12912
84	135	5.87911
84	154	5.59741
84	158	5.55901
84	159	6.44095
84	162	5.99151
84	188	7.80759
84	190	8.97185
85	62	5.00788
85	63	6.8116
85	75	4.83439
85	84	4.37951
85	86	4.76806
85	130	2.81815
85	142	7.80855
85	145	5.54584
85	154	5.95806
85	155	4.58429
85	165	6.76142
85	172	6.7677
85	194	7.90988
85	196	6.81336
85	200	7.12372
86	7	5.51146
86	32	3.00785
86	57	4.72107
86	62	5.01532
86	63	6.81904
86	85	4.75978
86	88	4.00386
86	97	3.83035
86	108	4.9178
86	125	5.60366
86	153	5.20493
86	165	6.76885
86	186	7.03547
86	191	8.19532
86	193	8.05587
87	12	3.05991
87	24	3.64787
87	45	5.31947
87	64	3.74966
87	68	3.93392
87	73	5.3415
87	94	5.13314
87	110	4.91578
87	111	4.71068
87	115	4.71434
87	162	5.6747
87	178	6.77577
87	181	6.81688
87	188	7.49078
87	200	8.44533
88	14	3.89893
88	33	3.9078
88	36	4.41085
88	61	4.46921
88	82	5.97234
88	124	5.43573
88	128	7.1953
88	138	6.06625
88	142	2.51494
88	144	4.55197
88	164	6.35109
88	165	4.18647
88	175	6.81963
88	185	7.67751
88	188	7.49083
89	63	2.76981
89	87	6.70036
89	101	4.5613
89	113	3.05649
89	117	6.41625
89	122	4.39038
89	123	3.00183
89	125	5.99936
89	132	4.03312
89	179	6.30522
89	190	6.64975
89	192	8.93845
89	193	6.88527
89	194	7.10486
89	198	7.32129
90	9	2.2487
90	45	5.16125
90	52	3.71261
90	71	5.72805
90	77	4.31051
90	95	5.43854
90	97	5.39604
90	116	4.94795
90	129	6.55855
90	152	6.67838
90	155	5.74767
90	166	5.81853
90	182	6.29111
90	193	7.39013
90	198	7.82615
91	60	1.82446
91	84	4.64324
91	115	4.48939
91	141	4.82406
91	142	2.92207
91	147	4.91448
91	154	5.05565
91	155	5.63442
91	162	5.44975
91	172	7.80926
91	178	6.55082
91	181	6.59193
91	186	7.55244
91	188	7.26583
91	190	8.84473
92	17	7.21928
92	27	4.24178
92	59	4.43958
92	88	3.52653
92	116	4.94385
92	143	6.56258
92	147	5.6075
92	166	4.7085
92	171	6.16098
92	174	5.70383
92	182	7.48972
92	184	7.31221
92	189	7.65874
92	194	7.95714
92	196	6.86062
93	48	4.78988
93	51	0.472416
93	60	1.37896
93	64	5.37348
93	109	5.21087
93	121	6.33034
93	124	5.43656
93	138	6.06708
93	140	5.6623
93	147	4.46898
93	158	6.57561
93	164	6.35192
93	182	8.03853
93	189	7.36546
93	200	7.71979
94	24	3.10829
94	32	4.03898
94	54	4.48731
94	57	4.00568
94	62	3.46486
94	72	6.63378
94	81	1.93423
94	100	5.49232
94	106	4.5921
94	112	7.2148
94	144	6.78056
94	151	7.85183
94	176	6.4059
94	191	8.45276
94	196	7.59539
95	36	3.45045
95	68	4.89114
95	74	4.82386
95	75	4.39877
95	78	3.96748
95	89	3.84352
95	90	4.60469
95	103	5.12427
95	109	5.26981
95	130	4.01353
95	132	5.59344
95	147	5.06829
95	149	5.70965
95	174	6.85195
95	194	8.66518
96	12	5.10128
96	65	7.31211
96	74	3.55576
96	88	6.14974
96	95	4.47485
96	105	6.7989
96	109	5.0235
96	122	4.41104
96	134	5.006
96	138	5.87971
96	140	5.47493
96	164	6.16455
96	181	6.00983
96	192	6.93191
96	197	7.29406
97	2	3.50698
97	58	3.44623
97	66	4.1362
97	73	4.5102
97	101	6.08738
97	113	4.58258
97	120	4.85983
97	125	4.5809
97	131	5.16354
97	132	5.5592
97	167	6.32198
97	172	7.28305
97	173	6.60878
97	182	7.31233
97	189	7.28474
98	13	5.21664
98	18	2.08248
98	51	1.02333
98	104	4.37821
98	111	6.24298
98	116	4.93155
98	127	5.04015
98	149	6.24562
98	157	4.8349
98	175	6.3939
98	180	7.20192
98	185	7.24506
98	197	8.32329
98	198	8.95407
98	199	7.10675
99	15	3.3072
99	30	4.04273
99	63	2.22076
99	108	5.3452
99	114	3.69627
99	115	7.09808
99	118	5.10994
99	120	5.28882
99	141	5.16726
99	156	5.46805
99	160	7.21162
99	180	6.80209
99	181	7.46732
99	186	6.9141
99	192	7.66669
100	38	4.06583
100	46	3.79167
100	50	3.10139
100	106	4.51658
100	120	5.32498
100	130	4.02193
100	143	6.07663
100	146	4.82467
100	151	2.42627
100	171	6.30066
100	186	6.95027
100	188	8.06018
100	190	9.00695
100	192	7.70285
100	200	8.3275
101	3	2.54657
101	18	7.34687
101	36	3.17154
101	44	3.91898
101	82	5.17319
101	94	5.01856
101	95	6.21508
101	123	4.28323
101	124	5.59091
101	149	5.43074
101	159	6.4793
101	160	5.73969
101	165	4.75906
101	166	6.59508
101	179	7.58662
102	10	2.24064
102	23	2.55374
102	44	5.57459
102	45	2.8662
102	119	3.92905
102	128	5.35085
102	137	3.85481
102	148	4.88831
102	160	7.74359
102	161	6.08916
102	172	5.9052
102	173	5.69196
102	188	8.77313
102	195	7.41323
102	196	8.10085
103	13	2.51341
103	23	2.90367
103	90	5.26379
103	119	4.27899
103	120	5.13077
103	123	6.08869
103	139	5.77604
103	161	6.43909
103	164	5.9215
103	173	6.04189
103	177	7.9382
103	184	7.21873
103	187	7.32791
103	195	7.76317
103	196	8.45078
104	22	3.66036
104	45	4.61889
104	76	3.59686
104	110	3.94925
104	139	4.94307
104	143	5.49387
104	165	4.17305
104	172	7.38872
104	175	6.45158
104	182	8.06349
104	187	7.5769
104	191	7.59384
104	193	8.1523
104	197	8.38098
104	199	7.16444
105	29	4.11543
105	61	4.71914
105	64	5.62258
105	68	3.79819
105	91	4.36633
105	93	6.59206
105	104	3.71759
105	109	5.45997
105	123	5.40483
105	140	5.9114
105	149	5.20107
105	164	6.60102
105	188	6.95882
105	194	8.01231
105	199	8.77253
106	2	3.87206
106	38	4.31075
106	73	4.74033
106	101	5.43229
106	118	5.39103
106	123	6.02284
106	126	4.75305
106	134	5.79916
106	146	5.06959
106	156	5.74914
106	171	6.54558
106	178	6.54796
106	180	7.08318
106	181	6.803
106	186	7.19519
107	13	2.86695
107	31	3.58329
107	45	3.56968
107	67	4.35496
107	80	4.34078
107	131	5.85763
107	148	5.59179
107	153	5.85243
107	156	5.27425
107	161	6.79263
107	169	6.51621
107	170	7.36464
107	173	6.39544
107	196	8.80432
107	197	8.14777
108	3	4.58758
108	7	5.53399
108	11	2.15125
108	17	7.97361
108	40	3.79901
108	43	4.17518
108	75	4.86436
108	81	6.455
108	85	4.78231
108	117	5.28403
108	125	5.62619
108	131	5.87824
108	165	6.79139
108	182	8.24406
108	192	7.80623
109	63	1.6964
109	82	5.33761
109	84	5.23991
109	87	5.62696
109	88	5.70155
109	105	6.3507
109	112	2.15794
109	119	6.11197
109	124	4.801
109	138	5.43151
109	140	5.02674
109	164	5.71636
109	178	6.68793
109	182	8.30287
109	193	8.39168
110	86	3.9456
110	121	4.32666
110	136	4.41341
110	157	4.63463
110	159	4.89445
110	161	5.45836
110	177	5.27302
110	180	6.66192
110	187	7.31894
110	188	7.46337
110	190	8.41015
110	191	7.33589
110	193	8.13825
110	197	8.12302
110	199	6.90648
111	20	3.91487
111	28	4.51524
111	30	4.34707
111	76	4.31875
111	77	6.54394
111	84	4.8943
111	87	4.47294
111	91	4.0667
111	103	5.2718
111	154	5.30672
111	158	5.26832
111	178	6.80188
111	181	6.84299
111	185	8.38599
111	188	7.51689
112	34	5.27705
112	94	5.30825
112	115	5.38304
112	120	4.01421
112	134	4.74844
112	140	4.02918
112	144	7.57246
112	145	5.21556
112	151	8.64373
112	167	5.47636
112	184	6.10216
112	188	6.52611
112	195	6.85238
112	196	6.48308
112	198	7.47681
113	18	8.03778
113	41	3.35229
113	77	4.15695
113	78	2.75846
113	90	3.39566
113	95	5.28497
113	101	4.91259
113	110	5.49212
113	138	6.39623
113	151	3.12043
113	182	6.13754
113	190	7.00105
113	194	7.45616
113	196	8.7113
113	198	7.67259
114	8	8.32907
114	11	4.74047
114	19	4.67045
114	49	5.10243
114	53	6.19286
114	91	4.23676
114	96	2.13296
114	105	2.5374
114	108	3.9333
114	143	4.84571
114	175	6.15805
114	181	6.05542
114	190	7.77603
114	199	8.64297
115	7	2.65105
115	47	3.93614
115	68	3.95715
115	81	2.81952
115	125	5.73287
115	131	6.74397
115	135	5.58553
115	142	3.54783
115	155	5.88261
115	158	5.26544
115	162	5.69793
115	165	5.21935
115	181	6.84012
115	187	8.20894
115	188	7.51402
116	12	5.82692
116	24	4.46376
116	30	3.65707
116	31	3.72943
116	37	5.69726
116	59	4.38119
116	60	5.45571
116	121	6.38719
116	168	5.98986
116	173	6.74634
116	174	6.30948
116	176	6.58403
116	177	7.80483
116	189	7.60035
116	199	9.32302
117	26	3.45527
117	29	5.05662
117	110	3.69015
117	115	6.75694
117	121	4.32551
117	153	5.72396
117	157	4.63348
117	170	7.62729
117	175	6.19248
117	180	7.09856
117	185	7.04364
117	191	7.33475
117	196	7.85698
117	197	8.12188
117	199	6.90534
118	15	3.84023
118	28	3.7535
118	32	2.76538
118	46	4.28852
118	87	5.04868
118	137	7.11052
118	156	6.00108
118	170	7.23098
118	171	6.79752
118	173	6.37556
118	182	7.72459
118	185	7.3252
118	189	7.05152
118	191	7.95285
118	192	8.19971
119	1	2.36007
119	13	2.47168
119	38	4.81918
119	70	4.09948
119	112	2.75111
119	136	5.26
119	139	5.73431
119	153	5.45716
119	163	5.74451
119	166	6.11481
119	172	6.2134
119	195	7.72144
119	196	8.40905
119	197	8.82036
119	200	8.57729
120	20	4.69333
120	25	3.48654
120	66	4.02722
120	99	4.46826
120	101	5.58969
120	118	5.68895
120	126	5.05097
120	146	5.36751
120	149	5.97648
120	160	6.70469
120	170	7.27696
120	171	6.8435
120	179	6.14731
120	193	8.40911
120	200	8.00155
121	2	4.82323
121	17	2.09914
121	20	4.24356
121	39	2.47932
121	54	6.11628
121	98	4.14029
121	117	3.97975
121	147	5.54452
121	157	4.79585
121	175	6.35486
121	177	5.43425
121	185	7.20601
121	187	7.48017
121	196	8.48497
121	197	8.28425
122	4	3.81189
122	5	2.67978
122	78	3.46822
122	91	5.21825
122	95	5.99474
122	97	5.95225
122	103	4.88323
122	132	5.09418
122	169	6.68958
122	171	7.06806
122	174	6.61091
122	176	6.57822
122	193	7.94633
122	194	8.16592
122	198	8.38236
123	41	3.31878
123	56	2.95887
123	65	8.82192
123	89	2.60098
123	131	3.95524
123	135	5.90229
123	160	4.77607
123	162	7.70144
123	177	8.589
123	179	6.623
123	184	7.86953
123	190	6.96754
123	193	7.20306
123	194	7.42265
123	198	7.63908
124	49	3.03146
124	82	5.34526
124	88	5.7092
124	90	5.37666
124	93	5.71505
124	96	5.43128
124	105	6.35835
124	128	6.56822
124	143	5.772
124	150	5.58023
124	158	6.8787
124	164	5.72401
124	168	6.3117
124	171	7.01288
124	192	7.9038
125	3	4.81364
125	7	5.76005
125	21	4.0615
125	52	4.4518
125	62	5.26391
125	66	4.36623
125	75	5.09042
125	98	5.19968
125	108	5.16639
125	117	5.22782
125	142	8.06458
125	149	5.84403
125	165	7.01745
125	167	6.55202
125	195	7.92805
126	66	3.61178
126	76	3.96913
126	99	4.05281
126	106	4.64398
126	109	4.77258
126	141	4.48064
126	154	6.6562
126	156	5.63162
126	180	6.96566
126	185	7.74122
126	186	7.07767
126	191	8.36887
126	192	7.83025
126	195	7.88081
126	200	7.82186
127	22	3.87875
127	65	2.2836
127	67	4.70647
127	83	2.53601
127	106	4.94256
127	156	5.62577
127	157	5.11097
127	159	5.3708
127	177	5.74936
127	186	7.64337
127	191	7.81224
127	195	8.31515
127	197	8.59937
127	198	8.93958
127	199	7.38283
128	26	3.86944
128	57	4.66591
128	61	4.66452
128	85	2.7124
128	93	6.53744
128	96	6.25367
128	109	5.40536
128	113	6.43084
128	124	5.63105
128	126	4.4405
128	131	5.54608
128	133	5.24913
128	164	6.54641
128	175	6.65462
128	190	8.2726
129	14	3.579
129	21	3.60167
129	64	3.83824
129	79	5.20907
129	96	3.57029
129	122	5.89396
129	130	6.36609
129	141	5.70362
129	145	5.46911
129	163	7.97856
129	169	6.40481
129	171	7.52391
129	174	6.36887
129	179	6.67967
129	200	8.16886
130	4	4.22798
130	20	2.74174
130	71	4.71203
130	127	4.98271
130	134	5.77262
130	139	4.49182
130	141	6.54353
130	161	5.02116
130	169	7.24472
130	182	7.61225
130	184	6.60222
130	189	6.93917
130	190	7.97295
130	196	6.98314
130	200	9.00877
131	13	5.32059
131	44	3.32203
131	50	3.14854
131	68	4.94669
131	94	5.06246
131	122	5.07484
131	123	3.68628
131	149	4.83379
131	164	6.38615
131	180	7.30587
131	182	6.4707
131	190	7.33421
131	191	8.92166
131	193	7.56973
131	194	7.78932
132	80	3.42549
132	101	5.44916
132	110	4.53605
132	113	3.94435
132	114	3.25338
132	127	5.7548
132	131	4.52532
132	145	6.48771
132	166	6.20154
132	174	6.59844
132	180	6.99682
132	190	7.53762
132	194	7.99272
132	198	8.20915
132	199	9.61198
133	10	1.42637
133	28	3.28434
133	59	3.92264
133	67	4.26676
133	120	5.35267
133	143	5.9753
133	146	4.85236
133	170	6.76181
133	171	6.32835
133	176	6.72633
133	180	6.86595
133	184	7.5349
133	187	7.64408
133	192	7.73054
133	198	8.90955
134	16	3.98758
134	26	4.59064
134	35	3.71168
134	46	4.08015
134	65	8.57546
134	71	3.9969
134	113	7.15203
134	128	4.62474
134	141	5.82839
134	145	5.59389
134	160	7.01748
134	169	6.52959
134	183	7.3765
134	188	8.04702
134	200	8.29364
135	3	2.22967
135	27	3.30164
135	29	3.54296
135	79	3.79728
135	97	4.19589
135	136	4.69656
135	148	6.0857
135	154	5.61974
135	155	6.1985
135	178	7.1149
135	179	6.15961
135	181	7.15601
135	188	7.82991
135	192	7.89477
135	195	8.07279
136	2	3.72847
136	40	4.26141
136	58	4.81036
136	95	5.12442
136	134	5.32819
136	141	6.0991
136	150	5.25791
136	152	5.75283
136	154	6.5349
136	159	5.84911
136	160	6.4037
136	162	6.8412
136	183	7.64721
136	196	7.3902
136	200	8.56435
137	1	2.14339
137	6	2.95877
137	23	2.64526
137	62	4.90159
137	80	3.72883
137	107	4.59111
137	118	5.25686
137	119	4.02058
137	153	5.24048
137	161	6.18068
137	163	5.52783
137	172	5.99673
137	186	8.72964
137	187	8.76039
137	196	8.19237
138	14	4.16914
138	66	4.52549
138	78	5.24892
138	82	5.5916
138	93	5.96139
138	96	5.67762
138	124	5.05499
138	128	6.81456
138	132	5.37433
138	135	5.36985
138	140	5.28073
138	164	5.97035
138	178	6.73217
138	179	6.17412
138	198	8.71173
139	13	3.12668
139	26	4.22483
139	45	3.82941
139	70	4.75449
139	104	4.43998
139	116	4.60938
139	125	4.89037
139	137	4.81801
139	141	4.60731
139	163	6.39951
139	186	7.33569
139	191	8.49554
139	194	8.73469
139	195	8.37644
139	196	9.06405
140	56	5.30537
140	64	4.79718
140	82	5.39688
140	88	5.76082
140	93	5.76666
140	109	4.63458
140	119	6.08804
140	122	5.32024
140	124	4.86027
140	128	6.61984
140	159	6.10874
140	164	5.77563
140	173	6.92991
140	193	8.36775
140	198	8.64356
141	4	3.88099
141	35	4.07983
141	40	4.35885
141	52	4.27359
141	65	7.95201
141	72	1.67974
141	79	4.36605
141	130	6.85901
141	152	5.85027
141	156	5.06045
141	174	6.86179
141	182	8.00964
141	183	7.74464
141	185	7.61025
141	194	8.47705
142	37	0.937445
142	63	7.3816
142	71	4.58251
142	81	6.99503
142	98	4.47214
142	113	5.97925
142	129	5.41302
142	138	4.51613
142	140	4.3773
142	162	6.2822
142	165	7.33141
142	168	5.43039
142	183	6.75664
142	184	6.45028
142	194	7.92772
143	3	2.37757
143	4	3.89558
143	42	4.42723
143	43	3.78459
143	72	2.1506
143	73	5.05793
143	92	5.37883
143	101	5.74989
143	116	5.46731
143	141	4.82053
143	148	6.2336
143	164	6.17325
143	176	7.16588
143	184	7.83567
143	189	8.1822
144	1	5.52984
144	32	4.80023
144	34	5.24641
144	35	3.95045
144	50	5.27993
144	54	5.24857
144	94	5.27761
144	102	6.39816
144	136	4.41925
144	139	4.93486
144	151	8.61308
144	153	5.29316
144	169	6.34806
144	174	6.26939
144	194	8.5227
145	6	4.30224
145	16	4.18218
145	21	3.92105
145	41	5.43597
145	64	3.77863
145	69	4.37887
145	112	2.64811
145	124	5.73446
145	134	5.25209
145	152	5.67673
145	163	7.91894
145	174	6.68825
145	179	6.62006
145	183	7.5711
145	200	8.48824
146	38	4.26287
146	40	4.25327
146	50	3.15346
146	89	6.89855
146	92	3.72149
146	122	5.73961
146	133	4.50575
146	138	5.75414
146	147	5.12876
146	150	5.93692
146	170	6.93115
146	171	6.49769
146	180	7.03529
146	186	7.14731
146	192	7.89989
147	9	4.29257
147	12	5.71531
147	17	7.71332
147	42	4.01168
147	55	4.76511
147	60	5.62201
147	87	5.30786
147	116	5.05176
147	150	5.22237
147	168	6.15617
147	183	7.2801
147	184	7.42012
147	189	7.76665
147	193	8.07258
147	200	7.66502
148	59	3.98621
148	67	4.74001
148	74	4.79451
148	90	5.64353
148	103	4.51167
148	107	5.16185
148	124	5.54992
148	137	4.51707
148	156	5.65931
148	165	4.71806
148	172	6.56747
148	173	6.35423
148	186	7.67691
148	195	8.0755
148	196	8.76312
149	19	3.63185
149	41	3.82211
149	50	3.04026
149	101	5.38241
149	123	3.82294
149	131	4.45857
149	136	4.94909
149	153	5.82299
149	163	7.71102
149	185	8.18573
149	190	7.47087
149	193	7.70639
149	194	7.92598
149	197	8.50944
149	198	8.14241
150	16	3.49546
150	29	3.81987
150	31	3.73684
150	76	3.91036
150	77	6.13556
150	79	4.07419
150	87	5.06287
150	88	4.4138
150	152	6.44953
150	158	5.85824
150	162	6.29074
150	176	6.5584
150	178	7.39181
150	187	7.47615
150	188	8.10682
151	1	4.71137
151	20	2.3663
151	57	4.51361
151	94	5.02427
151	112	7.72273
151	117	4.27679
151	146	5.20076
151	168	5.20689
151	171	5.90807
151	177	6.94626
151	184	6.22679
151	187	6.33597
151	189	6.56374
151	192	6.79899
151	198	7.60144
152	5	7.11246
152	27	3.66317
152	30	4.25582
152	41	5.33705
152	63	2.08766
152	90	5.72916
152	120	5.59615
152	129	4.79169
152	130	6.59731
152	136	5.72926
152	145	5.70033
152	165	4.80369
152	174	6.60009
152	183	7.48294
152	200	8.40008
153	6	3.58721
153	42	4.0205
153	103	4.56938
153	116	4.66186
153	137	4.57478
153	139	6.14609
153	146	6.2837
153	157	8.2816
153	161	6.80913
153	163	6.15628
153	173	6.41194
153	178	6.70482
153	192	7.88193
153	195	8.13321
153	200	8.00102
154	55	4.21133
154	79	3.52688
154	84	4.93691
154	87	4.51556
154	91	4.10932
154	104	5.10975
154	111	4.77941
154	135	5.63103
154	150	6.34513
154	152	7.00959
154	155	5.9281
154	161	6.34597
154	168	6.90714
154	177	8.6465
154	188	7.55951
155	29	3.51553
155	99	5.65086
155	111	5.02238
155	113	6.73889
155	115	5.02604
155	133	5.55718
155	135	5.874
155	150	6.5881
155	162	5.9864
155	169	6.51271
155	173	6.87091
155	176	6.40135
155	178	7.08747
155	182	8.21995
155	188	7.80248
156	34	2.66238
156	46	4.18337
156	100	4.4535
156	101	5.45064
156	120	5.71669
156	126	4.89984
156	146	5.21637
156	170	7.12582
156	172	7.50648
156	173	6.83221
156	183	7.47758
156	186	7.34197
156	188	7.59518
156	192	8.09456
156	195	7.92144
157	10	2.41172
157	11	3.43747
157	26	3.59913
157	96	4.24791
157	104	4.32065
157	117	3.96123
157	142	3.96832
157	159	5.03716
157	167	5.95668
157	185	7.1875
157	187	7.46166
157	191	7.4786
157	192	9.09246
157	199	7.04919
157	200	9.21154
158	38	4.81226
158	47	3.90376
158	86	4.78527
158	87	4.43768
158	97	4.75242
158	105	4.0112
158	106	5.25673
158	111	4.70153
158	135	5.55315
158	150	6.26726
158	162	5.66555
158	178	6.76662
158	181	6.80773
158	188	7.48163
158	200	8.57038
159	36	4.8669
159	83	2.36165
159	117	4.1205
159	122	5.57425
159	143	5.96334
159	147	4.9634
159	167	6.11595
159	185	7.34677
159	187	7.62093
159	189	7.85988
159	190	8.89366
159	191	7.63787
159	192	8.09513
159	197	8.425
159	199	7.20846
160	56	3.4454
160	68	4.99791
160	69	3.89915
160	73	3.78844
160	77	4.60997
160	92	3.76779
160	108	5.26259
160	113	3.86081
160	132	4.83744
160	182	6.59056
160	190	7.45407
160	191	8.97288
160	193	7.68959
160	198	8.12561
160	200	8.42587
161	1	3.05989
161	22	4.62214
161	54	5.30575
161	65	8.24591
161	80	4.64533
161	82	4.82724
161	102	4.39461
161	119	4.93708
161	133	5.64078
161	150	5.54215
161	173	6.69999
161	190	8.66425
161	191	8.53181
161	195	8.42126
161	196	9.10887
162	5	7.35163
162	29	3.34728
162	68	4.07737
162	79	3.6016
162	85	3.7338
162	87	4.59028
162	91	4.18404
162	110	5.085
162	135	5.70575
162	146	6.89723
162	147	5.36374
162	150	6.41985
162	167	7.29746
162	178	6.91922
162	181	6.96033
163	6	3.59324
163	32	4.08352
163	36	5.37667
163	51	1.47661
163	58	4.53114
163	86	4.93888
163	102	4.11258
163	103	4.5754
163	119	4.65505
163	123	6.90266
163	133	6.37997
163	161	6.81515
163	173	6.41796
163	195	8.13923
163	196	8.82684
164	52	4.68243
164	61	3.99908
164	64	4.90252
164	75	4.17941
164	83	7.69403
164	88	5.86615
164	96	5.58823
164	102	6.76136
164	124	4.9656
164	128	6.72517
164	138	5.59612
164	140	5.19134
164	181	7.05858
164	184	7.40846
164	200	8.09974
165	16	2.95399
165	30	3.39722
165	63	7.15918
165	81	6.77261
165	108	5.25794
165	125	5.9438
165	128	3.82718
165	142	8.15613
165	163	6.96143
165	176	6.01694
165	177	7.54498
165	178	6.22059
165	183	7.13186
165	193	7.92434
165	194	8.30294
166	73	4.12494
166	79	4.52693
166	85	2.97103
166	109	4.80249
166	131	4.77828
166	152	6.24306
166	179	7.44604
166	180	6.783
166	182	6.92707
166	189	7.49745
166	190	7.79058
166	193	8.02609
166	195	7.91072
166	198	8.46211
166	199	9.39816
167	20	3.72318
167	33	4.42459
167	39	2.86187
167	90	5.62873
167	98	4.52284
167	144	5.06876
167	157	5.1784
167	163	7.71959
167	175	6.73741
167	181	7.23379
167	185	7.58856
167	187	7.86272
167	191	7.87967
167	195	8.33389
167	199	7.45026
168	42	3.92914
168	48	3.75053
168	55	4.68257
168	60	5.53947
168	61	3.8563
168	83	7.70794
168	111	6.08593
168	147	5.63287
168	151	2.21242
168	162	7.25428
168	176	6.66779
168	184	7.33758
168	189	7.68411
168	195	8.17259
168	197	8.35672
169	21	4.06171
169	25	4.60705
169	42	4.26215
169	45	5.11681
169	67	4.69293
169	69	4.51954
169	74	4.3361
169	107	5.04759
169	114	3.43046
169	165	4.67098
169	174	6.82892
169	183	7.71177
169	189	7.88834
169	196	7.93231
169	200	8.62891
170	66	4.11475
170	69	3.93758
170	72	2.45315
170	81	2.49279
170	89	6.98329
170	96	3.50068
170	99	4.55578
170	118	5.77647
170	126	5.1385
170	133	4.93908
170	139	5.66263
170	141	5.12309
170	146	5.45504
170	174	6.99716
170	192	8.33322
171	15	3.80083
171	22	4.92707
171	76	4.29919
171	88	4.64528
171	99	4.38288
171	100	4.51926
171	146	5.28213
171	148	6.36157
171	154	7.12406
171	156	5.96168
171	162	7.43036
171	170	7.19158
171	174	6.82258
171	188	8.0224
171	192	8.16031
172	1	2.75627
172	23	3.25814
172	80	4.34171
172	103	4.55381
172	107	5.20399
172	112	2.73863
172	121	7.17537
172	135	5.9063
172	150	6.12216
172	153	5.85335
172	158	7.42063
172	168	6.85364
172	173	6.39636
172	195	8.11764
172	196	8.80525
173	72	2.27302
173	74	4.78894
173	80	4.27747
173	98	5.61476
173	103	4.48957
173	119	4.56922
173	139	6.06627
173	148	5.52848
173	158	7.14
173	166	5.8217
173	167	6.96709
173	172	6.54536
173	195	8.0534
173	196	8.74101
173	199	9.83056
174	14	3.87649
174	29	4.95473
174	57	5.13821
174	128	4.37585
174	129	4.85795
174	132	5.41142
174	134	5.23019
174	141	6.0011
174	166	5.60297
174	169	6.70229
174	173	7.03517
174	183	7.54921
174	191	8.61246
174	193	8.47301
174	200	8.46635
175	26	3.99745
175	67	4.72516
175	98	4.52009
175	117	4.35955
175	127	5.38091
175	129	6.54636
175	136	4.95761
175	167	6.355
175	168	6.56373
175	169	6.88641
175	177	5.81405
175	182	8.59365
175	187	7.85997
175	191	7.87692
175	199	7.44751
176	31	3.90444
176	35	4.26836
176	37	5.87226
176	48	3.84178
176	76	3.90657
176	140	5.29019
176	143	6.67919
176	147	5.72411
176	168	6.16487
176	178	6.75826
176	182	8.3732
176	183	7.66953
176	186	7.44161
176	189	7.77535
176	195	8.1134
177	22	3.50761
177	30	4.64308
177	61	4.5053
177	104	4.28314
177	121	4.43186
177	127	4.94509
177	134	6.71765
177	159	4.99966
177	167	5.91918
177	185	7.14999
177	187	7.42415
177	191	7.4411
177	197	8.22823
177	198	9.44601
177	199	7.01169
178	5	6.81883
178	12	3.37832
178	91	4.359
178	93	4.36474
178	115	5.03275
178	118	3.99612
178	135	5.88071
178	150	6.59481
178	154	5.59902
178	158	5.56062
178	160	6.78489
178	181	7.13529
178	183	7.69683
178	191	8.62876
178	197	8.32482
179	56	3.86244
179	70	4.04486
179	97	6.11254
179	118	3.75914
179	156	5.21432
179	160	5.67965
179	166	6.53503
179	167	6.52768
179	175	6.90623
179	182	7.00761
179	190	7.87111
179	195	7.9037
179	197	8.08783
179	198	8.54265
179	199	9.39115
180	19	3.48422
180	20	4.67126
180	30	4.59967
180	106	5.03735
180	111	6.09103
180	120	5.84576
180	133	4.82949
180	151	2.21752
180	156	6.02499
180	171	6.82143
180	179	6.26451
180	188	7.85142
180	192	8.22363
180	196	7.80839
180	197	8.36182
181	68	4.22002
181	94	4.8192
181	99	5.88105
181	115	5.00044
181	119	6.25923
181	151	2.23016
181	155	6.14547
181	158	5.52831
181	159	6.27994
181	162	5.9608
181	178	7.06187
181	182	8.45014
181	188	7.77688
181	191	8.6784
181	197	8.37446
182	18	7.53387
182	33	4.33179
182	52	4.08221
182	74	5.02251
182	78	3.28162
182	97	5.76564
182	113	3.93095
182	122	5.26484
182	131	4.51191
182	137	8.22243
182	142	3.27454
182	179	7.17968
182	180	7.44897
182	194	7.97932
182	198	8.19575
183	7	2.08455
183	25	4.53853
183	40	4.25745
183	42	4.24402
183	69	4.45101
183	71	4.26364
183	101	5.81267
183	104	4.71598
183	128	4.53493
183	169	6.79633
183	174	6.76039
183	177	8.25273
183	181	7.18337
183	185	8.14389
183	200	8.56038
184	42	4.04056
184	57	5.19637
184	58	3.93077
184	59	4.57637
184	75	4.20328
184	92	4.99216
184	143	6.69937
184	147	5.74429
184	149	6.09853
184	167	6.80653
184	176	6.77922
184	186	7.51077
184	189	7.79553
184	192	8.00453
184	200	8.12361
185	22	4.02515
185	28	4.38518
185	39	2.94083
185	65	2.43
185	74	4.84133
185	94	5.02438
185	110	4.31404
185	121	4.9494
185	153	5.89319
185	167	6.43671
185	177	5.89576
185	186	7.72373
185	193	8.74413
185	197	8.74576
185	199	7.52922
186	10	1.35074
186	25	3.63554
186	28	3.68218
186	67	4.6646
186	98	5.48113
186	99	4.35095
186	100	4.48734
186	102	6.81217
186	146	5.25021
186	147	4.89975
186	164	6.16205
186	170	7.15965
186	180	7.26379
186	189	7.79622
186	192	8.12839
187	18	2.56473
187	54	5.4359
187	61	3.8576
187	65	2.48978
187	135	5.45643
187	141	4.77373
187	157	5.31715
187	159	5.57697
187	164	6.12644
187	181	7.07379
187	185	7.72731
187	191	8.01841
187	195	8.17389
187	197	8.80554
187	199	7.589
188	29	3.50563
188	49	3.18899
188	79	3.75996
188	80	3.54031
188	91	4.3424
188	99	5.93007
188	111	5.01249
188	154	5.58241
188	155	6.16118
188	162	5.97651
188	171	7.17041
188	180	7.11163
188	181	7.11869
188	192	8.06133
188	193	8.58796
189	9	4.27545
189	24	4.61294
189	36	4.72783
189	55	4.74798
189	58	3.8823
189	86	4.29004
189	113	6.91284
189	115	6.66474
189	135	5.41663
189	143	6.65337
189	145	6.49726
189	167	6.75806
189	168	6.13904
189	176	6.73321
189	184	7.403
190	36	2.8859
190	73	3.97989
190	90	4.04014
190	107	5.17278
190	122	5.38615
190	123	3.9976
190	126	5.21521
190	144	5.16166
190	153	5.92447
190	160	5.45406
190	166	6.30944
190	179	7.30099
190	182	6.78202
190	189	8.01352
190	197	8.61092
191	17	2.45268
191	23	4.48046
191	26	3.97119
191	98	4.49384
191	100	5.90953
191	110	4.20607
191	117	4.3333
191	130	4.01739
191	138	5.69753
191	157	5.1494
191	167	6.32875
191	175	6.7084
191	176	6.82311
191	193	8.73051
191	197	8.6378
192	55	3.63281
192	67	4.63296
192	80	3.39968
192	100	4.45569
192	118	5.54
192	126	4.90202
192	131	5.99271
192	133	4.7026
192	150	5.59713
192	156	5.89811
192	166	5.57731
192	178	6.74359
192	183	7.65486
192	186	7.34416
192	193	8.44734
193	2	2.97547
193	33	4.45191
193	52	4.20234
193	77	4.80024
193	90	4.03895
193	103	5.01565
193	130	3.90491
193	138	5.58505
193	149	5.14391
193	160	5.45287
193	179	7.2998
193	182	6.78083
193	186	7.59764
193	197	8.45355
193	198	8.31588
194	8	0.947771
194	21	4.45835
194	41	4.03703
194	54	5.5869
194	90	4.0804
194	122	5.42642
194	140	5.50169
194	145	6.68807
194	149	5.18537
194	154	7.10029
194	160	5.49432
194	179	7.34125
194	190	7.68579
194	193	7.92131
194	199	9.81234
195	76	3.85375
195	107	5.11319
195	114	3.18942
195	118	3.91601
195	132	5.3476
195	137	4.46841
195	148	5.50192
195	153	5.76256
195	163	6.04991
195	168	6.29046
195	169	6.61315
195	172	6.5188
195	194	8.7878
195	196	8.71445
196	6	3.68793
196	8	0.60571
196	87	5.56673
196	102	4.20728
196	107	5.32028
196	135	5.26538
196	137	4.6755
196	139	6.24681
196	148	5.70901
196	176	6.42405
196	180	6.85511
196	189	7.56956
196	195	8.23393
196	198	8.60726
196	200	7.92389
197	7	1.93037
197	78	5.29091
197	83	2.67344
197	104	4.7917
197	121	4.94042
197	124	5.33052
197	127	5.45365
197	130	3.76479
197	159	5.50822
197	172	7.71434
197	175	6.8074
197	179	6.21612
197	183	7.68543
197	185	7.65855
197	199	7.52025
198	47	3.89564
198	56	3.67294
198	82	5.00557
198	84	5.41892
198	89	3.31505
198	96	3.1995
198	98	5.4937
198	112	2.33694
198	131	4.66931
198	149	5.18119
198	160	5.49015
198	179	7.33707
198	189	7.8088
198	190	7.68161
198	194	8.13672
199	26	3.62227
199	40	4.37116
199	71	5.93841
199	98	4.14491
199	127	5.00574
199	148	6.56931
199	159	5.0603
199	167	5.97983
199	175	6.35948
199	177	5.43887
199	185	7.21064
199	187	7.4848
199	191	7.50174
199	192	8.37839
199	197	8.28888
200	4	3.68364
200	21	3.89724
200	35	3.88248
200	39	6.25245
200	40	4.1615
200	71	4.16769
200	74	4.17163
200	76	3.8238
200	157	8.25227
200	166	5.50921
200	169	6.70038
200	179	6.11744
200	183	7.54729
200	193	8.37924
200	197	8.21475
