in-degree distribution (probability density function of the degree in logarithmic bins) 
8.61224	0.175382
10.4167	0.109697
12	0.0363181
14.0588	0.075089
16.5	0.0338433
19.3333	0.0240102
23.1429	0.00953904
25.875	0.0092811
30.875	0.00790137
37.125	0.00672676
40	0.00214753

in-degree distribution (degree-occurrences) 
8	0.095
9	0.15
10	0.105
11	0.075
12	0.07
13	0.06
14	0.04
15	0.07
16	0.045
17	0.045
18	0.015
19	0.025
20	0.03
21	0.005
22	0.015
24	0.02
25	0.02
26	0.005
27	0.015
30	0.025
31	0.005
32	0.005
34	0.005
35	0.01
37	0.015
38	0.005
39	0.01
40	0.015


--------------------------------------
out-degree distribution (probability density function of the degree in logarithmic bins) 
14	0.0531356
15	3.3053
16	1.51104

out-degree distribution (degree-occurrences) 
14	0.01
15	0.665
16	0.325


--------------------------------------
community distribution (size-occurrences)
8	0.0909091
10	0.0909091
13	0.181818
18	0.0909091
19	0.0909091
21	0.0909091
22	0.0909091
23	0.181818
30	0.0909091


--------------------------------------
mixing parameter (in-links)
0.444444	0.09
0.454545	0.06
0.461538	0.025
0.467843	0.05
0.473684	0.01
0.480494	0.015
0.485972	0.015
0.5	0.495
0.513759	0.025
0.519259	0.02
0.525689	0.02
0.531523	0.065
0.538462	0.035
0.545455	0.015
0.555556	0.06

--------------------------------------
mixing parameter (out-links)
0.1875	0.005
0.263333	0.025
0.328704	0.045
0.395313	0.08
0.462903	0.31
0.5	0.145
0.53941	0.24
0.608824	0.085
0.642857	0.005
0.682292	0.02
0.7375	0.02
0.80625	0.02

--------------------------------------
mixing parameter (weights)
0.499456	0.005
0.499508	0.005
0.499595	0.005
0.499624	0.005
0.499678	0.005
0.499752	0.01
0.499798	0.015
0.499851	0.08
0.499904	0.065
0.49996	0.2
0.500007	0.19
0.500062	0.11
0.500105	0.05
0.500168	0.12
0.500214	0.045
0.500278	0.025
0.500321	0.035
0.50039	0.005
0.500418	0.01
0.50049	0.015

--------------------------------------
internal weights (weight-occurrences)
0.833685	0.00260756
1.41483	0.00195567
2.04079	0.00586701
2.44667	0.0123859
2.86791	0.0228162
3.40736	0.0384615
3.87844	0.0880052
4.3527	0.102999
4.80005	0.105606
5.31065	0.10691
5.75921	0.102999
6.24187	0.0821382
6.73667	0.095176
7.22959	0.0853977
7.68403	0.0743155
8.17033	0.0501956
8.65234	0.0189048
9.13618	0.00260756
10.3506	0.00065189

--------------------------------------
external weights (weight-occurrences)
0.307387	0.00261609
0.931603	0.00327011
1.47551	0.00981033
2.09572	0.0228908
2.62115	0.0327011
3.18203	0.0359712
3.75128	0.0784827
4.31956	0.0902551
4.87969	0.117724
5.44099	0.122956
6.02916	0.100719
6.59881	0.115108
7.14565	0.0817528
7.75286	0.086985
8.29844	0.0621321
8.80832	0.0274689
9.43068	0.00523218
9.91771	0.00261609
10.4158	0.000654022
11.4726	0.000654022
