1	18	3.24622
1	52	4.19997
1	57	3.70384
1	67	3.4454
1	93	3.80062
1	98	2.94276
1	149	5.6219
1	163	6.32638
1	168	5.94695
1	169	5.94808
1	176	6.04773
1	177	6.76866
1	179	5.39663
1	189	7.1781
1	195	7.5208
1	197	7.69726
2	12	3.70089
2	32	3.6362
2	51	3.63444
2	65	4.38333
2	67	3.43594
2	68	4.03335
2	75	4.17504
2	80	3.96547
2	85	5.04955
2	106	9.69874
2	111	4.61339
2	136	5.9209
2	137	5.06332
2	163	6.55253
2	164	6.71547
2	172	6.354
3	7	2.74093
3	69	3.04302
3	113	3.66697
3	125	6.08065
3	137	4.28203
3	139	5.87671
3	140	5.4047
3	158	6.80991
3	159	4.53408
3	177	6.74222
3	178	5.27472
3	188	7.11372
3	190	6.69123
3	193	6.89937
3	196	7.48764
3	200	7.21252
4	11	3.6844
4	63	6.53494
4	81	2.68001
4	83	2.28214
4	89	4.09894
4	118	4.786
4	120	5.08174
4	122	4.26019
4	123	6.18754
4	131	6.57498
4	141	6.31028
4	146	5.31565
4	150	6.44571
4	151	6.47198
4	154	5.56672
4	165	5.98168
5	11	1.73896
5	18	2.97304
5	34	9.62657
5	48	3.55663
5	67	3.17222
5	83	11.0239
5	99	3.71811
5	119	4.65459
5	132	5.47491
5	133	5.09672
5	159	4.62953
5	160	5.61986
5	177	6.83767
5	179	7.40019
5	187	7.08308
5	197	7.42408
6	45	3.98583
6	67	3.14444
6	68	3.74184
6	89	4.96672
6	102	4.33369
6	115	5.2883
6	126	5.16319
6	135	6.32568
6	145	5.01651
6	147	4.84563
6	156	5.84222
6	166	6.55275
6	169	6.03083
6	172	6.0625
6	191	7.18942
6	196	7.55531
7	49	3.79363
7	68	3.80867
7	80	3.74079
7	110	3.75995
7	112	3.18908
7	115	4.15408
7	155	6.04077
7	159	4.66857
7	163	6.63063
7	168	5.71281
7	169	6.25233
7	176	5.81359
7	181	6.20721
7	187	7.12212
7	196	7.62213
7	198	9.16575
8	13	1.99204
8	20	2.27885
8	64	4.63978
8	66	3.67666
8	86	4.28175
8	88	4.3891
8	99	4.51417
8	125	4.98263
8	129	5.67318
8	148	5.65158
8	151	5.86356
8	166	4.57401
8	179	5.91952
8	185	7.59579
8	188	8.03565
8	200	8.10403
9	28	4.91132
9	35	2.98814
9	41	3.50567
9	64	3.30956
9	81	2.2652
9	96	3.60337
9	101	4.31753
9	118	4.37119
9	139	4.41327
9	141	5.08537
9	148	5.24972
9	159	11.3057
9	160	5.5468
9	182	6.60713
9	184	6.5254
9	194	7.47061
10	40	2.48061
10	44	3.08216
10	66	2.80648
10	83	1.86629
10	110	5.37823
10	120	4.66869
10	150	6.02985
10	152	5.17041
10	163	6.2147
10	167	5.8534
10	171	5.31135
10	181	6.09406
10	187	7.00897
10	190	8.36108
10	197	7.34998
10	200	9.67681
11	16	2.15791
11	48	3.9208
11	58	3.58184
11	61	3.97682
11	70	4.72611
11	77	4.70151
11	114	5.58308
11	120	5.10697
11	161	6.18213
11	168	6.03795
11	173	7.1509
11	175	6.64796
11	179	7.91911
11	182	7.04437
11	187	7.44726
11	191	7.58138
12	19	3.68348
12	40	4.79306
12	47	4.44603
12	71	3.44399
12	76	3.80072
12	84	3.78493
12	104	3.9745
12	120	5.1915
12	132	5.92361
12	139	4.93504
12	141	5.60714
12	166	7.02924
12	172	6.53898
12	185	7.24843
12	189	8.43732
12	197	7.33416
13	51	4.24047
13	109	2.97811
13	119	1.88505
13	131	7.10298
13	134	4.72378
13	136	5.92059
13	151	4.13433
13	156	3.65588
13	160	6.4896
13	165	6.50968
13	181	5.08132
13	187	6.16939
13	188	6.30642
13	190	7.65642
13	191	8.08695
13	199	8.44028
14	8	3.79915
14	49	3.58488
14	78	3.40042
14	105	2.97532
14	126	5.26512
14	154	6.19047
14	161	5.64824
14	162	6.11514
14	163	6.1191
14	171	7.04022
14	172	5.92057
14	182	5.13022
14	188	7.03946
14	192	6.79885
14	197	7.64184
14	198	7.68719
15	20	7.34202
15	51	3.47429
15	74	3.05869
15	84	3.97994
15	98	7.81039
15	114	3.08129
15	145	5.14787
15	158	6.03223
15	159	4.73309
15	176	6.0502
15	179	5.22703
15	180	6.07044
15	186	6.96625
15	187	7.18665
15	189	7.0085
15	194	7.64724
16	3	3.22815
16	10	3.25222
16	23	4.2802
16	33	1.3475
16	43	4.07622
16	73	4.79253
16	83	11.419
16	88	4.68224
16	105	4.53653
16	123	4.94622
16	137	5.38517
16	138	5.54515
16	175	6.52407
16	193	7.58038
16	195	7.83319
17	13	4.9997
17	34	3.2137
17	63	4.01941
17	77	5.31138
17	85	5.75987
17	99	4.69215
17	112	5.91009
17	115	5.08908
17	147	5.84746
17	154	4.35975
17	158	6.16085
17	175	6.9354
17	178	5.52398
17	189	6.91427
17	197	5.81112
18	32	3.48882
18	37	1.47996
18	47	4.11367
18	97	4.31032
18	109	4.97837
18	120	4.85915
18	124	4.2222
18	154	5.52206
18	163	6.40516
18	174	6.22277
18	177	6.95401
18	178	6.6863
18	189	8.07659
18	192	7.0849
18	198	7.97324
19	23	3.95966
19	103	3.63111
19	131	6.49826
19	135	4.44628
19	143	5.04218
19	144	4.75173
19	153	3.79622
19	155	6.26676
19	166	3.56332
19	174	6.37145
19	180	6.2319
19	181	5.79986
19	188	7.02495
19	195	7.51265
19	200	7.57299
20	38	2.80964
20	57	3.80725
20	68	3.07186
20	71	2.57894
20	139	8.2325
20	148	4.62501
20	155	5.30396
20	156	5.17223
20	158	9.1657
20	165	4.94217
20	177	6.1399
20	183	5.84806
20	186	6.16491
20	190	6.08891
20	196	6.88532
21	14	3.5493
21	33	1.78798
21	51	4.39677
21	65	5.14566
21	73	5.233
21	86	4.51173
21	91	2.03966
21	110	6.47839
21	115	5.14108
21	118	4.60981
21	127	3.52519
21	133	5.93222
21	142	5.95697
21	199	8.59658
21	200	8.29392
22	5	3.55032
22	48	3.24429
22	58	3.09334
22	59	3.51337
22	95	5.27599
22	145	5.8168
22	148	6.09528
22	162	7.05735
22	165	4.9398
22	168	6.44627
22	174	6.39316
22	179	5.89596
22	185	7.57222
22	191	5.02277
22	198	6.37572
23	36	3.82482
23	75	4.08495
23	80	4.26214
23	86	4.04608
23	94	3.4664
23	95	3.76622
23	99	4.38516
23	102	5.16733
23	110	6.01273
23	150	5.42816
23	152	5.98462
23	155	5.17826
23	170	6.55248
23	172	6.65067
23	187	7.64347
24	1	3.50097
24	21	5.87421
24	26	4.92142
24	91	5.76058
24	93	1.46459
24	112	4.61167
24	131	2.88148
24	141	6.62006
24	147	4.15211
24	152	6.88586
24	155	7.46336
24	163	3.99035
24	167	4.07102
24	174	6.5429
24	176	7.23618
25	24	2.07723
25	27	4.24746
25	29	4.70759
25	64	4.25976
25	67	3.58827
25	72	3.74319
25	82	4.50745
25	104	3.94184
25	133	5.51276
25	136	5.46689
25	155	6.41777
25	177	6.29199
25	184	7.95046
25	189	7.32097
25	197	7.84013
26	8	4.42117
26	42	4.35222
26	61	4.01873
26	69	3.59077
26	107	4.73844
26	134	4.30634
26	139	4.93864
26	146	3.73516
26	167	6.37981
26	171	5.83775
26	176	6.22685
26	183	5.64633
26	188	7.66147
26	196	7.16366
26	199	6.54474
27	57	2.91448
27	98	2.58645
27	110	2.66634
27	124	4.41331
27	150	6.02082
27	163	5.53702
27	165	6.63622
27	166	6.4974
27	171	5.30232
27	176	5.69142
27	183	6.46269
27	186	6.77954
27	188	7.12603
27	191	6.71919
27	199	7.4874
28	29	4.34912
28	52	3.98437
28	57	4.5626
28	66	5.1216
28	79	7.85576
28	104	4.83797
28	111	4.40724
28	112	3.20762
28	147	4.93099
28	153	5.67642
28	159	7.40183
28	179	5.18103
28	196	7.64067
28	199	7.62811
28	200	7.36554
29	50	5.22431
29	60	3.91187
29	67	4.49696
29	68	4.75585
29	92	5.3204
29	103	4.84016
29	104	4.51202
29	118	2.90165
29	145	3.86175
29	151	7.11646
29	156	6.85623
29	181	7.15439
29	190	5.27003
29	195	7.34822
29	196	8.56932
30	13	0.433493
30	44	4.27361
30	68	2.25484
30	76	4.78949
30	89	5.19467
30	92	5.77165
30	106	3.80682
30	109	3.1488
30	118	5.88173
30	142	6.3684
30	166	3.01547
30	186	6.09791
30	187	6.34008
30	188	6.47711
30	196	9.02057
31	5	3.8601
31	21	1.89711
31	47	1.58242
31	50	6.13328
31	71	4.35899
31	96	4.29851
31	102	5.44375
31	108	4.79021
31	119	5.73687
31	135	5.26353
31	140	6.58243
31	142	6.01321
31	158	6.26908
31	190	6.17901
31	200	7.49474
32	14	2.90099
32	35	3.75381
32	44	3.21387
32	48	3.93436
32	52	3.36604
32	98	3.04733
32	133	5.47445
32	143	5.17698
32	163	6.66655
32	172	6.46802
32	183	6.2376
32	186	7.24042
32	191	7.59494
32	193	7.3749
32	194	7.92141
33	37	3.18757
33	65	3.78663
33	83	1.60741
33	107	3.95316
33	124	4.16347
33	125	3.85358
33	137	4.46662
33	141	4.82545
33	142	4.59795
33	143	4.44417
33	164	6.11877
33	165	5.30696
33	168	5.34079
33	187	6.7501
33	189	6.57195
34	37	3.35976
34	39	3.36827
34	66	2.7198
34	75	5.22417
34	77	4.17655
34	80	3.54096
34	99	3.55732
34	105	8.74221
34	119	4.4938
34	126	5.27405
34	144	4.32592
34	151	5.96945
34	157	5.62164
34	165	5.47915
34	193	6.83403
35	2	3.24142
35	51	3.89775
35	75	3.68202
35	85	4.94329
35	88	3.75049
35	132	6.09665
35	134	4.0115
35	135	4.33871
35	137	4.95706
35	160	5.77732
35	168	6.88489
35	174	6.26388
35	177	6.99513
35	193	8.25064
35	194	7.70113
36	33	1.04955
36	40	6.08698
36	67	3.45984
36	76	3.63963
36	80	4.61978
36	120	5.03041
36	124	5.87685
36	136	5.33846
36	143	5.06477
36	154	7.17671
36	158	5.47442
36	159	4.91714
36	167	6.21513
36	181	6.45578
36	200	7.59558
37	36	4.15017
37	45	3.20422
37	56	4.38725
37	89	4.20175
37	117	4.12482
37	137	5.24416
37	139	4.93089
37	146	5.41846
37	153	6.0634
37	160	6.06442
37	171	6.16129
37	183	6.99039
37	184	7.04302
37	189	7.86607
37	200	7.75252
38	21	4.89946
38	53	4.21685
38	90	4.61028
38	98	3.15647
38	115	4.60192
38	121	4.73709
38	128	2.97038
38	130	5.19089
38	167	6.41439
38	183	5.54783
38	188	7.69605
38	193	6.68513
38	196	7.06516
38	199	6.44624
38	200	7.79484
39	24	5.34012
39	31	4.74155
39	76	3.93083
39	83	2.34047
39	109	5.2621
39	123	4.61165
39	141	4.73438
39	148	5.72286
39	149	5.15907
39	156	6.27008
39	161	6.21803
39	163	6.68889
39	192	6.58716
39	199	7.97061
39	200	7.70804
40	2	2.85155
40	18	3.54955
40	97	3.96156
40	108	5.99887
40	110	5.21993
40	112	8.72793
40	142	4.69851
40	147	4.641
40	167	5.6951
40	176	5.54214
40	180	5.73446
40	182	6.11733
40	188	6.97675
40	192	6.73614
40	196	7.35068
41	2	7.15381
41	14	2.95438
41	31	4.7726
41	88	4.77603
41	106	6.63598
41	115	4.54617
41	122	3.02699
41	136	2.85814
41	144	4.91783
41	155	6.43286
41	170	6.42321
41	180	6.398
41	183	6.97696
41	186	7.29381
41	188	7.64029
42	1	3.38268
42	32	4.06814
42	58	3.38424
42	88	3.7596
42	93	5.79366
42	106	2.53592
42	107	4.45271
42	121	4.41678
42	145	5.21087
42	150	5.80233
42	168	7.60307
42	173	7.48405
42	174	6.27299
42	194	7.71024
42	195	7.4142
43	32	3.10432
43	81	2.71055
43	114	3.35001
43	120	5.11509
43	125	4.55885
43	128	4.29025
43	140	5.87244
43	143	5.80709
43	152	5.79652
43	161	6.19024
43	165	6.01223
43	183	6.86771
43	184	6.97075
43	187	7.45537
43	199	7.76611
44	93	5.57678
44	95	4.45318
44	98	2.61928
44	140	5.44984
44	145	4.91506
44	147	4.8231
44	150	6.05365
44	156	5.81969
44	163	6.2385
44	165	5.58963
44	180	5.83556
44	183	6.49552
44	195	8.40152
44	197	7.37377
44	200	7.63907
45	2	3.78349
45	15	3.61215
45	17	0.913297
45	26	4.15932
45	92	5.53481
45	105	3.84456
45	114	3.67725
45	138	5.65912
45	142	5.63046
45	159	5.32906
45	170	6.69162
45	172	6.78981
45	178	7.64346
45	189	9.03375
45	192	7.66809
46	16	3.73919
46	26	3.52609
46	61	3.60074
46	88	3.62735
46	117	4.27387
46	121	4.28452
46	143	7.0737
46	150	6.10513
46	159	4.66384
46	162	7.22416
46	166	6.61485
46	176	5.80887
46	181	6.20248
46	186	6.89699
46	191	7.25152
47	75	4.21731
47	89	4.44994
47	102	5.05422
47	118	4.33936
47	122	4.61119
47	124	5.1892
47	145	5.29947
47	148	6.01553
47	149	6.04148
47	152	3.51707
47	162	6.9776
47	178	6.06291
47	190	6.70775
47	194	8.23642
47	195	8.78593
48	24	2.2961
48	45	4.43092
48	65	4.22454
48	82	4.72631
48	83	2.3577
48	101	5.57368
48	116	4.74012
48	131	4.95971
48	135	4.59856
48	146	5.39121
48	187	7.50039
48	189	7.32224
48	193	7.41212
48	195	7.66494
48	196	8.0004
49	2	3.60388
49	11	3.86258
49	15	3.43254
49	54	3.78997
49	62	3.94365
49	87	5.50451
49	91	4.81887
49	99	5.19068
49	102	5.97286
49	109	5.38194
49	125	4.70649
49	137	5.31953
49	143	7.20226
49	181	6.68809
49	195	7.76755
50	23	3.71276
50	62	3.44186
50	70	3.73359
50	91	4.73778
50	97	4.21211
50	124	4.51458
50	127	6.22332
50	142	4.94906
50	146	4.99203
50	162	6.30299
50	169	6.07675
50	179	5.14159
50	180	9.18854
50	187	7.10122
50	199	7.58867
51	50	3.2823
51	56	1.99075
51	122	4.21652
51	127	4.79144
51	130	5.00209
51	139	4.78441
51	142	5.96498
51	145	5.34238
51	153	5.91693
51	159	4.9276
51	178	5.66824
51	184	6.89654
51	196	8.09562
51	199	7.4767
51	200	7.60604
52	19	3.87709
52	25	4.10965
52	27	3.35181
52	64	4.48602
52	66	3.5229
52	111	4.99198
52	117	4.88187
52	128	4.22391
52	150	4.77218
52	156	6.51231
52	162	5.89121
52	179	5.76577
52	181	6.81048
52	193	7.93866
52	195	7.88994
53	1	5.21019
53	6	3.2136
53	13	4.55131
53	22	1.80848
53	80	4.2274
53	90	3.58415
53	101	5.20467
53	102	4.88712
53	125	4.71222
53	143	5.3028
53	164	6.97741
53	177	6.14184
53	185	7.32538
53	195	7.77328
53	197	7.94973
54	18	3.18252
54	19	3.44426
54	31	4.55095
54	33	16.3477
54	55	3.72516
54	79	6.37799
54	104	3.3602
54	115	4.32452
54	155	6.21121
54	159	5.92405
54	166	6.79002
54	176	5.98403
54	180	6.17635
54	182	6.88968
54	198	8.06638
55	5	3.16318
55	15	2.71832
55	16	4.09024
55	31	4.72683
55	45	4.39897
55	50	3.36959
55	77	4.7227
55	98	9.20367
55	116	4.70817
55	130	5.58882
55	152	5.8096
55	158	7.42552
55	162	6.67022
55	168	6.05914
55	179	5.50882
56	34	2.89826
56	43	2.958
56	59	3.39948
56	82	4.53735
56	88	4.25164
56	123	5.01925
56	173	5.36596
56	179	5.78206
56	183	5.71344
56	185	7.45833
56	186	7.52128
56	190	7.44529
56	196	7.23076
56	199	6.61184
56	200	7.96657
57	36	4.27449
57	63	4.05542
57	64	4.85377
57	93	2.27643
57	111	5.35973
57	115	5.1251
57	131	3.69332
57	138	5.96964
57	141	6.16849
57	143	5.78721
57	144	5.49676
57	152	6.43429
57	191	5.98435
57	194	6.73539
57	198	7.33731
58	8	4.19167
58	15	3.13542
58	28	3.17115
58	32	3.59528
58	48	5.33579
58	82	4.58985
58	148	5.54558
58	156	6.09281
58	157	6.00523
58	161	5.75907
58	162	6.50766
58	183	6.76863
58	187	7.30589
58	194	7.86531
58	197	7.64689
59	13	3.98131
59	25	3.423
59	56	3.89835
59	69	3.09412
59	117	5.44373
59	139	4.44199
59	140	5.4558
59	144	4.44236
59	160	5.57551
59	161	5.77361
59	171	7.4802
59	182	5.5702
59	187	7.03874
59	190	6.74234
59	194	7.49933
60	7	5.05396
60	14	2.54407
60	30	4.8165
60	111	4.37048
60	127	4.51418
60	138	4.9804
60	142	4.95174
60	151	6.15105
60	164	6.47257
60	172	5.2927
60	182	6.70101
60	184	7.11841
60	185	6.82054
60	198	7.55278
60	199	7.59135
61	41	3.24355
61	46	3.35343
61	55	3.88256
61	111	4.71655
61	114	6.48794
61	120	5.10968
61	128	5.61002
61	133	5.4636
61	141	5.52531
61	154	5.59185
61	163	6.65569
61	175	7.55282
61	179	8.82397
61	181	6.53505
61	190	7.15356
62	9	2.83058
62	38	3.78447
62	92	4.61124
62	113	4.25609
62	128	5.5202
62	132	5.75197
62	150	6.38102
62	161	5.22392
62	170	7.13312
62	175	6.23842
62	178	5.64723
62	184	7.4977
62	187	7.36015
62	191	6.57912
62	195	7.52469
63	26	3.55789
63	41	3.67683
63	80	3.79984
63	83	2.03849
63	105	3.24313
63	117	4.33765
63	123	5.83882
63	138	5.73394
63	166	6.67863
63	171	5.48355
63	181	6.26627
63	183	6.64393
63	188	7.30727
63	192	7.81434
63	194	7.64177
64	9	6.265
64	28	0.00217697
64	29	4.85009
64	33	16.7046
64	54	0.00129958
64	79	6.73491
64	83	2.49894
64	126	5.99338
64	129	5.43565
64	133	5.65526
64	141	5.71697
64	144	5.04525
64	149	5.90727
64	172	6.64882
64	191	7.77574
65	21	5.11366
65	26	4.16086
65	41	4.27981
65	43	4.19173
65	109	5.56309
65	110	2.34996
65	122	4.61952
65	127	5.19444
65	148	6.02385
65	167	5.30132
65	169	4.84234
65	177	5.66293
65	192	7.66963
65	196	8.28417
65	198	7.75577
66	16	3.72538
66	45	4.03411
66	47	4.01783
66	64	1.55687
66	93	5.64759
66	96	3.69693
66	104	6.98917
66	128	5.26364
66	140	5.52065
66	149	5.36923
66	159	9.55302
66	162	6.30535
66	174	6.12692
66	188	7.22967
66	199	7.59103
67	29	2.10643
67	70	2.96367
67	87	3.71519
67	102	4.51149
67	112	3.30006
67	140	5.65017
67	152	5.71572
67	155	6.15175
67	161	5.96798
67	175	6.11138
67	177	6.98769
67	181	6.31819
67	193	7.14484
67	197	7.57411
67	200	10.2221
68	61	4.05558
68	104	4.01496
68	121	4.73936
68	134	4.34319
68	150	6.59312
68	151	5.25648
68	153	4.19984
68	156	4.77803
68	169	6.54777
68	170	6.48124
68	181	6.20348
68	188	7.42857
68	189	7.39408
68	193	7.48397
68	198	8.34605
69	3	2.92174
69	33	1.0411
69	70	4.64109
69	78	3.84929
69	86	6.037
69	89	6.35147
69	114	3.25688
69	137	5.07876
69	143	5.05631
69	153	5.89801
69	159	4.90869
69	169	6.33777
69	172	6.36944
69	180	6.24603
69	181	6.44733
70	20	2.40129
70	67	4.95381
70	90	5.04191
70	111	2.52774
70	129	5.79562
70	138	5.87809
70	141	6.07694
70	152	2.53621
70	160	6.53836
70	168	6.59228
70	170	6.91059
70	185	5.3825
70	190	5.72688
70	195	7.80507
70	197	8.34259
71	48	3.74636
71	74	3.58499
71	92	5.25668
71	102	4.5512
71	111	4.5394
71	128	5.43287
71	154	6.2011
71	160	5.80959
71	168	5.8635
71	174	6.29615
71	180	6.1566
71	182	5.14084
71	186	7.05241
71	189	8.75562
71	190	6.97641
72	23	4.52354
72	49	5.90303
72	61	3.78357
72	79	3.4762
72	129	5.09426
72	135	4.3984
72	145	5.26144
72	147	5.09056
72	154	5.44212
72	164	6.6689
72	166	6.79768
72	170	6.20923
72	189	7.12207
72	193	7.65013
72	196	8.03016
73	4	4.05015
73	9	3.31323
73	49	5.49939
73	77	5.09705
73	78	4.32984
73	96	4.43614
73	122	4.67815
73	132	5.0925
73	140	6.25986
73	146	4.19802
73	160	6.37957
73	162	5.19903
73	164	7.21146
73	181	6.92788
73	196	7.62652
74	20	8.35571
74	37	3.78202
74	52	4.18827
74	53	3.99144
74	71	3.53818
74	94	3.16747
74	134	5.41651
74	137	4.51805
74	159	4.89099
74	170	6.25355
74	176	7.06389
74	183	6.8073
74	188	7.47063
74	190	7.04815
74	192	7.23003
75	23	4.01405
75	30	5.1151
75	34	9.40712
75	61	3.23845
75	74	3.71468
75	118	4.76367
75	127	4.81278
75	130	5.02343
75	135	4.50067
75	142	5.25035
75	151	6.44966
75	175	5.90959
75	177	7.15709
75	179	7.18075
75	197	7.7435
76	11	3.58161
76	38	3.74637
76	45	4.25257
76	58	3.45662
76	74	3.63422
76	94	5.75696
76	117	4.47851
76	129	5.18093
76	149	5.90922
76	172	6.32924
76	180	6.20583
76	192	7.33731
76	197	7.66304
76	198	8.09585
76	200	7.54692
77	7	3.75102
77	10	3.22242
77	81	3.25291
77	109	5.77667
77	129	5.79176
77	143	5.6918
77	158	6.10145
77	174	7.02107
77	180	4.93242
77	185	5.07582
77	190	5.4202
77	193	7.90946
77	195	7.49839
77	199	8.48518
77	200	6.73593
78	1	3.61076
78	22	4.25439
78	24	5.33469
78	31	4.73612
78	44	3.23079
78	69	3.53312
78	80	4.0964
78	126	5.82949
78	130	5.82416
78	137	5.13298
78	143	5.17181
78	144	4.88136
78	166	6.97519
78	176	7.67882
78	195	7.64228
79	4	3.59455
79	11	3.64677
79	43	3.79477
79	53	4.03409
79	54	2.47082
79	64	3.01834
79	105	3.44915
79	146	5.27801
79	153	5.92296
79	156	6.17412
79	158	5.49092
79	159	11.0145
79	165	5.94405
79	174	6.41054
79	182	6.98431
80	35	3.44414
80	57	4.88796
80	82	4.26168
80	93	6.01003
80	128	5.62608
80	136	5.43378
80	139	4.86927
80	161	6.20089
80	165	6.02287
80	168	6.05671
80	171	6.93367
80	178	7.24816
80	182	5.02367
80	196	7.96603
80	197	7.53529
81	11	4.97134
81	35	2.88722
81	49	3.58061
81	66	2.7066
81	68	3.59564
81	121	4.07622
81	136	5.60169
81	157	5.60844
81	163	6.11483
81	170	5.8181
81	174	5.93244
81	185	6.62574
81	191	7.04322
81	197	7.2501
81	198	7.68291
82	23	4.17675
82	49	4.23671
82	60	3.19801
82	75	4.00668
82	84	4.35849
82	101	4.9892
82	143	5.25927
82	153	6.10097
82	157	6.26455
82	163	5.4841
82	168	6.15589
82	175	6.44348
82	182	7.16231
82	193	7.47693
82	198	8.01922
83	22	3.71972
83	43	3.35063
83	47	3.8573
83	78	3.4301
83	98	2.52956
83	122	5.55906
83	126	5.29481
83	131	6.09321
83	153	5.47882
83	156	5.72998
83	173	6.6467
83	189	6.7649
83	191	7.07718
83	197	7.28406
83	198	7.71687
84	22	4.34499
84	36	5.18362
84	41	4.06398
84	45	4.23767
84	80	3.78807
84	103	4.33918
84	120	5.22805
84	131	6.71848
84	142	5.41617
84	158	5.67205
84	181	6.65342
84	182	5.28475
84	184	7.08371
84	185	7.28497
84	197	7.79637
85	34	3.2294
85	39	3.29035
85	40	3.54446
85	73	5.1967
85	74	4.385
85	83	2.93014
85	87	4.55491
85	95	5.49324
85	112	4.13978
85	123	5.31162
85	138	5.20673
85	146	5.96364
85	184	7.5882
85	188	8.19891
85	192	7.28713
86	6	4.40906
86	12	3.69677
86	53	3.98957
86	56	4.20229
86	69	8.04986
86	77	4.59693
86	89	4.89788
86	96	3.93603
86	119	4.91419
86	144	6.25967
86	147	5.13301
86	182	6.93979
86	187	7.34268
86	188	7.46877
86	190	7.04628
87	26	2.12357
87	50	3.2905
87	94	3.21228
87	100	5.34552
87	123	4.66692
87	138	5.26586
87	157	6.0887
87	173	6.38433
87	175	6.26763
87	177	7.14394
87	179	5.42973
87	180	6.27314
87	193	7.8691
87	194	7.84995
87	197	7.73036
88	5	2.83614
88	14	2.84607
88	27	3.03232
88	73	4.52978
88	124	4.81927
88	131	6.55606
88	136	4.20771
88	140	5.82297
88	145	5.36712
88	171	5.70827
88	175	7.96744
88	179	9.23859
88	184	6.92128
88	189	7.22775
88	194	7.86649
89	46	3.40285
89	63	3.46166
89	88	4.00933
89	100	3.67484
89	101	4.80689
89	107	4.70244
89	111	4.76597
89	115	5.40071
89	126	5.2756
89	135	6.43809
89	144	6.44093
89	161	6.23425
89	162	6.70116
89	188	7.62547
89	192	7.38486
90	67	3.81616
90	84	4.52031
90	100	3.90248
90	128	5.88708
90	129	5.52106
90	136	5.69479
90	137	5.44355
90	147	5.1533
90	148	5.96672
90	154	5.86891
90	160	4.96851
90	163	4.99153
90	184	7.09228
90	189	7.54887
90	194	6.92474
91	14	3.18314
91	22	4.51963
91	47	1.83096
91	81	2.99815
91	97	4.85386
91	109	5.52191
91	133	5.38158
91	147	5.5333
91	157	6.44231
91	188	7.86905
91	190	6.42756
91	195	8.50574
91	196	8.24298
91	197	8.08397
91	200	7.74328
92	5	3.44441
92	15	3.57921
92	17	1.39519
92	46	3.65314
92	49	4.42119
92	59	5.34025
92	71	4.52232
92	95	5.17009
92	97	4.86057
92	112	8.51146
92	117	5.77439
92	168	6.34037
92	174	6.77302
92	175	6.62795
92	184	7.26506
93	5	4.22623
93	9	4.00193
93	10	4.11506
93	25	3.57118
93	54	4.71845
93	74	4.84367
93	105	4.59344
93	128	6.69155
93	147	4.83844
93	165	5.77587
93	169	4.29838
93	170	6.41284
93	189	8.35333
93	194	6.60988
93	199	9.01894
94	70	4.23884
94	85	5.11962
94	118	4.32116
94	129	5.68859
94	141	5.99219
94	167	5.80442
94	172	5.96719
94	178	5.24708
94	182	6.55711
94	188	7.08608
94	189	6.78184
94	192	7.84497
94	195	7.12454
94	197	7.30099
94	200	7.18487
95	7	3.6099
95	74	4.16878
95	76	4.12554
95	96	4.44995
95	128	3.58587
95	152	6.19775
95	154	5.99849
95	155	3.88423
95	166	7.35406
95	170	6.76561
95	172	6.8638
95	173	5.81585
95	186	7.6362
95	193	7.30062
95	199	7.06173
96	31	2.93121
96	39	3.83713
96	45	4.32169
96	61	3.8745
96	90	4.43148
96	109	5.17009
96	137	5.10768
96	149	5.6568
96	152	4.95284
96	174	6.4145
96	181	6.47624
96	187	7.39116
96	190	8.14352
96	192	7.27663
96	195	10.2217
97	41	4.21139
97	44	3.4688
97	90	3.03255
97	101	4.65307
97	103	4.4866
97	108	4.34059
97	131	4.0391
97	169	4.76966
97	173	7.41939
97	177	5.59025
97	193	7.62748
97	195	7.88029
97	196	8.21575
97	197	8.05674
97	198	7.68309
98	27	2.62959
98	78	7.05275
98	94	2.82609
98	99	3.63819
98	104	3.44589
98	116	4.2429
98	155	5.92182
98	163	6.2089
98	175	5.88145
98	176	8.86812
98	186	6.78277
98	195	7.16771
98	198	7.77699
98	199	7.49062
98	200	7.22805
99	25	3.81274
99	38	1.74077
99	46	5.64543
99	79	3.60445
99	97	4.53938
99	154	5.57037
99	157	6.12783
99	166	6.92593
99	168	6.25924
99	169	6.40401
99	186	7.20808
99	193	7.62499
99	197	7.76948
99	199	7.3861
99	200	7.65336
100	38	2.62859
100	52	4.50396
100	116	4.43344
100	126	5.54547
100	140	5.61078
100	149	5.45936
100	153	5.72948
100	155	5.09642
100	168	7.14706
100	170	6.10272
100	174	6.21706
100	176	5.88519
100	191	7.32784
100	194	7.65431
100	200	7.4186
101	10	3.38057
101	13	4.73957
101	16	4.41879
101	24	2.11118
101	51	4.08464
101	79	3.97297
101	92	5.04809
101	154	5.93889
101	171	6.09937
101	172	6.1587
101	177	6.32593
101	179	5.83737
101	185	7.51364
101	191	7.06582
101	200	8.02188
102	40	3.25469
102	87	4.17066
102	92	5.03415
102	98	3.36956
102	99	3.85683
102	113	4.679
102	130	5.40398
102	147	5.57338
102	155	4.64993
102	169	6.75858
102	173	6.58155
102	179	5.82343
102	181	6.86814
102	183	6.92902
102	186	7.56265
103	42	3.60152
103	54	3.68429
103	63	3.45961
103	87	3.97941
103	93	6.04134
103	108	4.12217
103	109	4.47837
103	140	6.74845
103	164	6.95931
103	182	7.09444
103	183	6.96007
103	185	7.21397
103	186	7.42747
103	191	7.63145
103	197	7.83833
104	3	2.86477
104	9	9.41615
104	36	3.48662
104	40	2.77691
104	54	0.888458
104	66	7.15189
104	127	4.71555
104	159	9.43213
104	161	6.04014
104	173	7.00891
104	176	5.99674
104	180	6.18906
104	189	7.12711
104	190	7.00887
104	193	7.217
105	2	8.27118
105	47	4.03724
105	72	3.36706
105	82	3.91866
105	86	3.5256
105	91	4.33886
105	114	6.67036
105	119	4.6945
105	157	5.82234
105	168	5.71369
105	173	6.82664
105	175	7.73523
105	187	7.12299
105	194	7.58359
105	198	7.89681
106	54	3.07965
106	100	3.06815
106	105	6.15974
106	136	4.38756
106	137	4.60921
106	146	4.78351
106	165	5.44954
106	166	6.39014
106	171	5.19506
106	172	5.89989
106	180	5.77648
106	189	6.71453
106	191	7.02681
106	196	7.3927
106	198	7.6665
107	54	3.95257
107	63	3.72789
107	103	3.54835
107	119	2.52083
107	144	5.16923
107	157	4.09645
107	174	6.78895
107	181	5.7171
107	186	6.56299
107	187	6.80517
107	191	7.89973
107	193	7.67734
107	198	8.53942
107	199	8.25306
107	200	7.99049
108	14	4.11643
108	45	4.70503
108	76	3.67937
108	89	4.08455
108	101	4.71794
108	116	4.65017
108	125	4.51392
108	127	4.82072
108	143	5.10451
108	149	5.67608
108	177	7.16502
108	178	7.97659
108	180	6.29423
108	188	7.53652
108	197	8.26373
109	9	3.47123
109	19	2.70996
109	49	4.6723
109	70	5.27964
109	107	2.88861
109	151	5.58217
109	154	6.14268
109	156	5.10372
109	157	4.90852
109	167	6.84522
109	170	6.90979
109	176	6.69226
109	183	7.46353
109	184	7.51617
109	188	7.75425
110	7	4.3873
110	15	4.25557
110	35	4.40416
110	42	4.53023
110	58	3.60374
110	62	2.77834
110	121	3.86905
110	123	5.7036
110	161	4.17797
110	179	6.46641
110	182	8.02315
110	184	6.45175
110	190	8.12964
110	193	8.33777
110	198	6.88613
111	7	3.45465
111	16	4.32315
111	28	3.56662
111	72	3.94543
111	91	2.41567
111	121	4.86848
111	154	5.84325
111	165	6.25821
111	168	6.29205
111	183	7.1641
111	185	7.00982
111	192	7.58683
111	193	7.61309
111	195	9.43239
111	200	8.66993
112	14	5.1489
112	17	2.2789
112	48	3.65306
112	56	4.03913
112	59	6.22396
112	62	3.52017
112	116	4.41925
112	141	5.25487
112	150	6.2004
112	164	6.54819
112	173	6.88316
112	185	6.89616
112	190	6.88312
112	194	7.64011
112	198	7.95333
113	64	4.27208
113	93	6.05546
113	102	4.78983
113	116	4.75117
113	130	4.95351
113	134	5.16079
113	137	4.26233
113	139	5.857
113	157	6.21079
113	159	5.05789
113	173	7.21509
113	176	6.80817
113	177	7.26603
113	198	8.28526
113	199	7.9989
114	12	3.30102
114	16	3.814
114	41	3.99478
114	106	8.32216
114	139	4.35018
114	163	6.15266
114	173	6.65057
114	178	5.23401
114	179	9.5752
114	183	6.40968
114	189	6.76877
114	191	7.08105
114	192	6.8324
114	193	6.85866
114	198	7.72074
115	6	4.61833
115	19	3.7384
115	50	3.48785
115	54	3.77367
115	107	4.78977
115	126	5.30362
115	134	4.35766
115	135	6.46612
115	139	4.98996
115	144	6.46895
115	168	6.1774
115	182	7.18382
115	186	7.3663
115	188	7.71279
115	192	7.47218
116	17	4.98378
116	21	3.22183
116	77	1.08217
116	78	4.18713
116	126	6.05184
116	127	4.05073
116	132	6.09191
116	145	6.09545
116	151	6.74724
116	165	6.25694
116	175	6.57836
116	180	7.01595
116	182	7.2972
116	191	7.83421
116	200	8.81946
117	60	3.49534
117	84	4.61436
117	92	5.76781
117	98	3.23928
117	106	2.93904
117	130	5.2737
117	132	6.04459
117	145	5.61399
117	150	6.67365
117	166	7.15022
117	170	6.56177
117	176	6.34424
117	182	5.65196
117	183	7.11552
117	197	8.16359
118	29	0.988078
118	44	2.50912
118	87	4.2384
118	105	3.81827
118	109	5.53526
118	129	5.55035
118	132	6.14814
118	133	6.74207
118	140	6.17339
118	165	6.31317
118	170	6.66532
118	175	6.6346
118	177	7.5109
118	185	7.44367
118	200	9.10377
119	24	5.73824
119	91	5.09715
119	94	3.70421
119	117	5.03776
119	129	5.67531
119	146	5.7721
119	147	5.67162
119	151	5.00825
119	154	6.02317
119	172	6.88848
119	181	5.95524
119	186	6.80114
119	187	7.04331
119	188	7.18034
119	200	8.10616
120	13	4.86723
120	85	4.1948
120	87	4.40673
120	92	5.17575
120	108	4.5495
120	127	5.33493
120	130	5.54558
120	135	5.02282
120	138	4.83975
120	141	5.06737
120	149	5.49206
120	174	6.94799
120	192	6.92015
120	193	7.83638
120	195	8.08919
121	36	3.7786
121	70	4.8761
121	124	5.01061
121	128	5.7573
121	134	4.3682
121	144	5.00087
121	159	5.14369
121	162	6.79902
121	169	5.38226
121	172	6.03561
121	174	8.31312
121	178	5.88433
121	192	7.48272
121	193	7.50898
121	198	8.29569
122	17	4.70453
122	61	4.17356
122	83	11.7396
122	94	3.24376
122	106	6.86281
122	124	4.8342
122	132	5.81266
122	133	5.43447
122	145	5.38205
122	150	6.44172
122	151	6.46799
122	160	5.95761
122	179	8.11586
122	186	7.20043
122	198	8.19465
123	17	4.93209
123	36	3.82974
123	39	3.47375
123	55	4.08099
123	76	4.81421
123	85	4.74518
123	95	5.0688
123	103	4.41925
123	120	4.38921
123	156	6.43531
123	169	6.62392
123	183	7.11114
123	189	7.47024
123	192	7.47053
123	194	8.10898
124	7	3.47679
124	10	3.30707
124	51	4.01114
124	71	4.15913
124	100	3.89896
124	101	5.031
124	113	4.61944
124	155	6.64214
124	157	6.42284
124	164	7.09217
124	178	7.76216
124	182	5.53767
124	194	8.18409
124	197	8.0493
124	199	8.21095
125	3	4.36997
125	8	4.45665
125	36	3.75222
125	42	3.67506
125	55	5.47248
125	60	3.41344
125	112	3.63783
125	113	4.83691
125	129	5.3649
125	134	6.35043
125	150	6.59175
125	184	7.08625
125	187	7.57087
125	194	8.03146
125	198	8.34468
126	6	4.47817
126	9	3.58917
126	31	5.37711
126	44	3.87178
126	60	3.9613
126	63	4.08101
126	66	3.91624
126	81	3.37391
126	115	5.28857
126	135	6.32596
126	144	6.32879
126	156	6.90565
126	157	6.81807
126	165	6.67558
126	198	8.89254
127	7	3.40071
127	69	3.7028
127	124	5.06078
127	126	5.99917
127	133	6.1077
127	134	4.41837
127	158	5.75114
127	161	6.38229
127	176	6.33889
127	177	7.402
127	180	6.6659
127	185	6.8093
127	190	7.15368
127	197	7.98842
127	199	8.13487
128	23	4.64258
128	44	3.79101
128	47	4.95221
128	76	4.3069
128	87	3.87351
128	108	4.66281
128	114	3.9326
128	117	5.19443
128	161	6.77283
128	162	5.72171
128	163	7.24369
128	185	7.75461
128	193	7.76917
128	197	8.37896
128	199	7.53028
129	3	3.41997
129	4	5.56264
129	65	4.89701
129	100	4.03593
129	106	3.14674
129	118	5.22164
129	119	5.43198
129	120	4.21389
129	132	6.2523
129	138	5.21481
129	149	5.86711
129	176	6.55194
129	184	7.37585
129	189	7.68232
129	192	7.29521
130	4	3.97884
130	30	5.48408
130	53	4.41838
130	65	4.80802
130	80	4.39015
130	90	4.81181
130	94	3.59441
130	111	5.03807
130	114	3.66612
130	125	6.62719
130	136	5.73925
130	158	7.35644
130	176	7.37441
130	185	7.48813
130	195	7.93603
131	6	4.1048
131	12	4.85403
131	38	4.92426
131	40	3.97158
131	57	2.6327
131	69	4.55533
131	72	4.74401
131	74	4.81211
131	121	4.77328
131	133	6.51357
131	160	5.23221
131	167	5.33591
131	177	5.69751
131	192	8.38541
131	198	7.79035
132	4	4.29134
132	56	2.75484
132	64	4.84461
132	72	4.1103
132	82	4.87964
132	95	3.65126
132	97	5.19488
132	100	5.95612
132	103	4.85484
132	107	5.28704
132	114	3.97862
132	131	7.23414
132	162	6.43223
132	178	6.37106
132	191	8.2181
133	23	4.52191
133	24	5.76732
133	60	3.75293
133	76	4.17929
133	77	1.7967
133	84	4.70365
133	86	4.31296
133	93	6.45437
133	96	6.33776
133	111	5.01911
133	125	5.01384
133	156	6.69728
133	158	6.01408
133	180	7.73047
133	182	7.50747
134	27	2.93875
134	55	4.86624
134	74	4.40007
134	98	9.15176
134	105	3.37428
134	113	4.23067
134	131	6.46249
134	175	6.19061
134	183	6.77508
134	189	7.13418
134	191	7.44645
134	194	7.77292
134	196	7.81234
134	198	8.08615
134	199	7.79978
135	52	4.29493
135	61	3.93455
135	69	8.60923
135	86	5.14277
135	88	3.96116
135	123	4.72877
135	126	5.65371
135	133	5.46484
135	138	5.32771
135	144	6.81904
135	153	5.98697
135	183	6.91396
135	186	7.23081
135	193	7.36294
135	198	8.22502
136	6	3.49338
136	11	2.27168
136	38	4.31285
136	64	4.64915
136	81	8.89478
136	90	4.92884
136	95	5.30893
136	122	3.07088
136	160	6.4253
136	161	6.62339
136	175	6.66176
136	179	7.93291
136	185	7.60516
136	190	7.59212
136	193	7.80025
137	15	2.25626
137	117	4.91679
137	122	4.59567
137	125	6.2342
137	138	5.63681
137	139	6.03026
137	143	5.45438
137	158	6.96346
137	176	6.98142
137	178	6.0474
137	182	7.35743
137	184	7.27569
137	185	7.47696
137	192	7.64579
137	199	8.24776
138	27	3.40564
138	29	4.98768
138	55	4.21182
138	76	4.5728
138	121	4.94634
138	129	5.07275
138	141	5.37635
138	147	5.56955
138	149	5.80103
138	164	7.14789
138	175	6.6575
138	176	6.47069
138	192	7.22913
138	196	8.27923
138	199	8.26667
139	65	4.59891
139	74	4.67852
139	115	4.59434
139	130	5.81537
139	134	6.02265
139	137	5.12419
139	138	5.43888
139	148	5.80208
139	152	5.90353
139	153	6.09815
139	173	7.26603
139	179	5.60276
139	186	7.34198
139	189	7.38423
139	199	8.04983
140	13	2.63208
140	16	4.64343
140	19	3.63139
140	22	4.7983
140	60	3.86421
140	63	3.98392
140	68	4.45342
140	75	4.46312
140	99	4.65666
140	119	4.25432
140	156	6.02515
140	158	6.12536
140	183	7.48438
140	193	7.93337
140	198	8.79545
141	12	4.21658
141	63	5.72958
141	66	3.65999
141	73	4.98636
141	85	4.63235
141	90	4.90281
141	94	5.77735
141	100	4.03795
141	108	4.48733
141	129	5.20132
141	152	6.20364
141	173	7.56613
141	177	7.61707
141	185	7.57913
141	199	8.34994
142	20	2.16798
142	52	4.58174
142	84	4.56157
142	112	3.83524
142	131	6.91843
142	135	4.86645
142	148	6.00797
142	149	6.03392
142	150	5.42411
142	155	5.1742
142	157	6.46762
142	169	6.74381
142	171	6.07065
142	173	7.10582
142	191	7.9024
143	4	3.84721
143	9	3.11029
143	95	3.50328
143	134	4.41081
143	136	5.60762
143	145	5.60107
143	155	4.91532
143	163	6.84558
143	164	7.00853
143	170	6.54886
143	179	5.68023
143	191	7.77398
143	193	8.33171
143	196	8.71174
143	200	7.86474
144	32	3.79903
144	69	8.4492
144	85	5.21239
144	86	4.98275
144	93	6.05365
144	113	4.40558
144	115	5.6188
144	126	5.49368
144	136	5.47741
144	162	6.71141
144	165	6.06649
144	176	6.20111
144	191	7.64376
144	198	8.28345
144	200	7.73452
145	10	5.75531
145	43	4.15969
145	46	3.65559
145	91	3.01455
145	108	4.37697
145	111	4.75395
145	113	4.64807
145	131	6.90228
145	155	6.67077
145	162	6.9539
145	180	7.46531
145	189	7.57397
145	194	8.21272
145	195	10.0313
145	199	8.23958
146	41	4.23021
146	101	5.04207
146	113	4.6305
146	131	6.88471
146	134	4.50552
146	142	6.18292
146	154	5.87645
146	162	5.88607
146	163	6.94029
146	173	6.44876
146	183	6.79624
146	187	7.73456
146	190	7.43816
146	191	7.86868
146	196	8.31356
147	84	4.47037
147	97	4.13012
147	119	5.24859
147	131	4.74179
147	133	5.69071
147	148	5.91678
147	157	6.37643
147	160	5.82764
147	173	7.38073
147	174	8.40321
147	180	6.56087
147	183	7.13983
147	189	7.49893
147	193	7.58881
147	198	8.38578
148	19	2.92686
148	32	4.18073
148	56	4.75095
148	96	4.48468
148	106	3.17761
148	123	5.1689
148	136	5.8591
148	140	6.91293
148	150	6.91222
148	157	5.12541
148	164	7.12379
148	178	6.17842
148	181	6.74606
148	196	8.39135
148	197	8.23234
149	28	3.76217
149	38	4.32123
149	39	3.48909
149	63	5.85775
149	84	4.69019
149	94	5.90552
149	102	5.17529
149	133	5.91053
149	139	5.30015
149	147	5.68723
149	158	6.00062
149	169	6.87243
149	172	6.9041
149	186	7.6765
149	192	7.48587
150	21	5.51171
150	28	4.04748
150	35	4.21522
150	72	3.46691
150	104	4.62493
150	107	5.38527
150	116	5.42194
150	121	5.34933
150	123	5.45977
150	134	4.95317
150	146	4.78784
150	152	6.52336
150	180	7.066
150	183	6.69901
150	199	7.59741
151	8	4.4664
151	30	2.47667
151	35	4.18428
151	71	4.39979
151	78	4.6932
151	96	4.79951
151	97	5.31705
151	107	3.12259
151	153	4.75951
151	154	6.34805
151	157	5.1425
151	159	5.7526
151	186	7.60904
151	192	8.09163
151	193	8.11789
152	94	3.70468
152	96	5.19414
152	103	4.65261
152	105	3.9437
152	110	6.25101
152	114	3.77639
152	116	4.21031
152	145	5.66637
152	171	6.18412
152	179	5.92213
152	184	7.39713
152	195	9.15283
152	196	8.38176
152	199	8.3692
152	200	8.39037
153	49	4.63867
153	62	4.30781
153	72	4.21123
153	116	5.20689
153	120	5.62688
153	136	5.93492
153	156	4.89441
153	164	6.69758
153	178	6.25424
153	181	6.31985
153	186	7.16574
153	187	7.40792
153	193	7.87889
153	194	8.42775
153	198	8.74097
154	8	4.62636
154	34	2.89715
154	46	3.64404
154	59	5.21193
154	108	5.65408
154	114	3.63521
154	124	5.53293
154	126	6.09232
154	140	6.15764
154	158	5.8443
154	164	7.10924
154	175	6.61885
154	188	7.86666
154	189	9.38732
154	196	8.24058
155	6	3.68821
155	40	3.55499
155	46	5.69076
155	62	4.424
155	90	5.12367
155	96	4.6767
155	104	4.52607
155	132	5.51633
155	160	6.62013
155	164	7.45202
155	181	7.16844
155	183	6.53303
155	190	7.78695
155	196	8.05035
155	199	7.43143
156	43	4.44785
156	91	5.25615
156	103	4.3194
156	113	4.93623
156	115	5.07224
156	146	5.9311
156	150	7.06116
156	153	4.48452
156	157	4.86751
156	164	6.86589
156	166	4.25161
156	184	7.55566
156	186	7.33405
156	196	8.54029
156	199	8.52773
157	58	4.11901
157	75	4.4259
157	91	5.20029
157	121	5.15155
157	135	5.08259
157	138	5.86092
157	140	6.60372
157	150	7.0053
157	164	6.81458
157	166	4.2003
157	167	6.82885
157	179	6.0248
157	187	7.52492
157	188	7.66194
157	199	8.47187
158	3	4.19581
158	19	3.82855
158	21	5.00635
158	59	3.33464
158	78	6.00828
158	79	3.85283
158	113	4.66275
158	134	6.17627
158	149	5.9425
158	153	6.21262
158	160	6.21363
158	161	6.41172
158	174	6.70019
158	184	7.19223
158	196	8.17686
159	28	3.02484
159	50	3.46672
159	62	3.90622
159	66	7.13899
159	95	4.98599
159	108	4.19042
159	132	5.9574
159	152	5.90673
159	169	6.54111
159	171	5.86795
159	176	6.25705
159	181	6.65066
159	183	7.02832
159	187	7.56558
159	198	8.33939
160	52	4.70088
160	55	4.28977
160	56	4.71678
160	82	4.24868
160	92	5.10826
160	99	4.49219
160	121	5.10898
160	155	6.77581
160	165	6.69013
160	170	7.3271
160	171	6.15954
160	186	7.63676
160	188	7.98325
160	192	7.74264
160	198	8.12606
161	46	3.78694
161	65	3.64967
161	112	3.95043
161	130	5.5044
161	149	6.14912
161	155	6.80212
161	162	7.08525
161	165	6.59291
161	167	5.57439
161	172	5.76875
161	173	7.58712
161	185	7.60012
161	186	7.66307
161	192	7.76895
161	194	7.42691
162	34	3.22893
162	37	4.50982
162	51	3.83041
162	72	3.81391
162	81	3.32753
162	89	4.74646
162	100	5.65973
162	102	4.75599
162	127	5.48263
162	145	6.03356
162	167	6.91678
162	168	6.81755
162	169	7.04788
162	180	6.95613
162	192	7.95782
163	25	4.4561
163	29	5.28391
163	81	3.33063
163	93	3.03584
163	105	4.1374
163	123	5.35302
163	128	6.23551
163	148	6.31515
163	151	7.1226
163	164	7.44412
163	167	5.64227
163	174	8.11415
163	178	6.36253
163	184	7.66234
163	190	7.77905
164	10	3.66336
164	30	2.84814
164	53	4.72668
164	59	3.73758
164	71	4.27341
164	100	4.25525
164	103	4.96586
164	106	3.36605
164	107	3.49406
164	127	5.49007
164	148	5.97564
164	149	6.34543
164	166	4.89807
164	195	8.24433
164	200	8.30467
165	27	4.34838
165	70	5.0433
165	79	3.94043
165	103	4.53531
165	109	5.54339
165	125	4.86794
165	161	5.77759
165	170	7.68679
165	178	6.05154
165	186	7.54405
165	192	7.64993
165	193	7.67619
165	194	7.88383
165	195	7.929
165	196	8.26446
166	25	4.61982
166	42	4.33976
166	68	2.92545
166	91	5.45143
166	125	5.33904
166	140	6.08949
166	148	4.76365
166	164	6.30035
166	186	6.76852
166	187	7.01069
166	188	7.14772
166	189	8.05741
166	190	7.93916
166	195	8.40011
166	198	9.00938
167	26	4.25521
167	121	5.06685
167	127	5.28879
167	130	5.49944
167	146	5.76932
167	147	5.71057
167	152	6.21966
167	170	7.28497
167	171	6.18088
167	175	6.75678
167	178	6.16559
167	181	6.96359
167	185	7.59515
167	191	6.73097
167	194	7.48201
168	20	2.17711
168	42	5.96967
168	50	3.67855
168	87	4.50541
168	128	4.68632
168	135	4.87557
168	142	6.65047
168	156	6.56433
168	158	5.88113
168	170	6.68641
168	171	6.07978
168	177	7.53199
168	182	7.37452
168	188	7.90349
168	190	7.48101
169	15	3.76388
169	89	4.60845
169	122	4.7697
169	124	5.34771
169	141	6.00969
169	147	5.52054
169	154	6.07623
169	160	5.33576
169	168	6.52503
169	171	6.23671
169	174	7.91134
169	176	6.62581
169	184	7.45952
169	191	6.54094
169	200	8.15922
170	2	3.85497
170	55	4.28669
170	79	4.03007
170	88	4.36404
170	90	4.02842
170	92	5.10519
170	94	3.67702
170	126	6.20585
170	142	5.70194
170	161	5.9708
170	167	6.22451
170	172	6.41888
170	180	6.73788
170	182	7.45121
170	196	8.3541
171	26	4.02232
171	35	3.62373
171	42	3.7498
171	75	4.08709
171	133	5.65924
171	136	5.61338
171	154	6.87673
171	170	6.55461
171	175	6.52389
171	178	8.04097
171	185	7.36225
171	187	7.64561
171	195	7.81015
171	197	8.3281
171	200	7.87049
172	30	5.60691
172	33	1.57317
172	53	4.39105
172	85	5.59706
172	135	4.99248
172	143	5.58839
172	151	6.94147
172	155	6.81296
172	160	5.55476
172	164	7.26299
172	170	7.31394
172	185	7.61096
172	191	6.75995
172	192	7.77979
172	194	7.51099
173	4	4.35052
173	18	4.03312
173	20	2.54286
173	71	4.33679
173	95	3.51291
173	97	5.25405
173	104	4.58588
173	114	4.0378
173	130	5.76409
173	139	5.54641
173	143	6.14343
173	146	5.29288
173	151	7.19031
173	162	6.29389
173	172	7.15036
174	40	3.32159
174	52	4.69366
174	70	5.1288
174	72	4.09401
174	86	4.25255
174	110	3.5243
174	128	6.01
174	146	5.74076
174	148	6.08964
174	152	6.1911
174	160	6.37196
174	161	6.22195
174	169	6.01668
174	171	6.15232
174	200	8.07483
175	5	2.77303
175	33	1.45865
175	41	3.59506
175	50	3.68094
175	81	10.1374
175	88	6.0625
175	118	5.14097
175	122	4.31346
175	151	6.82695
175	158	5.88352
175	167	6.62423
175	178	6.06688
175	192	7.66527
175	194	8.24039
175	199	8.26725
176	57	5.14542
176	62	4.06413
176	78	5.79512
176	79	3.89945
176	90	4.7638
176	101	5.03099
176	104	4.1662
176	110	6.09274
176	125	6.86326
176	130	5.75583
176	139	6.65932
176	189	7.54532
176	196	8.22349
176	198	8.49729
176	200	7.94836
177	5	3.85128
177	17	5.44024
177	42	4.26074
177	53	4.3523
177	55	4.58914
177	61	4.63989
177	65	3.695
177	99	4.79157
177	118	5.51771
177	141	6.23189
177	161	5.366
177	172	5.81408
177	187	8.15654
177	191	6.7212
177	194	7.47224
178	37	2.9704
178	48	4.04795
178	96	4.16775
178	124	5.71264
178	146	5.46522
178	158	5.67812
178	159	5.12084
178	169	6.54993
178	171	7.86225
178	177	7.32898
178	190	7.278
178	196	8.07441
178	197	8.46387
178	198	8.34822
178	199	8.06185
179	22	4.33744
179	39	4.00675
179	75	2.41094
179	81	10.1496
179	82	4.35644
179	132	5.95261
179	151	6.60794
179	153	6.09655
179	165	6.11764
179	167	6.40521
179	180	6.44457
179	192	7.44626
179	194	8.02137
179	195	7.72533
179	197	7.90178
180	47	3.2212
180	57	5.13185
180	82	4.50557
180	103	4.48076
180	116	4.95346
180	147	5.50024
180	169	6.68544
180	171	6.01228
180	173	7.41355
180	174	6.73325
180	184	7.22529
180	185	7.47341
180	192	7.59538
180	194	8.1705
180	195	9.89598
181	12	4.13255
181	18	3.66842
181	110	6.14772
181	118	5.13963
181	140	6.9625
181	153	4.79199
181	157	5.17499
181	161	6.51333
181	184	7.29384
181	187	7.8837
181	188	8.02073
181	190	7.48206
181	196	8.27847
181	197	8.11946
181	200	8.00334
182	1	4.05265
182	39	4.36559
182	73	5.0435
182	82	4.71528
182	112	7.63471
182	117	4.89764
182	149	6.18527
182	167	6.76405
182	169	6.89515
182	171	6.93411
182	172	6.92682
182	189	8.63889
182	193	7.83135
182	195	8.08416
182	197	7.53574
183	2	3.86674
183	27	3.49228
183	30	5.57846
183	86	4.26846
183	100	5.74056
183	144	5.26949
183	146	5.21566
183	169	6.84139
183	174	6.8892
183	175	6.74414
183	177	7.62045
183	195	8.03041
183	196	8.64416
183	197	8.20686
183	199	8.02524
184	3	3.4394
184	22	2.20274
184	34	3.03648
184	59	3.53769
184	60	3.80775
184	97	4.3733
184	106	3.16617
184	122	4.71526
184	162	7.08167
184	165	7.19303
184	178	6.16698
184	180	6.76369
184	182	7.47701
184	188	8.00598
184	194	8.02703
185	1	4.09294
185	31	2.61261
185	70	1.88219
185	86	4.36252
185	89	4.63402
185	111	4.62577
185	113	4.85586
185	117	5.11638
185	121	5.12704
185	127	4.37191
185	151	7.00706
185	167	6.80434
185	186	7.73951
185	190	7.82491
185	200	9.14064
186	28	3.75365
186	98	3.47489
186	107	3.32041
186	116	5.12811
186	117	5.04485
186	123	5.16595
186	148	5.80199
186	153	4.95733
186	156	5.53553
186	158	5.9921
186	164	7.3387
186	168	6.47907
186	173	7.59203
186	195	8.05292
186	200	8.11326
187	1	4.05119
187	6	3.52302
187	8	4.70178
187	25	4.30242
187	73	5.04204
187	87	4.40024
187	109	4.89531
187	148	5.83955
187	151	6.05153
187	163	7.12389
187	169	6.89369
187	177	7.67274
187	178	6.20524
187	180	6.80195
187	186	7.84442
188	10	3.50306
188	46	3.82295
188	84	4.71277
188	99	4.5545
188	101	5.22699
188	112	3.98644
188	119	3.79783
188	135	5.01765
188	144	5.32311
188	166	4.75756
188	174	6.94282
188	181	6.99411
188	187	8.08218
188	190	7.62308
188	194	8.38007
189	12	4.05476
189	18	3.55091
189	37	3.13684
189	43	4.21103
189	57	5.2254
189	78	4.29051
189	80	4.62201
189	84	5.08108
189	87	4.28554
189	110	6.17272
189	145	5.76468
189	152	6.14461
189	167	6.64789
189	184	7.31884
189	188	7.92955
190	29	0.979548
190	67	7.00644
190	122	4.61767
190	125	4.88579
190	133	6.73354
190	137	5.49883
190	157	6.48165
190	160	6.31908
190	164	7.15098
190	175	6.66058
190	177	7.53689
190	180	7.29174
190	185	7.43514
190	191	7.91643
190	193	7.69404
191	48	4.93567
191	60	3.24591
191	97	3.81146
191	113	4.79605
191	119	5.47161
191	134	4.67106
191	144	5.30373
191	162	7.10188
191	166	7.39756
191	170	7.26815
191	173	7.60375
191	174	8.08455
191	182	7.49722
191	194	7.4652
191	195	8.06465
192	4	5.60162
192	11	4.06371
192	72	4.04821
192	100	3.9796
192	108	4.42898
192	120	4.25287
192	138	5.25379
192	141	5.48141
192	149	5.90609
192	164	7.17281
192	171	6.10651
192	178	6.09122
192	190	7.50774
192	197	8.14514
192	199	8.29159
193	43	4.47751
193	51	4.01735
193	56	2.6454
193	65	4.76078
193	73	3.3811
193	107	4.92731
193	142	6.61963
193	159	5.27069
193	160	6.26102
193	167	6.56867
193	179	5.76462
193	194	8.18484
193	198	8.49806
193	199	8.13135
193	200	7.94913
194	17	5.11515
194	20	2.23116
194	62	4.08335
194	71	4.02508
194	85	5.53421
194	91	5.04733
194	102	5.10985
194	153	6.36722
194	163	5.65602
194	165	6.75522
194	175	6.70973
194	184	7.75677
194	187	7.83146
194	191	6.83819
194	195	7.996
195	1	3.88668
195	3	3.31315
195	32	4.04305
195	44	2.88852
195	58	3.88823
195	77	1.74589
195	85	5.4564
195	110	6.12291
195	118	5.79906
195	129	5.54768
195	139	5.1569
195	152	4.97677
195	166	7.2511
195	173	7.4573
195	184	7.26903
196	8	4.68653
196	24	5.65771
196	39	4.24672
196	58	3.93533
196	68	4.48729
196	73	3.35914
196	132	6.1943
196	138	5.67724
196	142	6.59768
196	144	5.20437
196	145	5.76196
196	150	5.1818
196	154	5.94263
196	168	6.98254
196	181	6.88583
197	12	3.43423
197	30	5.47185
197	39	4.20523
197	106	3.04552
197	108	5.3797
197	142	5.6071
197	143	5.45333
197	156	6.54618
197	162	6.96103
197	166	7.25671
197	171	7.40816
197	175	6.63753
197	182	5.49816
197	189	9.11294
197	191	7.89338
198	18	3.73701
198	37	4.28452
198	53	4.57964
198	58	5.0191
198	62	4.1937
198	69	3.90244
198	77	5.1013
198	95	5.26746
198	130	5.46798
198	132	6.23887
198	146	5.73787
198	167	5.84704
198	172	6.04141
198	195	8.01159
198	196	8.34706
199	25	4.15194
199	59	3.42547
199	73	3.14175
199	119	5.33919
199	122	4.60304
199	123	5.04524
199	129	5.56171
199	132	5.9769
199	161	6.50255
199	168	6.76514
199	173	6.64612
199	182	7.36479
199	194	8.22827
199	196	8.51092
199	197	8.10868
200	21	3.56429
200	42	3.77291
200	92	4.91981
200	101	4.97622
200	116	4.98185
200	124	5.08208
200	127	4.39318
200	138	5.54521
200	166	7.16616
200	167	6.51314
200	170	6.57771
200	184	7.18409
200	185	7.5018
200	191	7.80283
200	194	8.1293
