in-degree distribution (probability density function of the degree in logarithmic bins) 
8.36667	0.214753
10.3667	0.091414
12	0.0466947
13.6818	0.048587
16.4167	0.0225622
19.1667	0.0288122
23.0769	0.0177154
26.4167	0.0139217
31.8571	0.0069137
37.5714	0.00588591
40	0.000715844

in-degree distribution (degree-occurrences) 
8	0.19
9	0.11
10	0.095
11	0.055
12	0.09
13	0.06
14	0.025
15	0.025
16	0.035
17	0.025
18	0.035
19	0.02
20	0.02
21	0.015
22	0.015
23	0.03
24	0.02
25	0.025
26	0.005
27	0.01
28	0.02
30	0.005
31	0.005
32	0.015
33	0.01
35	0.005
37	0.01
38	0.01
39	0.01
40	0.005


--------------------------------------
out-degree distribution (probability density function of the degree in logarithmic bins) 
15	9.52422
16	0.723969

out-degree distribution (degree-occurrences) 
15	0.925
16	0.075


--------------------------------------
community distribution (size-occurrences)
8	0.1
9	0.1
13	0.1
15	0.1
18	0.1
21	0.1
23	0.1
24	0.1
33	0.1
36	0.1


--------------------------------------
mixing parameter (in-links)
0.625	0.05
0.636364	0.015
0.647059	0.005
0.666667	0.145
0.68216	0.045
0.690476	0.105
0.699026	0.165
0.705577	0.055
0.713419	0.07
0.721007	0.06
0.727273	0.04
0.733333	0.005
0.75	0.195
0.769231	0.01
0.777778	0.035

--------------------------------------
mixing parameter (out-links)
0.533333	0.02
0.5625	0.005
0.6	0.085
0.666667	0.365
0.6875	0.03
0.733333	0.36
0.75	0.03
0.802273	0.055
0.866667	0.04
0.933333	0.005
1	0.005

--------------------------------------
mixing parameter (weights)
0.699334	0.005
0.699492	0.01
0.699559	0.005
0.699652	0.005
0.699715	0.005
0.699765	0.01
0.699793	0.01
0.699874	0.06
0.699946	0.15
0.700002	0.44
0.700064	0.185
0.700134	0.07
0.700193	0.02
0.700296	0.01
0.700392	0.01
0.700611	0.005

--------------------------------------
internal weights (weight-occurrences)
0.145657	0.0033557
1.23306	0.0111857
2.09951	0.0324385
2.95552	0.0659955
3.77295	0.090604
4.59952	0.151007
5.43857	0.186801
6.24439	0.151007
7.10258	0.14877
7.89831	0.0928412
8.7241	0.0369128
9.48087	0.01566
10.1524	0.00559284
11.1908	0.00447427
11.7396	0.00111857
16.5262	0.00223714

--------------------------------------
external weights (weight-occurrences)
1.14605	0.00141443
1.6068	0.0018859
2.09621	0.00235738
2.46699	0.00754361
2.86955	0.0132013
3.26211	0.0372466
3.64133	0.0754361
4.03409	0.0740217
4.42384	0.0900519
4.81883	0.0834512
5.20804	0.0806223
5.61933	0.0825083
6.04707	0.0942951
6.4316	0.0707214
6.82072	0.0716643
7.21587	0.067421
7.6079	0.0754361
8.01157	0.0443187
8.34806	0.0235738
8.91298	0.00282885
