in-degree distribution (probability density function of the degree in logarithmic bins) 
7.36508	0.207115
9.35135	0.0999275
11.4167	0.0532485
14.25	0.0291628
17.3333	0.0134761
20.2143	0.0172212
24.6429	0.0141474
30	0.00747141
34.8	0.00340991
44.4444	0.0050423

in-degree distribution (degree-occurrences) 
7	0.2
8	0.115
9	0.12
10	0.065
11	0.07
12	0.05
13	0.005
14	0.05
15	0.025
16	0.005
17	0.02
18	0.02
19	0.02
20	0.025
21	0.015
22	0.01
23	0.005
24	0.04
25	0.01
26	0.005
27	0.01
28	0.01
29	0.005
30	0.02
32	0.005
33	0.005
34	0.015
35	0.005
37	0.005
42	0.01
43	0.015
45	0.01
47	0.005
50	0.005


--------------------------------------
out-degree distribution (probability density function of the degree in logarithmic bins) 
14	3.09521
15	6.78734

out-degree distribution (degree-occurrences) 
14	0.3
15	0.7


--------------------------------------
community distribution (size-occurrences)
17	0.142857
21	0.142857
24	0.142857
26	0.142857
36	0.142857
38	0.285714


--------------------------------------
mixing parameter (in-links)
0.223291	0.04
0.25	0.095
0.263158	0.005
0.271591	0.08
0.278667	0.025
0.287195	0.33
0.300232	0.15
0.310457	0.035
0.318171	0.03
0.333333	0.135
0.363636	0.01
0.375	0.05
0.428571	0.015

--------------------------------------
mixing parameter (out-links)
0	0.035
0.0683673	0.07
0.136797	0.11
0.207143	0.11
0.266667	0.13
0.285714	0.095
0.338481	0.185
0.4	0.115
0.428571	0.005
0.466667	0.05
0.5	0.005
0.533333	0.03
0.587755	0.035
0.714286	0.005
0.733333	0.005
0.8	0.015

--------------------------------------
mixing parameter (weights)
0.299548	0.005
0.299767	0.045
0.299949	0.27
0.300028	0.43
0.30019	0.145
0.300333	0.055
0.3005	0.015
0.300639	0.005
0.300817	0.005
0.30092	0.015
0.301075	0.005
0.302442	0.005

--------------------------------------
internal weights (weight-occurrences)
0.741144	0.00387409
1.34671	0.00774818
1.84394	0.020339
2.37375	0.0300242
2.9109	0.0542373
3.47084	0.0634383
3.96828	0.0949153
4.51607	0.0765133
5.05147	0.0808717
5.61053	0.0876513
6.14827	0.096368
6.67816	0.110896
7.22293	0.101211
7.75668	0.0828087
8.30314	0.0624697
8.69266	0.0150121
9.4537	0.00484262
9.89536	0.00290557
10.3401	0.00242131
11.087	0.00145278

--------------------------------------
external weights (weight-occurrences)
0.124553	0.132571
1.24019	0.0491429
2.1527	0.0514286
2.94594	0.064
3.78364	0.0777143
4.58212	0.0742857
5.43739	0.0422857
6.38818	0.0742857
7.13252	0.088
8.04865	0.0925714
8.82335	0.0937143
9.67686	0.0628571
10.4934	0.0434286
11.4817	0.0205714
12.2813	0.016
13.1705	0.00685714
13.9172	0.00342857
14.6852	0.00114286
15.7283	0.00228571
16.5187	0.00342857
