1	4	6.54195
1	12	2.88342
1	39	8.1441
1	76	6.22412
1	90	11.5745
1	94	4.52853
1	95	0.0966859
1	111	4.07511
1	129	1.82059
1	138	3.86894
1	143	3.22939
1	157	4.92818
1	164	5.15752
1	181	4.89402
1	193	6.36487
1	198	7.46455
2	6	4.81949
2	15	1.67558
2	30	9.6152
2	33	13.0132
2	56	2.28208
2	59	0.632737
2	95	1.35096
2	104	9.31195
2	117	5.11943
2	128	5.4845
2	129	6.82409
2	167	6.42435
2	172	5.42108
2	184	7.20517
2	190	8.04675
2	194	7.17539
3	1	1.50285
3	65	5.30238
3	71	4.54486
3	77	2.73216
3	79	3.54246
3	100	5.43688
3	101	3.97435
3	106	5.26091
3	111	3.95881
3	125	4.72716
3	127	6.71997
3	146	6.51893
3	172	6.3413
3	180	7.32956
3	186	6.23039
3	199	7.94886
4	1	7.81558
4	30	0.00144143
4	39	6.51562
4	45	10.6826
4	76	4.59564
4	85	2.85929
4	90	9.94604
4	132	5.95845
4	133	4.3984
4	165	4.69372
4	175	4.97073
4	187	5.8662
4	189	5.70179
4	191	6.11804
4	192	5.04574
4	194	5.60054
5	55	0.618521
5	77	3.14092
5	89	3.42273
5	96	4.32093
5	102	4.74958
5	118	2.88993
5	127	4.25375
5	136	5.26075
5	159	6.66261
5	169	5.27265
5	184	7.054
5	185	6.64395
5	188	6.49109
5	191	7.74141
5	198	8.45827
5	200	8.46568
6	14	2.27257
6	27	14.6066
6	35	1.15941
6	46	2.97022
6	47	0.00210455
6	69	1.25309
6	104	10.387
6	129	7.89912
6	131	5.6661
6	161	4.41458
6	164	5.25313
6	174	6.01754
6	184	6.04651
6	190	6.88809
6	198	7.56017
6	200	7.29925
7	8	3.34093
7	34	1.74248
7	78	3.94119
7	80	3.5418
7	94	1.74902
7	106	2.74501
7	142	5.56577
7	148	7.64607
7	150	4.68747
7	164	4.96954
7	169	6.49694
7	174	5.1242
7	181	6.68452
7	183	7.10772
7	193	7.80546
7	196	8.326
8	20	2.89942
8	26	2.02274
8	35	2.66065
8	42	4.22726
8	43	4.57329
8	73	3.61206
8	74	3.85508
8	128	4.55787
8	139	5.1892
8	155	6.21995
8	159	7.63781
8	164	5.91047
8	166	6.84848
8	174	6.06514
8	183	8.04865
8	189	8.30037
9	28	1.89015
9	35	2.02305
9	42	3.73856
9	43	3.45523
9	100	3.90744
9	125	5.11425
9	148	5.00047
9	152	5.5762
9	171	5.82171
9	172	6.72839
9	179	7.62954
9	186	6.61748
9	187	7.14602
9	188	7.59938
9	196	8.46573
9	199	8.33595
10	8	4.4094
10	31	3.33736
10	57	3.22583
10	67	3.96401
10	74	3.98263
10	84	4.58574
10	86	5.01221
10	97	3.98843
10	108	4.92424
10	148	6.52342
10	150	3.56483
10	159	6.76425
10	174	6.19268
10	181	7.753
10	188	8.04458
10	197	8.58176
11	62	3.98857
11	63	3.5462
11	68	4.14518
11	97	4.83025
11	103	3.64192
11	119	4.81955
11	131	6.25655
11	142	3.72475
11	172	6.69445
11	173	6.71163
11	175	5.97737
11	176	6.43824
11	186	6.58355
11	188	7.3262
11	192	6.05238
11	199	8.30201
12	13	4.47979
12	14	1.05216
12	29	3.97684
12	91	5.64881
12	114	3.54525
12	140	4.6824
12	154	7.41622
12	157	4.71136
12	161	4.51259
12	165	4.99555
12	179	5.29972
12	182	5.8886
12	190	6.22551
12	192	7.90538
12	194	7.93162
12	195	9.39742
13	29	3.20896
13	38	3.9719
13	49	2.94968
13	63	3.18082
13	66	3.78143
13	73	4.64274
13	148	4.60116
13	152	5.17689
13	163	5.6406
13	170	7.25081
13	173	6.34625
13	174	7.69312
13	176	7.52337
13	182	7.44561
13	186	6.21817
13	199	7.93663
14	18	3.02236
14	106	4.718
14	107	4.74283
14	109	4.27478
14	132	8.22481
14	151	3.61056
14	161	4.4611
14	165	4.94406
14	173	5.94129
14	178	8.12488
14	179	5.24823
14	182	5.83712
14	185	6.10001
14	190	6.17402
14	194	7.88013
14	197	9.1231
15	2	1.92406
15	30	9.09907
15	33	12.4971
15	46	1.37906
15	52	4.01646
15	59	0.116614
15	62	2.41743
15	72	5.14458
15	97	5.20684
15	104	8.79583
15	110	4.76238
15	129	6.30796
15	153	7.00767
15	155	5.0046
15	161	5.38162
15	171	5.92511
16	66	2.9167
16	84	2.67281
16	88	5.00375
16	94	5.90351
16	125	3.09669
16	140	5.44134
16	146	3.88693
16	157	6.30316
16	166	5.6691
16	176	5.20074
16	177	7.92543
16	184	6.40306
16	188	5.84015
16	190	8.16746
16	198	7.80732
16	200	7.81473
17	1	7.33584
17	4	4.43374
17	6	0.00239015
17	39	6.03589
17	42	1.83249
17	45	10.2029
17	76	4.1159
17	90	9.4663
17	153	5.82824
17	163	4.83865
17	171	4.74569
17	172	4.05004
17	177	6.43367
17	182	5.55764
17	199	7.50221
17	200	7.08686
18	9	2.66762
18	14	2.40848
18	24	2.34874
18	48	3.47357
18	75	3.5836
18	78	3.30983
18	86	4.04012
18	113	4.41038
18	129	3.71632
18	145	5.20809
18	178	8.07483
18	179	6.65604
18	182	7.24493
18	184	7.84662
18	185	7.50782
18	194	9.28794
19	21	4.601
19	83	2.48161
19	90	0.0231383
19	112	5.09968
19	121	4.08193
19	123	3.48975
19	150	4.57881
19	159	4.93198
19	161	6.73739
19	167	5.6063
19	168	5.62713
19	171	6.19118
19	189	6.56134
19	194	8.33954
19	195	9.27678
19	197	7.36705
20	33	0.0013305
20	36	3.6726
20	50	3.40077
20	84	4.03094
20	102	4.29643
20	131	3.39859
20	149	4.98945
20	153	6.79466
20	154	5.7268
20	168	6.58017
20	177	6.62697
20	185	6.19079
20	189	7.51438
20	196	8.35612
20	197	8.32009
20	200	8.05329
21	29	3.22064
21	60	5.52566
21	80	2.97778
21	82	2.86593
21	85	5.14294
21	109	3.67566
21	116	3.28308
21	124	5.58463
21	129	3.78366
21	135	6.10638
21	162	5.47019
21	164	5.38148
21	177	8.51351
21	183	7.51966
21	193	8.2174
21	195	8.47279
22	14	3.46974
22	82	2.62198
22	87	3.33411
22	100	4.24098
22	117	3.65635
22	125	3.0145
22	137	4.45681
22	154	5.90091
22	156	4.89174
22	168	6.19214
22	183	7.27572
22	186	7.20372
22	190	8.08527
22	195	8.22885
22	196	8.494
22	199	8.91178
23	16	3.08262
23	38	3.84775
23	42	3.5963
23	57	3.80275
23	84	4.51415
23	89	4.61313
23	92	3.82298
23	115	5.10222
23	120	5.00886
23	122	3.92944
23	132	7.92607
23	141	4.00389
23	160	6.50788
23	170	6.65319
23	193	8.01191
23	200	9.65607
24	20	2.71187
24	41	4.71062
24	86	2.52445
24	136	3.8123
24	138	3.86049
24	140	4.52306
24	161	4.35324
24	165	4.8362
24	175	7.38176
24	177	8.64089
24	179	5.14037
24	182	5.72926
24	185	5.99215
24	194	7.77227
24	195	8.9488
24	198	9.555
25	10	3.74032
25	41	2.63281
25	71	2.77166
25	72	5.66614
25	91	2.74223
25	110	5.28394
25	129	3.40481
25	145	4.89658
25	158	5.05691
25	170	7.06384
25	178	6.00806
25	181	6.87065
25	191	8.02283
25	192	8.16659
25	195	8.24698
25	198	9.04877
26	21	2.48406
26	25	1.93614
26	29	1.73926
26	44	6.99174
26	75	5.69207
26	100	5.62449
26	108	2.74344
26	121	3.3408
26	141	7.37407
26	142	6.14213
26	147	6.54947
26	149	5.25119
26	189	6.32386
26	197	7.4788
26	198	7.76604
26	199	7.92048
27	29	0.109914
27	31	1.82104
27	45	0.000369208
27	59	4.44176
27	128	2.90237
27	129	10.6331
27	153	4.61715
27	159	4.03195
27	178	4.85124
27	179	5.34243
27	190	5.46462
27	192	4.03846
27	194	4.59325
27	195	5.53049
27	197	5.84946
27	199	6.29113
28	56	2.1018
28	82	6.83096
28	88	4.70276
28	110	4.77372
28	112	4.80271
28	118	2.94613
28	124	4.08233
28	126	3.87458
28	132	7.35302
28	133	5.79298
28	158	6.75026
28	176	5.90789
28	180	5.45173
28	188	6.5473
28	198	8.51447
28	200	8.52188
29	5	2.68186
29	91	3.12621
29	93	4.69637
29	126	5.15769
29	128	4.18706
29	132	3.99435
29	134	4.29528
29	149	6.38029
29	156	5.29386
29	158	5.4409
29	170	6.91021
29	174	5.69432
29	186	7.34151
29	193	8.37558
29	195	8.63097
29	200	8.63423
30	15	5.0794
30	48	1.03069
30	50	2.42725
30	60	3.01542
30	90	0.00141368
30	104	12.7158
30	129	10.2279
30	152	2.61694
30	158	5.1291
30	171	4.3153
30	178	5.63194
30	179	6.12313
30	183	4.67269
30	193	5.81771
30	198	6.91739
30	200	6.65648
31	10	3.68136
31	19	5.56468
31	25	2.40696
31	65	2.88496
31	86	6.31449
31	122	4.54509
31	125	4.42843
31	128	3.74411
31	154	5.86007
31	158	4.99795
31	162	5.18542
31	171	7.56919
31	174	5.25137
31	180	7.08446
31	189	8.72909
31	196	8.45317
32	34	9.30933
32	55	4.51045
32	80	4.97931
32	82	5.77823
32	89	1.43499
32	95	9.16086
32	116	6.03055
32	128	4.25149
32	134	2.88596
32	142	3.05995
32	148	5.14025
32	156	4.71175
32	162	5.36287
32	175	5.31258
32	199	7.64026
33	13	1.56725
33	15	4.94131
33	23	1.39794
33	53	1.69099
33	59	3.89847
33	84	2.80782
33	117	3.49169
33	138	3.49547
33	149	4.57623
33	165	4.64083
33	166	4.19701
33	178	5.80563
33	179	6.29681
33	184	5.57742
33	188	6.26666
33	199	7.24551
34	31	3.43518
34	55	5.01467
34	56	1.31409
34	80	5.48353
34	83	3.01362
34	95	9.66509
34	103	3.24214
34	116	6.53477
34	119	3.55344
34	143	3.51568
34	146	4.31653
34	148	5.40526
34	173	4.28179
34	187	6.47306
34	190	7.07876
34	198	7.75084
35	37	1.7448
35	99	4.14282
35	133	3.99855
35	137	4.30066
35	139	4.02985
35	144	5.60567
35	149	6.08634
35	165	6.15093
35	166	5.70712
35	179	7.80692
35	187	6.92854
35	192	7.76204
35	193	7.58704
35	195	7.84243
35	196	8.10758
35	200	8.34027
36	53	2.89089
36	56	4.1542
36	107	3.62263
36	123	4.4988
36	128	5.0558
36	130	5.95213
36	149	5.04546
36	157	5.75375
36	159	5.94103
36	163	5.78099
36	169	6.92666
36	174	6.7475
36	177	6.68298
36	194	6.74669
36	196	8.33205
36	197	8.37609
37	11	1.92138
37	61	2.72217
37	89	2.94876
37	116	2.85505
37	133	4.16088
37	147	5.00602
37	170	7.01466
37	178	5.76585
37	183	7.05164
37	184	7.48593
37	187	7.09088
37	193	7.74938
37	195	8.00477
37	196	8.26992
37	197	8.71235
37	200	8.73868
38	18	4.02081
38	40	2.32005
38	71	3.9716
38	78	3.41651
38	131	2.58253
38	137	4.58053
38	153	7.86044
38	155	5.2328
38	171	6.32816
38	175	5.91385
38	177	5.81091
38	180	6.29316
38	187	8.1022
38	191	6.38539
38	197	7.50402
38	198	9.37998
39	17	4.68647
39	45	11.34
39	47	0.000307338
39	51	1.30189
39	67	3.93211
39	76	5.25306
39	90	10.6035
39	93	3.80705
39	110	4.241
39	114	3.76201
39	128	4.7715
39	137	3.7053
39	163	5.49669
39	168	5.44062
39	194	6.46239
39	197	7.71859
40	62	2.13467
40	69	5.39437
40	70	3.88679
40	77	2.61802
40	79	1.83368
40	100	5.29196
40	141	7.04155
40	142	5.80961
40	147	6.21694
40	150	7.3043
40	151	5.8323
40	164	5.93742
40	169	4.74975
40	174	6.70183
40	195	7.63825
40	198	8.24445
41	63	3.72204
41	65	3.00934
41	88	5.82032
41	96	3.92108
41	105	4.48846
41	109	3.51526
41	115	4.14862
41	117	3.7399
41	122	4.66947
41	126	5.91866
41	146	6.22181
41	164	5.22108
41	181	6.93607
41	187	7.39851
41	192	8.23201
41	198	9.65611
42	26	1.4748
42	46	1.8146
42	51	3.93698
42	62	4.33087
42	83	4.4574
42	111	4.65427
42	121	4.76937
42	125	5.42261
42	129	3.55066
42	146	5.76031
42	151	6.78246
42	172	7.03675
42	180	8.02501
42	192	7.09638
42	196	9.23654
42	199	8.64431
43	2	3.13532
43	11	3.23556
43	54	3.90937
43	57	3.77901
43	101	4.48461
43	104	0.797252
43	108	4.39958
43	119	4.97665
43	130	7.08418
43	131	7.52811
43	148	5.12364
43	155	5.89958
43	163	6.16308
43	168	6.85698
43	173	6.86873
43	199	8.45911
44	9	1.21184
44	63	1.97042
44	75	5.64682
44	99	3.44613
44	120	5.87899
44	141	7.32882
44	142	6.09688
44	147	6.50421
44	150	7.59157
44	167	5.61001
44	168	5.33929
44	170	5.91956
44	171	5.3024
44	173	4.43544
44	192	5.80625
44	198	7.90449
45	17	5.12154
45	54	0.000988802
45	74	2.28937
45	90	11.0385
45	104	0.000217071
45	130	4.72273
45	131	5.16666
45	149	4.54588
45	155	3.53813
45	167	4.76626
45	168	4.49553
45	176	5.34836
45	182	5.27059
45	188	6.23631
45	189	5.61855
45	190	6.38865
46	2	2.01378
46	6	4.39309
46	24	2.76017
46	27	13.1051
46	33	12.5868
46	78	1.91326
46	104	8.88555
46	129	6.39769
46	133	5.21814
46	139	4.51955
46	144	4.9682
46	157	5.42734
46	175	5.79047
46	181	5.39318
46	182	6.17357
46	200	7.7028
47	51	0.237437
47	64	1.92057
47	71	1.533
47	92	3.2687
47	116	5.23895
47	117	3.34198
47	127	3.7081
47	148	4.5958
47	154	4.35397
47	162	4.81843
47	169	3.44667
47	171	4.33928
47	182	5.15124
47	193	5.84169
47	194	5.39794
47	196	6.9833
48	95	1.57602
48	119	4.74649
48	132	3.27654
48	148	6.59831
48	152	4.64343
48	154	5.58521
48	164	4.82184
48	172	5.64614
48	174	4.97651
48	177	8.02977
48	178	5.67424
48	186	7.39026
48	187	6.99927
48	192	7.83277
48	196	8.17831
48	197	8.65665
49	36	3.59387
49	64	2.73664
49	87	3.23685
49	98	3.99826
49	101	3.71669
49	131	3.31987
49	133	5.93207
49	144	5.68213
49	159	5.8063
49	169	6.79192
49	175	6.65118
49	191	7.12273
49	193	7.57797
49	194	7.13421
49	197	8.24136
49	198	8.67765
50	30	0.3512
50	38	2.26575
50	52	2.31975
50	69	3.56785
50	77	4.2485
50	137	5.27139
50	142	5.44906
50	152	5.57448
50	155	5.92366
50	166	6.98086
50	171	7.01901
50	177	6.50176
50	184	8.36127
50	189	7.38917
50	191	7.07624
50	192	7.77669
51	9	3.38634
51	23	2.72402
51	59	1.29741
51	68	4.39648
51	119	5.07085
51	122	3.23502
51	163	6.25728
51	180	7.93401
51	184	6.90351
51	185	6.29376
51	186	6.83485
51	188	7.59274
51	191	7.39122
51	194	6.87373
51	195	7.81096
51	199	8.55331
52	19	1.33553
52	22	3.66207
52	35	3.491
52	67	5.81804
52	117	6.29236
52	135	6.5705
52	145	4.10304
52	167	5.77106
52	168	5.79189
52	169	6.08237
52	171	6.35595
52	173	6.42271
52	175	5.94163
52	177	5.8387
52	196	9.93367
52	197	7.53181
53	20	2.95811
53	78	3.71928
53	99	3.69599
53	109	4.14555
53	118	4.55747
53	121	4.52167
53	136	5.7745
53	145	4.37802
53	163	6.77196
53	170	7.29616
53	177	6.11368
53	185	7.15769
53	189	7.00108
53	191	6.68815
53	197	7.80679
53	200	9.02018
54	21	2.5629
54	136	4.33828
54	140	4.44668
54	146	4.41057
54	148	5.24653
54	157	5.30851
54	162	5.72193
54	163	6.28598
54	165	5.39463
54	173	6.99163
54	180	7.96271
54	182	6.05474
54	186	6.86355
54	188	7.02046
54	197	7.55764
54	199	8.58201
55	32	5.56795
55	34	7.29746
55	47	12.7088
55	52	2.97606
55	67	3.4131
55	80	2.96744
55	95	7.14899
55	116	4.01868
55	119	3.28942
55	131	5.59274
55	167	5.19233
55	186	5.93318
55	194	5.94337
55	195	6.88061
55	196	7.52873
56	50	3.65321
56	64	3.06781
56	88	4.33968
56	99	4.46173
56	103	3.30914
56	112	3.77729
56	115	4.55121
56	157	6.02421
56	166	5.66652
56	169	7.12309
56	175	6.98235
56	176	6.84821
56	191	7.45389
56	196	8.60251
56	198	8.56059
56	199	8.71502
57	93	3.23685
57	105	4.26982
57	118	2.64622
57	144	4.56545
57	148	6.70627
57	156	6.27777
57	166	6.07634
57	167	6.75737
57	170	5.21909
57	171	6.44975
57	174	7.50922
57	176	5.60798
57	183	6.80715
57	185	6.92844
57	198	8.21456
57	200	8.22197
58	48	3.50304
58	57	3.74658
58	74	4.61838
58	82	7.68216
58	99	3.58048
58	119	5.19235
58	137	4.76778
58	145	4.26251
58	149	4.36064
58	151	6.9776
58	161	6.24416
58	167	5.93053
58	177	5.99816
58	189	6.88557
58	191	6.57264
58	197	7.69127
59	2	1.23205
59	6	3.61135
59	27	12.3234
59	30	8.40706
59	33	11.8051
59	70	3.72178
59	104	8.10382
59	106	3.38712
59	129	5.61596
59	139	4.63529
59	149	5.56459
59	160	5.47573
59	179	7.28518
59	193	6.97976
59	196	8.12137
59	199	8.23388
60	26	2.4866
60	79	3.22418
60	86	2.98816
60	113	3.35843
60	114	3.84961
60	135	3.02814
60	136	4.27602
60	147	6.21285
60	172	6.90868
60	179	5.60408
60	183	7.96172
60	185	6.45586
60	187	8.92864
60	190	6.52987
60	194	8.23599
60	197	9.91918
61	7	2.5076
61	46	1.81287
61	65	3.19692
61	70	4.83522
61	121	4.76764
61	130	6.85488
61	139	4.6874
61	143	4.95772
61	146	5.75858
61	156	5.16287
61	174	5.56333
61	177	8.27877
61	187	7.58609
61	188	8.36846
61	192	8.41959
61	193	8.24459
62	3	3.03735
62	11	3.55666
62	12	4.15695
62	63	4.0244
62	81	3.46515
62	113	5.11734
62	143	4.50292
62	154	6.15068
62	171	6.13599
62	172	7.17265
62	176	7.02571
62	180	8.16091
62	183	6.49338
62	186	7.06175
62	190	8.06601
62	199	8.78021
63	3	2.73321
63	13	2.73671
63	25	3.04097
63	68	4.31924
63	105	3.70322
63	148	5.14059
63	160	6.26715
63	161	5.72528
63	162	6.74792
63	163	6.18003
63	172	6.8685
63	178	7.58542
63	186	6.7576
63	197	8.58363
63	198	8.87087
63	199	8.47606
64	39	1.75839
64	62	3.32246
64	91	5.07744
64	113	5.8115
64	121	4.49829
64	139	5.98809
64	145	4.35464
64	149	4.45277
64	164	7.12521
64	168	6.04349
64	169	6.33397
64	171	6.60755
64	187	8.15446
64	189	6.9777
64	196	9.47416
64	197	7.78341
65	47	0.000380786
65	48	2.24631
65	82	2.87449
65	91	2.9766
65	94	2.16953
65	96	3.95268
65	113	6.06698
65	153	8.16818
65	154	6.15341
65	156	5.14425
65	173	6.21867
65	183	7.52823
65	191	8.66178
65	193	8.22597
65	195	8.48136
65	198	9.68772
66	9	3.71412
66	10	2.7632
66	24	3.65455
66	51	4.17376
66	81	3.56602
66	97	5.53772
66	101	4.90658
66	125	5.65939
66	127	5.62482
66	143	4.62293
66	152	6.12134
66	156	6.08402
66	173	7.29071
66	178	7.57264
66	199	8.88109
66	200	8.59718
67	16	3.872
67	18	4.60633
67	41	2.90565
67	91	3.01507
67	93	5.76673
67	102	5.94774
67	116	3.82096
67	150	4.66134
67	152	5.66505
67	154	6.19188
67	156	5.18271
67	174	5.58318
67	187	7.60593
67	192	8.43943
67	194	8.42207
67	195	8.51982
68	3	3.05162
68	8	3.64971
68	11	3.57093
68	42	4.19709
68	127	5.22295
68	148	5.459
68	152	6.03473
68	155	4.93362
68	163	6.49844
68	170	6.47129
68	173	7.2041
68	175	6.28298
68	184	6.94256
68	193	7.35654
68	196	8.49814
68	199	8.79448
69	40	5.50821
69	52	4.10508
69	75	4.91836
69	112	3.83253
69	116	2.47129
69	134	5.89708
69	141	6.60036
69	142	5.36842
69	147	5.77575
69	150	6.86311
69	151	6.20368
69	154	6.02843
69	166	5.72176
69	175	6.44259
69	188	7.79141
69	195	8.00963
70	19	2.29034
70	31	5.47511
70	52	2.6115
70	58	2.91117
70	59	2.67101
70	85	5.50608
70	87	4.34997
70	91	5.43596
70	110	6.02594
70	155	6.21541
70	168	6.74671
70	170	7.80583
70	171	7.31076
70	183	7.54607
70	191	7.36799
70	197	8.48663
71	7	2.33667
71	27	0.00127825
71	97	3.18815
71	111	5.75473
71	137	4.84364
71	153	7.62463
71	155	5.62157
71	156	4.99194
71	167	6.8497
71	181	6.95272
71	183	7.37591
71	188	8.31975
71	190	8.4721
71	193	8.07366
71	195	8.32904
71	196	8.5942
72	1	1.97618
72	15	3.88504
72	35	4.02582
72	57	2.5953
72	58	5.26003
72	69	4.11949
72	93	3.46349
72	105	4.49646
72	127	4.23669
72	143	5.8262
72	146	4.52081
72	181	7.85604
72	188	6.47404
72	196	10.4685
72	198	8.44121
72	200	8.44862
73	20	2.80281
73	68	3.11964
73	103	5.13724
73	106	3.06589
73	112	4.86264
73	122	4.73879
73	123	4.30133
73	146	6.21163
73	156	5.04462
73	160	5.12944
73	175	7.47269
73	178	6.14281
73	184	8.13228
73	187	7.46784
73	192	8.30134
73	193	8.12634
74	36	2.66884
74	39	1.86233
74	71	3.05595
74	110	5.77135
74	122	4.88835
74	128	4.08736
74	147	5.54261
74	152	5.23573
74	154	6.20333
74	158	5.3412
74	169	6.04148
74	178	6.29236
74	189	8.094
74	195	8.53127
74	196	8.79643
74	200	9.27527
75	12	4.35274
75	24	3.73033
75	69	4.9415
75	92	5.2612
75	100	4.8391
75	108	3.91127
75	125	3.19103
75	134	5.88541
75	141	6.58869
75	142	5.35674
75	145	4.78169
75	147	5.76408
75	150	6.85144
75	181	6.36334
75	192	6.83564
75	198	8.93387
76	1	7.51512
76	4	4.61302
76	17	3.72859
76	39	6.21517
76	45	10.3821
76	78	2.64525
76	83	3.95848
76	87	3.2549
76	90	9.64558
76	100	4.17933
76	111	5.30625
76	119	4.4983
76	150	3.39153
76	166	5.80163
76	186	7.14207
76	196	8.73762
77	27	0.000393626
77	96	3.27495
77	101	4.16774
77	119	4.65979
77	122	3.82784
77	125	4.92055
77	159	6.90524
77	172	6.53469
77	173	6.55187
77	180	7.52295
77	182	7.21985
77	186	6.42378
77	196	9.0519
77	197	8.72275
77	198	9.00999
77	199	8.14225
78	58	3.03052
78	63	2.81498
78	88	4.37312
78	121	5.32086
78	122	3.5669
78	130	6.41105
78	137	5.68248
78	138	5.15344
78	158	6.96076
78	159	6.17091
78	169	7.15653
78	171	7.43011
78	177	6.91286
78	178	7.4636
78	199	8.90349
78	200	8.48814
79	2	2.22946
79	67	4.44261
79	102	4.18382
79	110	3.30235
79	147	4.52275
79	163	6.00719
79	165	5.99575
79	169	5.02162
79	179	6.29991
79	182	6.8888
79	190	7.22571
79	194	8.93182
79	196	8.55824
79	199	8.67076
79	200	8.25541
80	10	2.40671
80	32	5.80401
80	34	7.53352
80	47	12.9448
80	55	2.73464
80	93	4.30283
80	95	7.38506
80	114	4.25778
80	116	4.25474
80	121	4.07636
80	134	3.90174
80	149	5.98675
80	182	6.71146
80	187	7.22382
80	193	7.40192
81	61	3.95298
81	64	4.34644
81	68	3.89103
81	105	4.1996
81	119	4.56539
81	125	4.82615
81	148	4.71238
81	152	5.28811
81	155	5.84464
81	161	6.22166
81	180	7.42855
81	186	6.32939
81	192	7.26901
81	195	8.76105
81	199	8.04785
82	17	3.13256
82	22	2.31571
82	31	2.34841
82	37	2.04275
82	55	3.28532
82	68	4.90785
82	90	1.57431
82	95	4.06628
82	158	4.95031
82	162	5.13778
82	167	9.13967
82	181	6.76405
82	187	7.22649
82	192	8.05999
82	196	8.40553
83	53	2.52288
83	66	3.55455
83	85	5.19271
83	88	3.77524
83	103	2.74469
83	138	5.88178
83	159	5.57302
83	162	7.35444
83	167	6.24734
83	168	6.26817
83	169	6.55865
83	186	7.92376
83	191	6.88945
83	197	8.00809
83	199	9.63183
84	34	1.45138
84	38	4.4367
84	82	7.99296
84	85	3.28032
84	92	2.71221
84	101	4.73958
84	120	3.8981
84	127	4.33338
84	153	4.772
84	169	6.20584
84	184	7.13363
84	190	9.02847
84	196	9.74246
84	198	8.53789
84	200	8.5453
85	58	4.53282
85	75	3.92268
85	107	2.91433
85	108	4.67676
85	126	3.82731
85	127	4.26269
85	138	6.10375
85	143	5.8522
85	146	4.54681
85	154	7.11196
85	176	5.86063
85	179	8.90509
85	183	7.45466
85	198	8.46721
85	200	8.47462
86	12	2.04
86	89	3.92144
86	99	5.5139
86	102	3.98486
86	110	3.10338
86	114	4.34648
86	116	3.82772
86	124	6.12927
86	136	4.77288
86	140	5.48363
86	157	5.51259
86	177	9.05815
86	178	8.68681
86	190	7.02674
86	194	8.73285
87	21	3.13775
87	67	3.42945
87	102	5.02004
87	114	4.79399
87	127	5.80454
87	151	6.62566
87	158	5.40469
87	160	5.34247
87	163	6.52868
87	165	6.58756
87	169	5.54311
87	182	7.24767
87	192	8.51438
87	193	8.33937
87	196	8.85991
88	1	1.48838
88	45	0.011015
88	56	4.21636
88	86	6.08198
88	97	6.6184
88	103	3.17486
88	137	5.51477
88	139	6.49461
88	141	4.83106
88	142	5.51289
88	169	6.98882
88	174	8.39614
88	175	6.84808
88	177	6.74515
88	189	7.63255
89	87	3.25504
89	105	4.63575
89	140	5.29763
89	143	5.96549
89	146	4.6601
89	170	5.58503
89	171	6.09374
89	178	7.41038
89	179	7.90157
89	184	7.17624
89	185	6.57242
89	188	6.61333
89	189	7.25365
89	193	7.59615
89	200	8.58791
90	2	1.28892
90	50	3.08565
90	76	3.99653
90	81	2.58493
90	113	3.95504
90	134	2.97592
90	150	2.27162
90	157	5.03941
90	158	5.78749
90	163	5.06665
90	170	5.59085
90	183	5.33108
90	195	6.96958
90	198	7.57578
90	200	7.31487
91	22	2.42359
91	31	2.45628
91	42	4.14295
91	76	3.46533
91	104	1.03331
91	135	6.33699
91	154	5.92031
91	160	4.99596
91	184	8.14458
91	186	8.10461
91	187	7.33436
91	188	8.83381
91	192	8.16786
91	195	8.24825
91	196	8.5134
92	5	2.49441
92	89	3.07514
92	106	5.39865
92	120	3.47087
92	129	4.44703
92	153	4.34478
92	160	7.48727
92	162	7.96804
92	166	5.97245
92	170	5.1152
92	173	6.62194
92	183	7.84629
92	188	6.1435
92	198	8.11067
92	200	8.11808
93	41	4.95162
93	72	3.21704
93	75	4.01933
93	107	3.03542
93	127	4.38379
93	130	3.45333
93	140	6.3978
93	144	4.9392
93	146	4.66791
93	147	5.80243
93	165	7.34575
93	184	7.18404
93	189	8.35382
93	198	8.5883
93	200	8.59571
94	37	1.64324
94	45	0.605151
94	56	4.09616
94	96	4.79787
94	117	3.16836
94	132	3.10424
94	155	7.0103
94	181	6.36454
94	186	8.97928
94	187	6.82698
94	192	7.66048
94	193	7.48548
94	195	7.74086
94	196	8.00602
94	199	10.6873
95	6	0.000581022
95	24	3.08435
95	47	14.5164
95	49	2.00183
95	65	3.63703
95	70	3.93023
95	80	4.7751
95	101	3.32693
95	116	5.82635
95	120	6.26239
95	160	5.68418
95	173	4.81885
95	182	6.49775
95	197	8.00065
95	200	8.02698
96	28	3.50672
96	93	4.07376
96	94	5.8787
96	120	4.41168
96	123	3.47012
96	132	7.6292
96	146	5.13108
96	153	5.28559
96	161	5.66914
96	166	6.91326
96	170	6.05601
96	174	7.2721
96	184	7.64722
96	186	7.2611
96	189	7.37254
97	20	3.34161
97	29	3.13942
97	50	5.6946
97	76	3.99183
97	87	3.49683
97	104	1.55981
97	118	5.46112
97	135	6.86349
97	156	5.05446
97	158	5.2015
97	174	5.45493
97	182	8.3946
97	192	8.31119
97	193	8.13618
97	196	8.65673
98	44	1.697
98	60	2.68793
98	63	3.48031
98	70	5.05671
98	79	3.90127
98	114	4.5267
98	131	7.52031
98	157	5.69281
98	164	7.10734
98	165	5.977
98	179	6.28117
98	185	7.13295
98	191	8.38844
98	194	8.91307
98	198	9.41438
99	37	3.73447
99	52	2.54682
99	79	3.12684
99	83	3.53652
99	88	4.18909
99	115	5.52824
99	124	5.69462
99	128	6.30329
99	137	5.49846
99	159	5.98688
99	167	6.6612
99	185	7.41421
99	189	7.61624
99	196	9.57954
99	197	8.42195
100	26	5.55631
100	40	5.2976
100	44	6.00742
100	69	4.74257
100	76	3.30663
100	87	4.05874
100	99	5.04118
100	109	4.36399
100	114	5.25572
100	134	5.68647
100	140	6.10134
100	147	5.56514
100	148	7.15396
100	150	6.6525
100	171	6.89745
101	13	2.98205
101	17	0.9552
101	53	3.85671
101	66	4.56621
101	89	3.20596
101	120	7.23129
101	125	5.4997
101	152	5.96166
101	154	6.66939
101	159	7.15204
101	173	7.13102
101	174	7.71417
101	180	8.10211
101	185	7.13338
101	199	8.7214
102	24	2.03243
102	36	2.91912
102	66	3.86363
102	79	3.95983
102	112	5.00317
102	120	7.76097
102	123	4.44185
102	129	4.1425
102	135	3.76379
102	161	5.5526
102	179	6.33973
102	182	6.92861
102	185	7.19151
102	194	8.97163
102	199	9.9409
103	49	2.90433
103	122	4.36277
103	137	4.83043
103	149	4.42329
103	155	5.4827
103	159	5.31886
103	160	6.9412
103	163	7.03578
103	164	7.23788
103	177	6.06081
103	179	8.75065
103	189	6.94822
103	191	6.63529
103	197	7.75392
103	198	9.54492
104	40	0.968412
104	46	3.50523
104	72	4.64572
104	98	3.34896
104	103	3.51965
104	121	3.60311
104	127	4.79508
104	129	8.43413
104	134	3.42848
104	135	4.7071
104	175	5.8551
104	177	7.11424
104	195	7.42215
104	197	7.74111
104	200	7.76743
105	25	3.30313
105	92	3.32993
105	107	3.60273
105	109	3.99747
105	118	3.58727
105	127	4.95109
105	130	4.02064
105	147	5.13945
105	165	6.68277
105	170	6.16014
105	182	7.34289
105	186	7.5794
105	187	7.85524
105	188	7.18844
105	200	9.16302
106	4	0.721742
106	8	3.58361
106	118	4.68907
106	137	5.11216
106	139	4.49095
106	151	7.00054
106	162	5.30093
106	176	7.70032
106	178	6.06461
106	179	8.61842
106	181	6.9272
106	182	7.62255
106	183	7.3504
106	192	8.22314
106	195	8.30353
107	75	3.67322
107	93	3.25244
107	120	3.59036
107	139	6.00574
107	140	6.05169
107	146	4.30976
107	153	4.46427
107	171	6.8478
107	176	5.62358
107	179	8.65563
107	184	6.82589
107	188	6.26299
107	198	8.23016
107	199	9.60433
107	200	8.23757
108	35	2.59049
108	82	3.32476
108	92	5.54467
108	117	4.35912
108	132	4.295
108	145	5.06516
108	150	3.91318
108	154	6.60368
108	156	5.59451
108	168	6.65214
108	175	7.0441
108	178	6.69271
108	189	7.77516
108	193	8.67624
108	198	9.21735
109	41	2.98487
109	97	3.45816
109	115	4.43527
109	135	5.83729
109	144	6.16302
109	151	6.74639
109	157	6.62216
109	162	5.59645
109	173	5.68949
109	178	6.36013
109	180	6.07172
109	183	7.64591
109	185	7.03513
109	187	7.68516
109	193	8.34366
110	12	1.73667
110	65	5.35518
110	98	3.56858
110	133	7.26047
110	136	4.46955
110	138	4.51774
110	140	5.18031
110	151	4.15995
110	164	7.69901
110	165	5.49345
110	182	6.38651
110	190	6.72341
110	191	8.9801
110	194	8.42952
110	198	10.006
111	4	1.42584
111	33	0.0110925
111	43	3.84612
111	55	1.96796
111	65	5.46592
111	77	3.51014
111	81	3.41177
111	102	6.09902
111	145	5.9646
111	147	6.12322
111	173	7.13646
111	180	8.10754
111	186	7.00837
111	199	8.72684
111	200	9.85588
112	45	9.87209e-05
112	84	4.08491
112	85	3.96185
112	118	3.65109
112	130	4.08445
112	143	6.60442
112	145	5.13115
112	153	5.45354
112	155	5.76073
112	168	6.71814
112	170	6.22396
112	183	7.03864
112	187	8.00556
112	196	9.32526
112	198	9.21943
113	13	4.39183
113	32	1.69464
113	67	5.84195
113	81	4.92481
113	86	3.60961
113	98	3.99649
113	138	4.94565
113	151	4.58787
113	157	5.63717
113	172	6.61792
113	179	6.22553
113	182	6.81442
113	184	8.402
113	194	8.85744
113	195	9.30946
114	14	2.22763
114	28	3.06376
114	110	3.47763
114	118	4.8738
114	133	6.85185
114	136	5.14713
114	151	4.83753
114	156	6.82334
114	157	5.88683
114	165	6.17103
114	177	8.68331
114	179	6.47519
114	182	7.06408
114	190	7.40099
114	197	9.31018
115	6	1.3444
115	44	2.00332
115	71	3.40428
115	74	3.7329
115	95	2.35284
115	117	4.3071
115	139	5.06702
115	143	5.48554
115	160	5.62731
115	178	6.64069
115	184	8.20704
115	192	8.79922
115	194	8.17726
115	195	8.8796
115	199	9.87514
116	30	0.000177598
116	32	6.22988
116	34	7.95939
116	37	2.78523
116	47	13.3707
116	55	3.16051
116	80	3.62937
116	95	7.81093
116	136	5.08178
116	161	5.44278
116	183	6.34367
116	186	7.03475
116	191	7.56243
116	195	7.98217
116	199	8.74281
117	11	2.84896
117	60	6.0252
117	61	3.39096
117	90	0.0673313
117	106	3.35772
117	109	3.87642
117	122	5.03063
117	128	4.22965
117	153	8.40763
117	191	8.90123
117	193	8.41817
117	194	8.38373
117	195	8.67356
117	196	8.93871
117	198	9.92717
118	23	4.26608
118	96	4.06141
118	136	5.83968
118	143	5.58374
118	146	4.27835
118	164	7.03924
118	165	6.89602
118	166	6.06052
118	170	5.20328
118	178	8.06082
118	188	6.23158
118	194	7.80284
118	198	8.19875
118	199	9.50071
118	200	8.20616
119	13	3.12234
119	14	4.25579
119	43	3.98098
119	54	4.31195
119	62	4.54826
119	68	4.70487
119	97	6.22302
119	114	5.29958
119	155	6.02079
119	160	6.93968
119	163	6.56566
119	176	7.83102
119	186	7.14323
119	197	9.25615
119	199	8.86169
120	16	2.00637
120	43	5.62442
120	55	2.64485
120	57	2.7265
120	78	4.74323
120	96	4.43507
120	101	5.83272
120	118	3.00407
120	124	4.14026
120	126	3.93251
120	143	5.9574
120	176	5.96583
120	193	9.694
120	198	8.57241
120	200	8.57982
121	16	3.33474
121	20	3.89509
121	50	3.82446
121	56	4.52188
121	59	2.30849
121	100	4.91189
121	112	4.64495
121	158	7.63996
121	168	7.00385
121	169	7.29433
121	185	7.30484
121	189	7.93807
121	192	7.33001
121	196	9.47017
121	197	8.74377
122	73	3.70428
122	90	0.000496261
122	101	4.08208
122	108	4.88891
122	115	4.93022
122	151	6.63089
122	154	6.76606
122	162	6.0914
122	168	6.47784
122	179	8.24878
122	183	8.14087
122	190	8.37097
122	194	7.4996
122	196	9.35915
122	200	8.78213
123	52	2.55943
123	79	2.54466
123	95	1.58757
123	156	6.18136
123	161	5.80985
123	167	6.67381
123	169	6.98512
123	175	6.84438
123	179	8.16117
123	187	7.67766
123	189	7.62885
123	191	7.31592
123	194	7.412
123	197	8.43456
123	199	9.10987
124	7	5.21646
124	33	0.00107354
124	57	2.90267
124	89	3.71304
124	92	2.92289
124	111	6.36289
124	120	4.10877
124	144	5.09946
124	166	6.61035
124	172	6.4546
124	176	6.14199
124	188	6.7814
124	193	8.65266
124	196	9.79426
124	198	8.74857
125	44	1.04204
125	51	4.27277
125	63	4.22429
125	66	4.8249
125	148	5.64463
125	149	6.24457
125	156	5.98534
125	163	6.68407
125	186	7.26164
125	187	7.48164
125	194	7.21598
125	195	8.15322
125	196	8.80134
125	197	8.47218
125	199	8.9801
126	23	4.70209
126	98	5.13537
126	107	3.08188
126	123	4.47015
126	124	4.20261
126	136	6.30816
126	144	4.98565
126	146	4.71436
126	167	7.52028
126	169	6.32005
126	176	6.02818
126	180	6.72793
126	184	7.23049
126	188	6.66759
126	200	8.64217
127	28	3.27116
127	49	3.70218
127	58	4.8217
127	72	3.44465
127	85	3.55835
127	96	4.67858
127	118	3.24758
127	144	5.16681
127	162	7.86529
127	174	8.44562
127	184	7.41166
127	188	6.84875
127	195	9.38204
127	196	10.0302
127	200	8.82333
128	8	3.92099
128	37	2.54328
128	64	4.94355
128	98	5.28496
128	115	4.47714
128	123	4.61974
128	138	6.36874
128	160	5.38863
128	164	5.5496
128	185	7.84095
128	189	8.52217
128	192	8.56053
128	193	8.38553
128	195	8.64091
128	200	9.70344
129	2	4.10578
129	6	6.48509
129	15	3.34118
129	22	2.71716
129	44	1.22946
129	46	3.56079
129	59	2.29834
129	111	5.55739
129	117	5.34745
129	140	5.54864
129	177	8.03273
129	181	6.37631
129	186	7.39321
129	187	7.66906
129	189	7.50466
130	47	0.00532341
130	57	2.39925
130	58	5.40735
130	126	3.60526
130	141	5.46618
130	144	4.59605
130	153	4.47927
130	166	6.10693
130	170	5.24969
130	176	5.63858
130	186	9.02026
130	188	6.27799
130	192	8.47565
130	198	8.24516
130	200	8.25257
131	11	3.68507
131	36	3.13288
131	78	3.69286
131	123	3.90308
131	124	6.92028
131	145	4.3516
131	159	5.34531
131	168	6.04045
131	171	6.60451
131	177	6.08726
131	180	7.67645
131	183	8.51858
131	191	6.66173
131	195	10.1571
131	197	7.78037
132	5	4.90649
132	7	2.46485
132	22	2.63256
132	51	4.41582
132	91	2.95247
132	94	2.1454
132	96	5.38473
132	105	5.95211
132	108	4.25213
132	122	4.81429
132	144	8.12425
132	174	5.52058
132	193	8.20183
132	195	8.45722
132	196	8.72237
133	3	5.7393
133	21	3.48392
133	23	4.51559
133	40	3.1488
133	67	3.77561
133	79	3.79796
133	106	3.62509
133	108	4.73584
133	109	4.14379
133	138	6.61312
133	158	5.75086
133	169	6.71403
133	187	8.02704
133	191	9.18279
133	195	8.94093
134	40	5.65313
134	62	3.17181
134	69	5.0981
134	76	3.08868
134	100	4.99569
134	115	5.27221
134	127	6.04831
134	140	5.88338
134	141	6.74528
134	142	5.51334
134	147	5.92067
134	150	7.00803
134	178	7.99614
134	195	8.67539
134	200	9.02067
135	18	3.63956
135	83	5.20177
135	110	2.86786
135	126	6.20154
135	138	4.58555
135	140	5.24812
135	157	5.27707
135	161	5.0783
135	176	8.22661
135	182	6.45432
135	185	6.71721
135	190	6.79122
135	193	8.83931
135	194	8.49733
135	197	9.65175
136	21	4.48415
136	24	2.22075
136	32	1.54511
136	37	3.96298
136	86	3.91213
136	120	7.74063
136	140	5.91073
136	151	4.89038
136	167	7.47165
136	175	7.59288
136	182	7.11693
136	185	7.37983
136	190	7.45384
136	193	8.66644
136	194	9.15995
137	37	3.57744
137	49	3.94695
137	61	3.96632
137	68	2.85429
137	103	3.53315
137	149	5.46591
137	156	6.60651
137	158	7.59229
137	175	7.20637
137	185	7.25718
137	187	8.10281
137	189	7.99084
137	191	7.67791
137	193	8.2809
137	197	8.79654
138	28	3.18825
138	60	2.9592
138	80	3.27207
138	113	4.30678
138	121	5.29667
138	133	6.97634
138	135	3.97649
138	151	4.91477
138	167	7.42744
138	174	8.17929
138	178	8.43646
138	179	6.55243
138	185	7.40421
138	190	7.47823
138	194	9.18434
139	3	5.24311
139	18	4.35338
139	87	3.96791
139	92	6.03987
139	107	5.04505
139	133	5.01877
139	142	5.28667
139	145	5.56036
139	147	5.71897
139	157	7.17617
139	160	5.61037
139	162	5.86006
139	183	7.90952
139	192	8.78227
139	196	9.12781
140	7	5.21307
140	18	4.58619
140	68	3.22266
140	71	4.34058
140	82	8.04137
140	94	6.81293
140	98	4.58301
140	116	3.60441
140	135	4.23611
140	161	6.02493
140	165	6.50789
140	174	8.20633
140	179	6.81206
140	185	7.66383
140	190	7.73785
141	8	4.2429
141	31	4.73376
141	54	1.42243
141	69	5.16892
141	74	4.27805
141	75	5.1341
141	115	5.04004
141	134	6.11282
141	137	4.74889
141	142	5.58416
141	150	7.07885
141	168	6.48422
141	180	5.96259
141	185	6.92601
141	197	8.76218
142	23	3.57566
142	25	3.4389
142	26	5.53497
142	40	5.27625
142	75	4.6864
142	134	5.66512
142	140	5.8706
142	141	6.3684
142	147	5.5438
142	150	6.63115
142	161	6.12321
142	185	7.14539
142	187	7.99102
142	188	8.44438
142	200	9.00789
143	1	0.905776
143	34	1.10701
143	72	4.10984
143	84	4.34659
143	124	5.04896
143	130	4.34613
143	154	6.76877
143	160	6.75245
143	172	6.05843
143	176	6.87452
143	184	8.07684
143	193	8.25649
143	195	8.74997
143	197	9.06893
143	198	9.4811
144	19	5.28925
144	66	3.973
144	71	4.48746
144	72	3.5523
144	92	3.09788
144	107	3.37069
144	120	4.28377
144	130	3.78859
144	166	6.78534
144	172	6.5981
144	174	8.35322
144	178	8.61039
144	188	6.95639
144	198	8.92356
144	200	8.93097
145	64	2.94991
145	120	7.31864
145	125	3.60129
145	137	5.53114
145	144	6.34863
145	159	6.01957
145	168	6.71471
145	170	7.35921
145	171	7.27877
145	180	6.25732
145	189	7.64893
145	190	8.67206
145	191	7.336
145	193	8.24446
145	197	8.45463
146	66	3.75425
146	80	3.22725
146	103	5.16839
146	112	5.10375
146	126	4.17562
146	143	6.20051
146	154	7.08969
146	166	6.6773
146	167	7.38261
146	184	7.41126
146	188	6.84835
146	189	8.2349
146	193	8.57741
146	198	8.81552
146	200	8.82293
147	22	3.18711
147	26	5.67203
147	44	6.12313
147	53	4.0167
147	68	2.89049
147	100	4.75588
147	106	4.72445
147	134	5.80218
147	141	6.50547
147	142	5.27352
147	150	6.76822
147	176	7.70441
147	180	6.32996
147	184	7.90313
147	191	8.39084
148	17	1.79385
148	54	4.10437
148	61	4.68117
148	81	3.33905
148	101	4.67961
148	103	5.58674
148	107	5.42794
148	119	5.17165
148	158	8.30715
148	163	6.35808
148	172	7.04655
148	175	7.9222
148	176	8.38307
148	180	8.03481
148	199	8.65411
149	15	3.47918
149	49	3.60047
149	88	4.21721
149	121	5.16494
149	139	6.57655
149	141	4.913
149	155	6.17884
149	167	6.68931
149	177	6.75695
149	181	7.45018
149	182	8.23057
149	188	9.19629
149	189	7.64436
149	192	7.92247
149	197	8.45006
150	44	6.49289
150	100	5.12564
150	134	6.17195
150	135	5.51284
150	139	5.38993
150	141	6.87523
150	142	5.64328
150	147	6.05062
150	156	6.06001
150	159	6.72934
150	163	6.32495
150	166	5.94002
150	184	7.32043
150	188	8.00966
150	193	7.7344
151	30	0.558649
151	102	4.02619
151	110	3.14471
151	114	4.38781
151	140	5.52496
151	157	5.55392
151	161	5.35515
151	163	7.57325
151	179	6.14228
151	185	6.99405
151	189	8.64019
151	190	7.06807
151	191	9.05644
151	194	8.77418
151	199	10.2368
152	3	3.10672
152	85	4.9092
152	111	4.85953
152	115	5.18451
152	132	8.00836
152	148	5.5141
152	149	6.67903
152	155	5.67128
152	156	6.41981
152	162	7.07094
152	172	7.24201
152	173	7.25919
152	180	8.23028
152	191	8.16795
152	199	8.84957
153	9	3.79539
153	16	2.15335
153	28	3.17463
153	49	4.20198
153	96	4.58205
153	105	4.77464
153	126	4.07949
153	127	4.51487
153	152	6.18759
153	173	7.01899
153	176	6.1128
153	184	7.31512
153	191	9.4621
153	198	8.71938
153	200	8.72679
154	39	2.18311
154	46	2.47695
154	48	3.0574
154	69	3.54989
154	94	2.98062
154	97	4.15156
154	100	5.3406
154	107	5.18947
154	139	5.47987
154	164	6.20114
154	169	6.36226
154	177	8.94286
154	181	7.91612
154	196	9.5576
154	198	9.85697
155	19	2.6164
155	70	4.53124
155	81	4.47373
155	83	3.92725
155	136	5.95799
155	149	5.48204
155	156	6.69051
155	160	6.86087
155	167	7.05193
155	175	7.2225
155	177	7.11957
155	180	6.37776
155	181	6.89406
155	197	8.81268
155	200	9.20367
156	5	3.60032
156	94	2.52903
156	106	3.52502
156	113	6.19286
156	130	7.4756
156	136	6.307
156	139	5.02827
156	144	6.81808
156	154	6.51291
156	160	5.58857
156	181	7.46453
156	187	7.92697
156	190	9.14152
156	193	8.58547
156	196	9.10601
157	12	2.51984
157	60	2.98756
157	93	5.7107
157	94	6.97344
157	110	3.58322
157	126	6.17202
157	138	5.30091
157	158	8.12118
157	161	5.79366
157	172	6.61173
157	181	7.33894
157	182	7.16968
157	185	7.43257
157	190	7.50658
157	194	9.21269
158	19	5.62122
158	35	2.56118
158	46	2.8478
158	65	3.59926
158	67	3.737
158	72	6.84518
158	105	5.06016
158	106	3.58648
158	128	4.4584
158	164	5.811
158	180	7.14099
158	183	7.94918
158	187	7.98843
158	192	8.82193
158	194	8.68437
159	5	3.85055
159	7	5.52794
159	56	4.51434
159	64	3.23151
159	70	4.45479
159	74	5.29246
159	105	4.89617
159	131	3.81474
159	141	4.95612
159	144	7.06831
159	149	5.40559
159	155	6.46501
159	185	7.94042
159	191	7.6176
159	197	8.73623
160	38	4.59199
160	54	2.22885
160	74	3.75522
160	87	4.00718
160	132	4.2653
160	141	4.74813
160	153	8.33629
160	157	7.31946
160	162	5.89932
160	165	7.40558
160	174	5.96528
160	178	6.66301
160	183	7.94879
160	185	7.73242
160	195	8.90192
161	64	4.60785
161	113	4.27645
161	135	3.94616
161	151	4.88444
161	152	5.32821
161	157	5.93375
161	164	7.32162
161	165	6.21794
161	177	8.71455
161	180	6.54184
161	185	7.37388
161	187	8.35088
161	190	7.4479
161	194	9.15401
161	200	9.36774
162	25	3.15166
162	61	3.65011
162	73	3.54299
162	81	5.0324
162	87	4.03797
162	96	4.28822
162	107	5.35575
162	115	4.76894
162	130	7.68525
162	134	5.42339
162	164	5.8414
162	181	7.55639
162	183	7.97958
162	184	8.50959
162	192	8.85233
163	17	1.52849
163	28	3.29642
163	42	4.3527
163	81	3.63503
163	101	4.97559
163	122	4.64793
163	124	5.98708
163	137	5.52955
163	152	6.19034
163	162	7.70713
163	164	7.52304
163	172	7.34253
163	173	7.35971
163	175	7.65683
163	199	8.95009
164	33	0.00645457
164	43	4.75676
164	74	3.76827
164	83	5.18881
164	84	5.64276
164	91	3.41022
164	130	7.58802
164	133	5.07109
164	143	5.69086
164	174	5.97833
164	178	6.67606
164	187	8.00108
164	189	8.48383
164	193	8.65958
164	196	9.18012
165	60	3.07454
165	77	4.23731
165	81	4.87289
165	106	5.17141
165	119	5.66635
165	126	6.1263
165	136	5.3397
165	138	5.38789
165	159	7.759
165	161	5.88064
165	179	6.66777
165	182	7.25666
165	185	7.51955
165	186	8.31012
165	190	7.59356
166	5	3.76051
166	77	4.05406
166	83	4.94328
166	89	4.34124
166	92	3.55109
166	104	1.05557
166	134	5.08063
166	159	7.57575
166	170	6.3813
166	172	6.38276
166	176	6.77019
166	183	7.4358
166	184	7.97251
166	195	9.0743
166	198	9.37677
167	32	1.70237
167	38	3.03048
167	53	3.4744
167	62	3.81361
167	64	3.45489
167	70	4.67816
167	84	5.64013
167	109	4.78784
167	123	5.08231
167	149	5.62897
167	171	7.78375
167	180	6.83657
167	181	7.35286
167	191	7.84097
167	192	7.82516
168	3	5.28691
168	10	3.66145
168	49	4.06573
168	56	4.69343
168	72	6.37372
168	78	4.82781
168	103	3.65193
168	114	5.51253
168	131	3.99383
168	150	4.45218
168	158	7.96805
168	171	7.73946
168	191	7.79669
168	192	7.65811
168	197	8.91532
169	51	2.6887
169	58	3.45096
169	98	4.71325
169	99	4.91561
169	113	5.7719
169	123	5.14912
169	141	4.28494
169	155	6.75519
169	156	6.61857
169	159	6.59135
169	168	7.28649
169	172	6.0949
169	175	7.43623
169	195	8.78644
169	199	9.54708
170	85	3.6559
170	89	3.87794
170	102	5.94353
170	112	5.20171
170	115	5.95193
170	124	4.48133
170	130	3.7785
170	152	5.66085
170	165	7.51105
170	166	6.77525
170	169	6.46659
170	173	6.49226
170	176	6.30689
170	198	8.91347
170	200	8.92088
171	27	0.00316177
171	38	3.14632
171	50	4.15613
171	97	6.37411
171	112	4.91118
171	121	5.79033
171	131	4.15395
171	145	5.64668
171	151	7.28233
171	163	7.18535
171	167	7.31469
171	168	7.33552
171	188	8.87006
171	192	7.59625
171	195	9.08828
172	48	3.49615
172	54	4.50714
172	77	3.84018
172	91	5.02805
172	93	5.18408
172	99	4.92449
172	119	5.57442
172	145	5.23067
172	152	6.29714
172	163	6.76085
172	181	6.81232
172	184	7.8692
172	186	7.33842
172	190	8.71078
172	199	9.05688
173	16	3.2257
173	41	4.47482
173	42	4.46529
173	63	4.30686
173	77	3.84598
173	111	5.07263
173	128	6.08488
173	145	5.16702
173	158	7.53091
173	160	6.71549
173	180	8.44338
173	186	7.34421
173	190	8.64713
173	191	8.29326
173	199	9.06267
174	52	5.49647
174	54	2.38024
174	57	4.36405
174	108	4.50863
174	126	6.26977
174	132	4.0771
174	139	4.90114
174	156	5.37661
174	158	5.52365
174	160	5.46143
174	181	7.33739
174	183	7.76059
174	195	8.71372
174	196	8.97887
174	199	10.1617
175	19	2.57624
175	41	4.86099
175	61	4.29111
175	76	3.51246
175	83	3.88709
175	121	5.48741
175	145	5.34375
175	153	8.18583
175	155	6.5013
175	166	6.81131
175	171	7.59666
175	176	7.993
175	183	7.46067
175	189	7.96682
175	191	7.65389
176	40	2.76421
176	72	3.47067
176	84	3.70743
176	114	5.58033
176	143	6.22693
176	144	5.19283
176	151	7.41199
176	153	5.07605
176	170	5.84647
176	174	8.28152
176	184	7.43768
176	188	6.87477
176	190	9.15207
176	198	8.84194
176	200	8.84935
177	7	5.5357
177	20	3.78078
177	39	2.39773
177	58	3.05401
177	59	2.95183
177	74	5.30022
177	78	4.54195
177	92	6.39891
177	103	3.36607
177	131	3.70797
177	164	7.76455
177	167	6.86872
177	175	7.03929
177	189	7.82376
177	197	8.62946
178	10	4.39149
178	26	2.25434
178	61	3.61555
178	73	3.50843
178	86	6.11737
178	108	4.69306
178	109	4.10101
178	117	4.32565
178	160	5.64586
178	168	7.40895
178	176	8.26178
178	187	7.98426
178	191	8.94821
178	193	8.64276
178	196	9.1633
179	14	2.18389
179	98	4.2024
179	99	5.69423
179	102	4.31536
179	135	3.8555
179	136	5.10338
179	140	5.81413
179	151	4.79378
179	162	8.02965
179	180	7.06577
179	181	7.58207
179	182	7.02033
179	190	7.35724
179	193	9.05291
179	194	9.06335
180	8	4.52733
180	13	3.43351
180	32	1.11282
180	34	1.08469
180	36	2.4665
180	43	4.29215
180	66	5.01766
180	88	5.49805
180	111	5.18282
180	154	6.74644
180	186	7.4544
180	192	7.23561
180	196	9.37576
180	198	9.33384
180	199	9.17286
181	22	3.3669
181	60	5.54117
181	75	3.66646
181	82	3.5847
181	86	5.58635
181	116	3.29859
181	117	4.61907
181	160	5.93928
181	168	6.87794
181	175	7.26989
181	178	6.95265
181	186	7.88951
181	187	8.27768
181	191	8.4172
181	195	9.19157
182	50	5.21158
182	98	4.41182
182	102	4.52478
182	108	4.67912
182	113	4.39521
182	121	5.27648
182	157	6.05251
182	165	6.3367
182	173	6.23267
182	185	7.49265
182	190	7.56666
182	192	7.60348
182	194	9.27277
182	197	9.41448
182	199	9.85615
183	27	0.00167734
183	29	4.04928
183	35	2.9603
183	48	3.06639
183	73	3.91171
183	101	4.53698
183	123	4.15332
183	133	5.45755
183	154	6.97349
183	165	7.04768
183	178	7.06252
183	181	7.92511
183	190	8.82586
183	197	9.2107
183	200	9.23702
184	5	3.55085
184	9	3.01176
184	16	2.60108
184	58	4.53787
184	80	3.25457
184	85	3.90954
184	93	4.1894
184	96	5.02978
184	150	4.40024
184	162	7.58146
184	170	6.17165
184	192	7.60617
184	198	9.16711
184	199	9.85884
184	200	9.17452
185	73	4.91382
185	113	4.40637
185	118	4.78321
185	135	4.07609
185	136	5.32396
185	138	5.37215
185	151	5.01436
185	165	6.34786
185	166	6.61276
185	181	6.9363
185	183	7.26213
185	188	8.68241
185	190	7.57782
185	193	8.40715
185	194	9.28393
186	18	4.2925
186	36	2.78433
186	51	3.97649
186	62	4.37039
186	88	5.81588
186	111	4.69378
186	143	5.41651
186	152	5.92408
186	172	7.07626
186	173	7.09344
186	177	8.73756
186	180	8.06452
186	183	7.40697
186	190	8.9796
186	199	8.68382
187	4	1.0033
187	21	3.72127
187	97	4.03739
187	98	5.01485
187	124	5.85125
187	128	4.73437
187	133	5.3344
187	137	5.39372
187	139	5.3657
187	157	7.15787
187	158	5.98821
187	162	6.17568
187	170	7.70931
187	176	7.98187
187	181	7.80195
188	53	4.48782
188	84	3.74045
188	105	4.93022
188	107	3.32209
188	112	5.1632
188	139	6.44375
188	144	5.22586
188	153	5.10908
188	166	6.73674
188	178	8.60245
188	184	7.4707
188	186	8.33428
188	194	8.34447
188	198	8.87497
188	200	8.88238
189	70	4.46275
189	83	3.85877
189	99	4.6334
189	122	4.46237
189	123	4.8669
189	134	5.04465
189	138	6.04891
189	142	5.21865
189	145	5.31543
189	152	5.34407
189	169	7.29476
189	175	7.15402
189	177	7.05109
189	181	7.07399
189	183	7.39982
190	79	4.11431
190	98	4.26517
190	102	4.37813
190	113	4.24856
190	114	4.73974
190	141	4.73106
190	151	4.85655
190	161	5.70709
190	168	7.27356
190	179	6.49421
190	180	6.75194
190	181	7.26823
190	182	7.0831
190	185	7.34599
190	196	9.88068
191	36	3.86311
191	53	3.02539
191	70	4.22915
191	88	4.27774
191	99	4.3998
191	123	4.6333
191	143	5.46419
191	144	6.70384
191	145	5.08183
191	155	6.23937
191	175	6.92042
191	177	6.81748
191	192	7.60112
191	195	9.09315
191	197	8.51059
192	10	4.79432
192	48	3.06593
192	65	3.99792
192	87	4.40623
192	118	4.62561
192	124	5.50623
192	125	3.60638
192	131	7.45516
192	133	5.45709
192	159	7.24448
192	162	6.29838
192	170	7.36429
192	189	7.90704
192	196	9.56613
192	200	9.08831
193	25	3.36377
193	69	3.22216
193	89	3.47842
193	119	5.33185
193	122	5.50189
193	128	4.70091
193	132	4.5082
193	146	6.09494
193	162	6.14223
193	164	6.05351
193	166	6.63518
193	172	6.2315
193	176	7.81687
193	182	7.73911
193	196	9.40998
194	60	3.2375
194	73	4.78806
194	79	4.45083
194	86	4.21481
194	91	5.02626
194	120	7.35557
194	135	4.25479
194	138	5.55085
194	157	6.24237
194	161	6.04361
194	176	7.6687
194	177	8.46696
194	181	6.81054
194	187	8.10329
194	197	9.09383
195	11	2.48175
195	12	4.97882
195	67	3.9506
195	71	3.64059
195	109	4.31878
195	125	3.81711
195	132	4.4793
195	147	5.56638
195	150	4.25579
195	160	5.86363
195	164	6.02461
195	173	6.09091
195	178	6.877
195	181	7.73959
195	191	8.53401
196	4	0.883025
196	41	3.41092
196	61	3.74249
196	71	3.54977
196	94	2.71326
196	97	3.8842
196	115	4.86131
196	133	5.1812
196	135	6.25272
196	142	5.1481
196	148	7.2284
196	158	5.83502
196	173	6.10493
196	174	6.08844
196	194	8.03053
197	38	2.58567
197	43	4.33166
197	111	6.11147
197	126	5.76347
197	131	3.59331
197	149	5.18416
197	155	6.24358
197	159	6.07974
197	167	6.75405
197	175	6.92462
197	187	8.22314
197	188	8.6765
197	189	7.7091
197	191	7.39616
197	199	9.65536
198	73	4.91232
198	104	0.880403
198	112	5.25893
198	117	5.90594
198	124	4.53855
198	126	4.3308
198	144	5.32158
198	152	5.20488
198	153	5.2048
198	176	6.36411
198	184	7.56643
198	188	7.00352
198	189	8.06315
198	194	7.96189
198	197	9.21809
199	9	3.47771
199	15	3.00191
199	73	4.95043
199	77	3.42798
199	108	4.52084
199	109	4.40789
199	123	4.19883
199	146	6.10913
199	148	5.3092
199	152	5.88493
199	163	6.34864
199	172	7.03712
199	179	8.74917
199	180	8.02538
199	186	6.92621
200	23	5.03959
200	85	3.71468
200	105	5.0275
200	112	5.26048
200	124	4.5401
200	127	4.76773
200	130	3.83727
200	132	8.25992
200	153	5.20636
200	172	6.14771
200	174	7.90283
200	191	8.41951
200	197	9.15821
200	198	8.97225
200	199	9.59989
