in-degree distribution (probability density function of the degree in logarithmic bins) 
7.41818	0.180815
9.59259	0.0729201
11.5517	0.064342
14.0435	0.0419215
17	0.0194655
20.85	0.0246017
24.75	0.00808421
30.2727	0.00913173
36.625	0.00545586
48.1667	0.00336153

in-degree distribution (degree-occurrences) 
7	0.16
8	0.115
9	0.055
10	0.08
11	0.065
12	0.08
13	0.035
14	0.04
15	0.04
16	0.02
17	0.025
18	0.02
19	0.015
20	0.015
21	0.04
22	0.03
23	0.01
24	0.01
25	0.01
27	0.01
29	0.025
30	0.01
31	0.005
32	0.01
33	0.005
34	0.015
36	0.005
37	0.01
40	0.005
41	0.005
43	0.005
48	0.01
50	0.015


--------------------------------------
out-degree distribution (probability density function of the degree in logarithmic bins) 
15	6.3838
16	3.66811

out-degree distribution (degree-occurrences) 
15	0.62
16	0.38


--------------------------------------
community distribution (size-occurrences)
7	0.222222
10	0.111111
11	0.111111
25	0.111111
26	0.111111
32	0.111111
34	0.111111
48	0.111111


--------------------------------------
mixing parameter (in-links)
0.428571	0.055
0.444444	0.04
0.454545	0.05
0.461538	0.015
0.467974	0.045
0.475474	0.035
0.483455	0.015
0.5	0.48
0.512713	0.02
0.518111	0.04
0.523537	0.03
0.531373	0.02
0.538462	0.02
0.545455	0.015
0.555556	0.015
0.571429	0.105

--------------------------------------
mixing parameter (out-links)
0.266667	0.005
0.333333	0.07
0.396296	0.135
0.460632	0.29
0.5	0.18
0.533333	0.145
0.5625	0.035
0.6	0.025
0.625	0.03
0.666667	0.015
0.6875	0.01
0.75	0.02
0.8	0.005
0.8125	0.005
0.866667	0.005
0.875	0.015
0.935417	0.01

--------------------------------------
mixing parameter (weights)
0.499469	0.005
0.499655	0.015
0.499722	0.03
0.49984	0.07
0.499942	0.3
0.500029	0.23
0.500129	0.15
0.500232	0.095
0.500349	0.055
0.500471	0.005
0.500571	0.01
0.500663	0.01
0.500728	0.005
0.500879	0.005
0.501007	0.005
0.501423	0.005
0.50154	0.005

--------------------------------------
internal weights (weight-occurrences)
0.374675	0.00130124
1.2497	0.00260247
2.01165	0.0123617
2.69732	0.0520494
3.40601	0.106701
4.11865	0.132075
4.83107	0.128822
5.54061	0.115159
6.25277	0.113858
6.98891	0.113208
7.70107	0.0813273
8.44158	0.0819779
9.04811	0.0396877
9.78694	0.00585556
10.5377	0.00325309
11.3177	0.00195185
12.0642	0.00130124
12.796	0.00455433
13.3707	0.000650618
14.5615	0.00130124

--------------------------------------
external weights (weight-occurrences)
0.0323956	0.0188434
0.870602	0.00974659
1.38366	0.0188434
1.87586	0.0188434
2.44107	0.0207927
2.94942	0.0357375
3.47409	0.0617284
4.00247	0.05718
4.55236	0.08577
5.1018	0.0883691
5.61456	0.0974659
6.143	0.0909682
6.70143	0.0747238
7.23411	0.0818713
7.73259	0.0812216
8.26798	0.0643275
8.7932	0.0493827
9.31065	0.0272904
9.81703	0.0136452
10.3423	0.00324886
