in-degree distribution (probability density function of the degree in logarithmic bins) 
7.275	0.134573
9.35897	0.10823
11.4091	0.0503607
13.5909	0.0415411
16.963	0.0420537
20.5	0.0154173
24.7692	0.013777
29.8824	0.014861
35.8	0.0036054
45	0.00178439

in-degree distribution (degree-occurrences) 
7	0.145
8	0.055
9	0.125
10	0.07
11	0.065
12	0.045
13	0.06
14	0.035
15	0.015
16	0.05
17	0.04
18	0.045
19	0.015
20	0.015
21	0.015
22	0.015
23	0.01
24	0.015
25	0.02
26	0.02
27	0.005
28	0.015
29	0.02
30	0.01
31	0.015
32	0.02
33	0.005
34	0.005
37	0.01
38	0.005
41	0.005
46	0.005
48	0.005


--------------------------------------
out-degree distribution (probability density function of the degree in logarithmic bins) 
15	7.51641
16	2.60629

out-degree distribution (degree-occurrences) 
15	0.73
16	0.27


--------------------------------------
community distribution (size-occurrences)
7	0.166667
9	0.0833333
10	0.0833333
14	0.0833333
15	0.166667
16	0.25
36	0.0833333
39	0.0833333


--------------------------------------
mixing parameter (in-links)
0.571429	0.025
0.625	0.025
0.637662	0.025
0.666667	0.145
0.680409	0.045
0.690135	0.14
0.699613	0.125
0.712249	0.25
0.721494	0.065
0.728388	0.07
0.736842	0.005
0.75	0.05
0.776353	0.03

--------------------------------------
mixing parameter (out-links)
0.466667	0.015
0.533333	0.02
0.5625	0.015
0.6	0.08
0.625	0.03
0.666667	0.265
0.6875	0.115
0.733333	0.255
0.75	0.07
0.803125	0.1
0.866667	0.02
0.875	0.01
0.9375	0.005

--------------------------------------
mixing parameter (weights)
0.699251	0.005
0.699461	0.005
0.699604	0.005
0.699704	0.01
0.699774	0.06
0.699874	0.105
0.699953	0.27
0.700045	0.28
0.700134	0.13
0.700239	0.05
0.700334	0.05
0.700394	0.015
0.700863	0.005
0.701114	0.01

--------------------------------------
internal weights (weight-occurrences)
0.726393	0.00326797
1.35333	0.0043573
1.82929	0.0185185
2.34163	0.0196078
2.8046	0.0479303
3.27216	0.0566449
3.79204	0.0577342
4.26372	0.0827887
4.79157	0.083878
5.26737	0.0882353
5.73755	0.0860566
6.25362	0.0882353
6.72431	0.100218
7.21638	0.08061
7.7055	0.0664488
8.18781	0.0533769
8.673	0.0348584
9.07647	0.0108932
9.62947	0.00980392
10.2953	0.00653595

--------------------------------------
external weights (weight-occurrences)
1.57895	0.00187266
2.10048	0.00327715
2.43622	0.0145131
2.8532	0.0205993
3.25421	0.0323034
3.65675	0.0622659
4.05662	0.0697566
4.44332	0.0744382
4.86967	0.0997191
5.27803	0.0931648
5.69197	0.0926966
6.09551	0.0655431
6.49905	0.0744382
6.90097	0.0889513
7.31321	0.0688202
7.68818	0.0627341
8.12606	0.0308989
8.51595	0.0210674
8.93277	0.0173221
9.34886	0.00561798
