1	9	2.73638
1	32	3.4478
1	33	4.27136
1	37	4.9671
1	81	4.1831
1	106	4.17359
1	141	5.21791
1	143	5.33209
1	145	4.78791
1	152	5.32816
1	153	5.94948
1	158	5.24589
1	160	6.67111
1	166	7.84892
1	167	6.27423
1	168	7.00387
2	5	1.40498
2	17	2.45177
2	28	4.65164
2	31	2.76195
2	72	3.24248
2	87	4.03705
2	95	7.42349
2	106	3.92869
2	115	5.70659
2	126	5.74521
2	175	6.81378
2	181	7.01591
2	186	7.57249
2	190	7.17964
2	192	5.99042
2	199	8.45213
3	23	3.14646
3	59	3.16821
3	67	5.32213
3	77	5.26762
3	116	5.69401
3	119	5.32047
3	121	4.87415
3	125	5.08802
3	129	5.12649
3	142	3.36586
3	149	3.7718
3	166	6.95573
3	175	4.80307
3	180	7.88819
3	193	8.11064
3	196	6.00932
4	2	2.81866
4	43	4.26232
4	61	2.61025
4	99	2.44555
4	126	4.94824
4	134	4.91681
4	138	4.96234
4	151	5.03205
4	154	6.8018
4	167	6.07386
4	179	5.35698
4	181	7.06044
4	190	7.22417
4	195	7.08708
4	197	7.65301
4	200	8.32413
5	18	5.0525
5	22	2.34441
5	58	7.40884
5	78	6.43375
5	132	3.38801
5	140	4.9415
5	143	4.25155
5	149	5.34923
5	164	5.1157
5	167	5.19369
5	171	5.19781
5	174	5.50265
5	175	5.97814
5	180	5.96062
5	186	6.73685
5	200	7.44396
6	9	2.83182
6	23	2.22468
6	58	2.87532
6	66	3.69841
6	101	3.78037
6	119	2.89339
6	132	5.04465
6	146	7.61586
6	153	5.87474
6	154	5.14295
6	158	8.67296
6	170	6.39765
6	191	7.43732
6	193	7.18886
6	194	7.04806
6	196	7.79298
7	41	4.02925
7	71	4.01341
7	85	2.7708
7	92	4.83596
7	117	4.13541
7	129	4.17065
7	130	4.46148
7	140	5.22168
7	159	5.93764
7	166	5.30833
7	183	5.85182
7	188	6.46295
7	189	8.24564
7	193	6.46325
7	198	7.68026
7	199	7.89667
8	1	3.57296
8	15	2.45868
8	46	3.28591
8	52	2.69469
8	60	3.20276
8	85	3.76062
8	123	3.82266
8	127	5.77179
8	143	5.52155
8	148	4.02716
8	154	5.40715
8	165	6.71408
8	169	7.05722
8	173	7.36563
8	180	7.23061
8	195	7.93126
9	35	3.87812
9	39	2.56079
9	63	2.9606
9	88	4.91662
9	103	5.0755
9	111	3.21187
9	119	3.71376
9	132	5.86502
9	146	8.43623
9	158	9.49333
9	161	5.42896
9	163	5.71071
9	165	6.07911
9	181	6.8153
9	183	6.20666
9	199	8.25152
10	32	3.68521
10	36	3.32863
10	69	3.50501
10	74	4.11813
10	78	3.71314
10	83	4.14738
10	103	5.75842
10	105	4.91492
10	112	4.12577
10	126	5.38602
10	134	4.71631
10	141	5.00834
10	153	6.18689
10	165	6.76203
10	192	8.93243
10	195	7.52486
11	15	2.43463
11	16	4.27316
11	18	2.88697
11	62	0.880094
11	82	2.11883
11	137	5.32277
11	160	5.32851
11	164	6.53452
11	167	6.43964
11	177	6.6971
11	183	6.81759
11	185	7.13577
11	186	6.41416
11	188	7.42872
11	197	8.01879
11	199	7.66377
12	41	0.721559
12	45	3.53945
12	65	3.57048
12	69	3.5776
12	78	3.6656
12	155	3.17971
12	163	5.83569
12	168	4.47098
12	173	7.36605
12	174	6.77306
12	177	6.26257
12	178	6.81854
12	189	7.25206
12	191	6.59572
12	197	7.16312
12	199	8.88691
13	39	2.8659
13	47	3.32224
13	59	3.7056
13	64	3.77978
13	102	4.67136
13	106	4.75667
13	137	5.01696
13	147	5.61786
13	151	5.09202
13	165	5.73335
13	171	6.13795
13	173	7.03577
13	174	6.44279
13	177	6.88115
13	178	6.48826
13	199	7.84782
14	15	1.6339
14	21	3.30107
14	35	3.68832
14	46	2.46114
14	57	4.92554
14	92	3.66891
14	112	4.05199
14	114	4.97363
14	117	4.30046
14	124	4.64581
14	152	4.69285
14	169	6.23245
14	172	6.58266
14	176	10.4301
14	185	6.33504
14	187	6.63005
15	94	4.10485
15	126	4.37077
15	140	5.2442
15	162	5.53793
15	168	4.46642
15	170	5.63769
15	174	5.80535
15	175	6.28085
15	181	6.48298
15	182	5.66119
15	185	6.19252
15	186	7.03956
15	188	6.48547
15	190	6.10478
15	197	7.15856
15	200	7.74666
16	7	2.71019
16	44	3.77597
16	47	3.9694
16	69	3.89449
16	83	2.7981
16	87	4.78871
16	92	4.81098
16	94	3.59269
16	95	3.65417
16	125	4.74773
16	136	4.4293
16	151	5.69723
16	156	5.47197
16	189	7.56894
16	194	8.14633
16	200	9.03125
17	94	4.40473
17	97	4.7444
17	103	3.71191
17	137	4.67941
17	141	4.89438
17	154	4.73974
17	159	5.94993
17	161	5.65929
17	166	5.63074
17	173	6.69822
17	176	5.75188
17	184	6.18844
17	186	5.98197
17	188	6.78536
17	199	7.23159
17	200	8.04655
18	5	7.12423
18	56	3.79742
18	72	3.02347
18	80	3.22267
18	97	3.63186
18	99	2.50939
18	126	4.68469
18	143	4.86817
18	144	7.14139
18	154	6.86564
18	166	5.64478
18	173	6.71226
18	175	6.59477
18	182	6.51535
18	187	6.80145
18	199	8.23312
19	1	3.89105
19	11	4.12664
19	20	1.75097
19	50	4.57589
19	106	4.68114
19	113	5.16119
19	117	3.49616
19	118	4.27443
19	124	4.00529
19	151	5.73996
19	155	6.90954
19	180	6.69853
19	185	6.29663
19	187	6.38815
19	190	7.93209
19	196	8.37526
20	19	1.64495
20	39	3.71235
20	50	4.77439
20	65	4.08666
20	69	4.09378
20	84	4.9658
20	89	2.99039
20	98	3.05875
20	109	2.67822
20	147	5.12768
20	161	6.58053
20	180	6.85875
20	185	6.45685
20	193	7.96965
20	194	7.82885
20	199	9.40308
21	26	4.18389
21	31	4.83307
21	36	2.97945
21	59	4.19652
21	80	4.03711
21	100	2.14209
21	107	5.04933
21	110	4.93292
21	121	5.7244
21	127	4.96265
21	138	5.83475
21	163	6.50674
21	165	6.87514
21	168	7.3544
21	179	6.99934
21	197	8.2039
22	9	2.73059
22	12	3.6036
22	40	5.07792
22	107	4.90856
22	127	4.5867
22	128	5.48864
22	131	4.4905
22	134	4.45347
22	141	5.3469
22	142	5.23958
22	146	7.51463
22	151	5.20699
22	158	8.57173
22	159	6.40245
22	162	6.29033
22	195	7.26202
23	18	4.4469
23	31	2.34275
23	65	2.7165
23	89	3.4087
23	99	5.1194
23	118	3.10278
23	124	4.61702
23	127	3.94803
23	163	5.49211
23	164	5.53213
23	168	6.33977
23	170	5.80829
23	179	8.03083
23	184	6.00228
23	188	6.5992
23	198	7.81651
24	42	5.67308
24	59	3.68057
24	80	3.52116
24	86	4.4682
24	101	3.68968
24	104	3.06449
24	112	4.52188
24	120	3.64604
24	122	5.06329
24	131	5.84854
24	144	4.75954
24	146	4.69562
24	158	5.08046
24	176	7.75907
24	186	7.65196
24	199	8.5316
25	37	3.86186
25	39	2.91094
25	46	4.06043
25	51	4.67937
25	79	3.8505
25	92	4.20886
25	143	5.23672
25	153	5.85412
25	160	5.56587
25	163	6.06085
25	166	6.74368
25	171	6.18298
25	173	7.08081
25	183	6.55681
25	190	7.32918
25	192	8.03676
26	24	3.46646
26	40	2.97368
26	41	5.15407
26	61	3.13507
26	66	4.09761
26	93	1.9716
26	115	4.61275
26	154	5.54215
26	159	6.75234
26	168	7.32833
26	182	7.30372
26	192	6.55978
26	194	6.88434
26	195	6.61483
26	196	5.77816
26	198	6.49883
27	56	2.40066
27	82	2.30376
27	87	2.77511
27	95	3.49776
27	102	2.55474
27	133	6.2808
27	144	5.27532
27	157	6.9461
27	162	3.92175
27	167	6.62458
27	172	7.56833
27	174	5.26882
27	183	7.00252
27	192	6.58567
27	195	7.6378
27	196	8.21807
28	4	2.7157
28	47	3.05267
28	70	3.00591
28	111	7.55239
28	115	5.45735
28	126	5.49598
28	128	5.1041
28	135	5.51923
28	142	4.85504
28	147	5.34829
28	158	4.83592
28	165	6.11465
28	166	5.69872
28	168	6.5939
28	188	6.85334
28	197	7.4434
29	7	4.23669
29	27	2.03436
29	59	3.53984
29	84	3.95359
29	110	4.27624
29	130	4.95568
29	138	5.42588
29	147	5.45211
29	168	6.69772
29	176	5.92367
29	177	5.76654
29	178	6.93839
29	188	6.95715
29	191	7.2059
29	194	6.81665
29	200	8.33898
30	46	2.89581
30	49	3.71624
30	58	2.74942
30	88	5.16149
30	90	4.55652
30	110	4.38176
30	139	4.98881
30	140	5.32994
30	150	7.40527
30	169	6.66713
30	179	6.44818
30	181	7.06017
30	182	6.77863
30	183	7.11333
30	190	7.22391
30	197	7.65274
31	64	3.60974
31	70	3.10545
31	82	1.64298
31	100	3.84553
31	121	7.42783
31	126	4.83818
31	135	5.05526
31	140	5.71161
31	143	5.02166
31	162	5.4532
31	168	6.69344
31	173	6.86574
31	178	9.05069
31	187	6.95493
31	191	7.20163
31	194	6.81237
32	67	4.50653
32	102	4.8432
32	104	3.26136
32	127	4.64357
32	133	4.07972
32	146	4.89249
32	161	5.0475
32	164	5.49055
32	165	4.50533
32	170	6.50383
32	175	7.09012
32	185	7.00179
32	186	5.37018
32	198	8.51206
32	199	6.6198
32	200	8.55594
33	18	3.25898
33	52	2.98235
33	80	4.22401
33	83	3.1402
33	96	5.05042
33	107	5.47142
33	108	4.63456
33	110	5.11982
33	111	4.1948
33	118	4.30431
33	125	4.7784
33	151	6.03933
33	155	6.93941
33	179	7.18624
33	188	6.91716
33	196	7.38225
34	12	3.65943
34	58	2.3262
34	116	4.22311
34	133	5.3066
34	140	5.39818
34	144	4.30112
34	150	4.51024
34	159	5.80402
34	168	6.21757
34	178	6.00481
34	180	6.4173
34	181	6.63695
34	182	7.41234
34	193	6.63975
34	194	6.49895
34	197	8.90971
35	20	4.85836
35	47	4.0013
35	57	4.8649
35	58	3.48871
35	77	4.95924
35	111	4.19604
35	120	4.35013
35	145	5.32656
35	157	6.49606
35	169	4.74482
35	171	6.6868
35	174	4.81879
35	180	7.57981
35	189	6.34347
35	196	8.40637
35	198	9.01928
36	25	1.99287
36	26	3.26022
36	76	4.80333
36	92	3.73108
36	101	5.14774
36	129	4.39786
36	141	5.0648
36	149	5.85662
36	159	5.85473
36	160	6.51801
36	180	6.468
36	188	6.69016
36	192	8.9889
36	195	6.7143
36	197	7.28023
36	199	8.12388
37	25	2.84022
37	36	4.23245
37	40	2.80734
37	79	4.10398
37	85	3.72927
37	89	4.23092
37	90	4.91526
37	107	5.0921
37	108	4.25525
37	110	4.74051
37	112	5.02959
37	138	5.32082
37	164	6.35435
37	166	8.54318
37	195	7.44556
37	200	8.68261
38	14	3.58057
38	15	1.09612
38	24	4.5927
38	69	4.83843
38	81	5.6338
38	86	5.93534
38	121	5.47781
38	130	4.4535
38	135	6.81639
38	148	6.90619
38	155	2.42885
38	170	4.89139
38	190	5.35848
38	191	5.84486
38	196	9.31841
38	197	6.41226
39	27	3.0481
39	82	1.63393
39	127	4.29265
39	139	4.60678
39	141	5.05285
39	155	6.08251
39	156	5.99486
39	162	4.35465
39	164	5.87676
39	165	6.20514
39	169	5.62775
39	178	7.95213
39	179	6.32934
39	186	7.49791
39	190	7.10506
39	198	8.16114
40	29	2.57074
40	51	4.40651
40	54	3.25371
40	55	6.41822
40	73	4.0883
40	94	4.51446
40	101	3.48688
40	113	4.28542
40	130	4.89362
40	136	5.50595
40	158	10.3266
40	160	4.79487
40	169	6.49954
40	171	5.91013
40	172	6.84975
40	175	6.69046
41	34	3.61168
41	42	3.66848
41	76	6.27302
41	100	5.18439
41	111	4.55391
41	117	5.83231
41	129	5.86755
41	130	4.29117
41	163	4.92252
41	170	4.72907
41	177	6.96923
41	182	4.75257
41	185	7.86689
41	190	5.19616
41	191	5.68254
41	198	9.37716
42	3	4.23756
42	56	3.84833
42	76	4.96348
42	86	5.21281
42	99	4.51572
42	102	4.39877
42	117	4.52277
42	121	3.61412
42	131	6.59315
42	147	5.34527
42	156	4.55221
42	162	5.90276
42	172	6.80498
42	176	8.50368
42	197	7.44038
42	199	8.28403
43	4	3.14803
43	33	4.16155
43	40	2.53942
43	45	3.23976
43	85	6.03646
43	114	5.49913
43	126	5.0388
43	134	6.42832
43	159	6.31807
43	160	5.05328
43	161	5.76467
43	163	6.04641
43	167	6.16442
43	179	6.86849
43	189	6.95238
43	190	7.31473
44	13	2.98522
44	56	2.89566
44	76	5.17958
44	105	4.4806
44	106	3.97669
44	128	5.86097
44	138	6.50173
44	158	5.04899
44	160	4.96619
44	167	6.07732
44	176	6.03292
44	184	6.82302
44	189	7.2885
44	193	7.0667
44	194	6.9259
44	198	8.28372
45	4	3.02552
45	14	9.54015
45	60	6.53333
45	81	4.08295
45	85	3.47101
45	89	3.97266
45	114	5.50879
45	119	4.37328
45	145	4.68776
45	146	4.7609
45	164	6.09609
45	165	6.42447
45	171	6.1782
45	176	7.97078
45	184	6.56623
45	189	6.96203
46	10	4.02148
46	11	3.38789
46	30	2.92952
46	61	2.57941
46	66	3.54195
46	82	8.16864
46	90	4.52595
46	114	5.37774
46	150	4.90289
46	165	6.29342
46	168	6.77267
46	176	5.99863
46	182	6.74806
46	183	6.42097
46	192	9.74466
46	200	8.29329
47	1	3.31167
47	53	9.8203
47	67	3.79388
47	76	5.30465
47	94	4.81085
47	109	4.92906
47	110	5.39831
47	125	6.37543
47	129	4.89918
47	134	4.40706
47	137	4.44982
47	158	5.17405
47	177	6.00086
47	182	6.90743
47	195	7.21561
47	199	8.6252
48	42	2.94071
48	86	4.6534
48	89	4.24157
48	90	4.92591
48	91	3.25722
48	120	4.96567
48	139	4.60366
48	148	5.62426
48	152	5.49693
48	155	6.57075
48	161	6.04324
48	176	6.39859
48	181	7.42957
48	183	6.72819
48	193	7.74537
48	195	7.45621
49	6	3.49668
49	30	3.38653
49	32	3.67361
49	48	4.05608
49	84	2.29798
49	98	4.74076
49	133	6.15626
49	142	4.28196
49	143	5.5579
49	165	6.75043
49	172	5.72614
49	184	6.8922
49	188	6.46034
49	191	7.73787
49	196	6.92543
49	199	8.92284
50	15	2.5968
50	56	2.90869
50	71	3.06931
50	72	4.96829
50	93	4.88817
50	108	5.37732
50	114	3.96747
50	132	4.79613
50	148	5.78308
50	154	5.54528
50	159	4.99354
50	165	6.8522
50	173	7.50376
50	176	6.55741
50	193	7.59119
50	196	8.1953
51	28	3.55459
51	31	3.77832
51	36	3.4004
51	38	1.46149
51	92	5.0757
51	95	3.91888
51	112	5.45878
51	132	5.24001
51	148	6.22696
51	150	5.90556
51	155	3.74466
51	163	6.40065
51	170	6.2072
51	185	7.74182
51	187	8.03683
51	197	7.72807
52	79	3.84132
52	96	4.39347
52	108	3.97761
52	125	4.12145
52	126	5.02908
52	145	6.8502
52	151	5.20487
52	153	4.68985
52	170	6.35287
52	173	7.05665
52	174	6.46366
52	181	7.14129
52	189	6.94266
52	190	7.30502
52	192	6.1158
52	194	7.65397
53	18	2.18655
53	87	3.74695
53	96	3.97799
53	100	3.75285
53	102	4.27676
53	118	7.94719
53	123	4.70197
53	124	4.74612
53	142	4.73
53	146	4.32605
53	157	5.20714
53	162	5.78076
53	164	5.66123
53	181	6.72581
53	188	6.7283
53	192	5.70032
54	5	6.94897
54	14	2.16349
54	55	3.1928
54	99	2.33412
54	100	4.32147
54	142	5.29863
54	144	6.96612
54	154	6.69037
54	155	6.43561
54	157	5.77577
54	163	6.18984
54	179	5.24555
54	181	7.29443
54	186	7.85101
54	189	7.0958
54	190	7.45816
55	17	2.48675
55	22	2.98338
55	40	6.85396
55	69	3.17781
55	81	3.97318
55	101	3.64518
55	107	4.72407
55	115	4.07837
55	132	6.71945
55	136	5.66425
55	149	6.21985
55	172	7.00805
55	176	6.01991
55	193	7.05368
55	194	6.91288
56	13	3.58834
56	22	3.83116
56	35	1.68681
56	95	3.55362
56	98	4.92116
56	107	4.96161
56	120	4.21768
56	141	5.77854
56	169	4.93515
56	171	6.87713
56	180	7.44736
56	190	7.83075
56	193	7.66981
56	197	8.25958
56	200	8.66012
57	14	8.16303
57	31	3.45363
57	45	3.39379
57	53	2.43265
57	60	5.15621
57	74	4.3275
57	77	4.86736
57	86	3.30278
57	111	4.10416
57	131	4.68312
57	135	5.81247
57	136	6.32095
57	174	7.02997
57	192	6.6821
57	198	8.9274
58	54	2.85913
58	105	4.32277
58	108	3.7424
58	116	4.49223
58	126	4.79387
58	138	4.80797
58	145	4.43317
58	152	4.97343
58	154	8.08081
58	160	4.80836
58	163	5.80149
58	170	6.11766
58	179	6.63599
58	184	6.31165
58	198	8.12589
59	25	3.39159
59	33	4.30772
59	37	3.8138
59	49	3.67101
59	91	4.47391
59	97	4.24877
59	110	4.73539
59	111	3.81037
59	144	5.07796
59	162	6.46875
59	180	7.19414
59	188	7.01494
59	189	7.21517
59	196	7.48003
59	200	8.67749
60	18	2.44502
60	24	4.96308
60	25	2.96207
60	56	3.9848
60	57	3.3392
60	90	4.48062
60	133	5.65392
60	137	4.88083
60	138	4.88618
60	153	5.67295
60	162	6.03923
60	164	5.91971
60	176	8.84374
60	189	6.78565
60	198	8.20409
61	28	2.27027
61	42	5.7557
61	60	6.40424
61	128	5.00122
61	131	5.93116
61	146	4.3482
61	149	5.91692
61	159	5.91503
61	172	6.70513
61	176	7.84169
61	178	6.11582
61	179	6.13597
61	180	6.52831
61	189	6.54934
61	192	5.72248
62	8	5.43964
62	41	6.61338
62	58	4.73382
62	75	0.577527
62	100	6.07162
62	103	2.51475
62	127	6.3959
62	131	6.29969
62	133	3.49436
62	161	4.46213
62	164	4.90519
62	165	3.91996
62	174	8.36695
62	186	4.78482
62	199	6.03444
63	2	2.87121
63	16	4.4235
63	51	4.62691
63	71	3.56243
63	76	2.68545
63	77	4.27276
63	134	4.33108
63	135	5.21787
63	152	8.56228
63	163	6.0084
63	167	6.12641
63	178	6.48084
63	180	6.89333
63	187	7.11754
63	195	9.0321
64	21	4.12937
64	30	2.98173
64	66	3.16233
64	71	3.90324
64	74	3.85759
64	78	3.66871
64	109	5.19388
64	114	5.80193
64	150	7.01871
64	152	5.52115
64	170	6.66538
64	188	7.45629
64	189	7.25517
64	191	7.70505
64	193	7.74396
65	10	3.5994
65	17	2.57268
65	19	3.94331
65	31	4.63143
65	51	4.65074
65	72	4.08663
65	135	5.2417
65	157	6.57247
65	163	6.03223
65	171	6.76321
65	179	6.52483
65	181	6.57813
65	186	7.6934
65	197	7.72938
65	198	8.35663
66	31	3.04697
66	42	2.81206
66	62	6.13108
66	63	3.44622
66	103	5.56112
66	120	5.34481
66	132	4.50866
66	140	5.32393
66	150	7.39926
66	158	5.28601
66	162	6.35588
66	176	6.26994
66	183	7.10732
66	190	7.46466
66	198	8.52074
67	8	4.12615
67	47	3.81728
67	80	4.15686
67	86	4.95491
67	99	5.39898
67	108	4.56741
67	110	5.00343
67	118	6.4667
67	125	5.98055
67	131	4.98619
67	137	4.05494
67	145	5.25818
67	160	5.63336
67	165	6.99489
67	174	7.05345
68	11	3.39606
68	111	3.43434
68	123	4.35088
68	130	5.0388
68	137	4.93432
68	147	5.53523
68	148	4.55538
68	162	6.09272
68	170	6.24935
68	175	6.41655
68	178	6.40563
68	183	6.42913
68	185	6.74731
68	190	7.2015
68	198	8.34348
69	6	3.08265
69	19	3.87908
69	80	3.74286
69	82	7.35422
69	103	5.33279
69	118	3.57867
69	122	5.04051
69	145	4.59969
69	160	6.45936
69	168	6.81566
69	177	5.88448
69	189	6.87397
69	192	8.93024
69	193	7.07539
69	198	8.2924
70	78	3.30073
70	91	3.68522
70	107	4.759
70	113	3.33545
70	120	5.39367
70	122	5.05373
70	140	5.37279
70	153	5.77449
70	154	5.0427
70	173	7.00118
70	175	6.88369
70	191	7.33707
70	193	8.17337
70	196	7.69272
70	199	8.52204
71	18	2.73205
71	61	2.82111
71	108	4.65868
71	114	3.24883
71	143	5.34259
71	150	5.14459
71	159	4.2749
71	175	7.06918
71	180	7.05165
71	182	6.98976
71	184	6.11742
71	187	7.27586
71	192	6.24582
71	198	8.49112
71	200	8.70922
72	63	3.28637
72	121	6.81319
72	128	6.28278
72	134	4.35916
72	139	4.80652
72	146	4.74131
72	154	5.09796
72	162	4.83856
72	167	6.15449
72	174	6.18563
72	177	5.95296
72	179	6.52908
72	188	7.14357
72	192	6.11559
72	194	7.00307
73	6	3.72411
73	33	4.49826
73	37	4.11405
73	43	3.7924
73	53	2.43911
73	71	4.16349
73	104	3.68316
73	125	4.69421
73	135	5.81893
73	136	5.05972
73	153	5.81262
73	174	7.03642
73	181	7.71405
73	190	7.87778
73	195	8.50724
74	6	3.38022
74	7	2.31279
74	70	4.02778
74	77	4.52993
74	100	4.39721
74	113	3.69166
74	117	5.04513
74	124	5.39048
74	129	5.08037
74	157	5.8515
74	167	6.38358
74	175	7.16804
74	183	7.51239
74	193	8.52958
74	200	8.63385
75	11	1.66672
75	97	3.97908
75	103	2.94659
75	106	3.37513
75	115	5.27515
75	129	5.95787
75	161	4.89397
75	163	7.14308
75	165	4.35181
75	166	7.09555
75	170	7.45925
75	185	7.95721
75	186	5.21666
75	194	8.10967
75	199	6.46628
76	9	3.89156
76	12	4.78421
76	68	3.13056
76	115	5.44347
76	122	4.04154
76	127	4.27223
76	132	5.62372
76	136	2.98419
76	140	7.17721
76	144	6.08015
76	151	4.25211
76	172	4.39574
76	179	7.80399
76	191	8.66724
76	194	6.70121
77	7	2.64918
77	32	3.89354
77	57	4.77199
77	71	4.156
77	84	4.70549
77	123	5.68271
77	143	4.84102
77	151	5.67816
77	167	6.49563
77	173	4.75666
77	175	7.50442
77	180	6.72718
77	187	6.4168
77	189	7.50793
77	193	7.70934
78	4	2.41268
78	74	3.74675
78	104	8.18171
78	121	3.89315
78	125	4.10701
78	128	5.3801
78	133	5.79649
78	134	5.69296
78	135	5.23173
78	153	5.81552
78	168	6.86991
78	176	6.09586
78	179	6.13313
78	184	6.53242
78	200	8.39053
79	35	4.47229
79	82	2.10207
79	87	4.43061
79	94	4.04811
79	96	4.66165
79	114	5.7576
79	115	4.43695
79	118	3.91554
79	147	5.90692
79	172	6.29627
79	175	6.28931
79	180	7.18981
79	187	7.41402
79	194	8.60175
79	197	8.00203
80	38	5.50109
80	59	3.78273
80	69	3.59416
80	78	3.41246
80	98	4.45168
80	136	5.8109
80	142	5.20174
80	153	5.88621
80	155	6.33872
80	160	6.55069
80	166	7.72851
80	180	6.97788
80	185	6.90708
80	191	7.44879
80	192	9.02158
81	17	2.93826
81	38	5.80595
81	103	5.7626
81	115	4.52988
81	119	4.71503
81	149	4.31226
81	151	5.20686
81	153	4.69184
81	157	5.98374
81	161	6.11607
81	165	6.76621
81	183	6.89376
81	193	7.50519
81	194	7.65596
81	196	6.54978
82	46	6.34636
82	73	3.57955
82	119	3.59647
82	145	3.91094
82	159	5.55091
82	161	4.99751
82	172	6.34101
82	173	6.2992
82	178	5.75169
82	182	6.10229
82	192	10.3227
82	193	6.38663
82	198	7.60365
82	199	7.82006
82	200	7.64753
83	79	3.78101
83	85	3.66942
83	93	2.68092
83	105	6.0135
83	133	6.02872
83	143	5.43035
83	147	5.85653
83	152	6.85434
83	172	5.28819
83	184	6.76465
83	187	7.36363
83	188	6.0224
83	189	7.16045
83	191	7.61033
83	199	8.7953
84	7	2.45738
84	95	3.40135
84	105	5.87826
84	136	3.7414
84	160	5.41703
84	162	6.5697
84	164	6.45018
84	165	6.77856
84	171	6.53229
84	175	5.14599
84	183	6.90611
84	185	7.22429
84	195	7.18892
84	198	7.07292
84	200	8.77844
85	23	7.42674
85	27	3.80459
85	56	4.16056
85	60	2.91252
85	78	4.57449
85	80	3.58581
85	104	8.82575
85	106	4.07282
85	117	4.835
85	123	5.1362
85	161	5.7737
85	170	6.37162
85	181	7.16004
85	189	6.96141
85	199	8.59626
86	5	2.04182
86	10	4.11533
86	26	4.22531
86	42	5.76384
86	43	3.7311
86	55	3.55112
86	57	2.34528
86	106	4.56553
86	127	5.00407
86	131	5.9393
86	168	7.39581
86	171	6.67028
86	176	7.84983
86	186	8.20933
86	193	7.65554
87	45	3.64735
87	72	4.31326
87	85	3.86894
87	125	4.53876
87	128	5.21899
87	137	5.45514
87	139	5.22404
87	141	5.67011
87	154	5.51547
87	156	5.41497
87	167	6.57201
87	181	6.80477
87	182	7.27704
87	199	8.99481
87	200	8.77284
88	4	4.17087
88	12	1.48513
88	36	3.67413
88	49	4.96208
88	105	5.72271
88	122	6.27392
88	130	4.77664
88	155	2.752
88	166	7.15389
88	168	4.04327
88	171	7.32354
88	190	5.68162
88	191	6.16801
88	196	8.91291
88	197	6.73541
89	49	4.06615
89	68	3.464
89	93	4.70986
89	99	5.07799
89	113	4.80292
89	126	5.29788
89	143	5.56551
89	146	5.01032
89	173	5.48115
89	176	6.3791
89	182	7.12854
89	185	7.04977
89	187	7.14129
89	199	8.8463
89	200	8.67377
90	10	4.31159
90	37	4.24901
90	48	4.41847
90	56	4.84953
90	71	4.29845
90	91	4.90912
90	122	4.69125
90	124	5.86932
90	145	6.54714
90	159	7.01608
90	166	6.69689
90	169	7.45596
90	195	7.08141
90	196	6.24473
90	198	6.9654
91	12	3.92689
91	27	4.20322
91	30	3.37037
91	48	2.81039
91	64	2.85927
91	76	5.67434
91	97	4.39364
91	131	4.81379
91	159	6.72574
91	181	7.55867
91	183	7.11542
91	192	6.53318
91	193	8.1326
91	195	7.58531
91	196	8.16558
92	30	3.45267
92	63	3.69806
92	105	4.96946
92	109	5.29284
92	112	4.97926
92	129	5.26297
92	131	4.80788
92	134	4.77085
92	146	5.153
92	156	5.8086
92	164	6.48819
92	174	5.51546
92	178	7.76587
92	186	8.10934
92	189	7.04014
93	36	3.04906
93	41	5.24974
93	73	4.24335
93	92	4.72436
93	105	6.19195
93	114	6.02908
93	123	3.39401
93	138	5.58284
93	152	7.0328
93	167	6.69436
93	171	6.69848
93	174	7.00332
93	175	5.45968
93	181	7.68095
93	195	7.50261
94	39	3.58367
94	43	3.91652
94	57	4.90361
94	59	4.05821
94	63	5.08445
94	71	4.28762
94	118	4.34425
94	158	5.82325
94	159	7.00524
94	160	5.74045
94	175	5.69307
94	178	7.20603
94	183	7.22954
94	194	8.00551
94	198	7.62
95	13	2.81478
95	115	6.50083
95	123	4.86962
95	125	3.87363
95	126	6.53945
95	135	6.5627
95	145	4.42056
95	152	4.96082
95	163	5.78887
95	173	6.80882
95	182	6.61191
95	186	7.45004
95	188	6.89596
95	192	5.86797
95	193	6.89625
96	61	3.15717
96	73	4.80308
96	88	5.70868
96	90	5.10371
96	97	4.44233
96	139	5.27281
96	147	5.06539
96	167	6.56491
96	170	6.81895
96	172	7.56453
96	173	4.82593
96	180	6.79646
96	187	6.48608
96	198	8.82717
96	200	8.87105
97	13	4.1273
97	21	4.07253
97	62	1.88371
97	91	4.45707
97	102	4.94791
97	118	3.90303
97	134	4.61505
97	136	6.01032
97	160	5.29924
97	178	6.76481
97	186	7.41777
97	187	7.40151
97	189	7.19833
97	199	8.66739
97	200	8.66064
98	32	3.79544
98	50	4.41598
98	89	3.55036
98	117	4.21635
98	129	5.31865
98	130	5.60948
98	143	5.53256
98	148	5.80314
98	158	5.59353
98	172	7.56562
98	173	5.4482
98	175	7.40632
98	184	7.01403
98	185	7.01682
98	195	7.63509
99	46	3.67396
99	48	4.40778
99	58	4.4101
99	80	4.2641
99	88	5.93964
99	103	6.09852
99	105	5.25502
99	121	4.60462
99	134	5.19753
99	144	7.35827
99	151	5.80993
99	154	7.08252
99	179	5.6377
99	189	7.63969
99	197	8.43088
100	95	3.36888
100	99	5.15019
100	109	5.22237
100	114	3.06013
100	115	4.50977
100	121	5.49708
100	152	5.54964
100	166	6.33017
100	181	6.55245
100	182	7.20074
100	185	7.19183
100	186	8.03887
100	189	6.3942
100	191	7.73354
100	200	8.52053
101	16	4.132
101	73	4.48077
101	80	4.40728
101	118	3.79114
101	125	4.26523
101	128	5.53832
101	134	4.50315
101	141	5.67057
101	142	5.28926
101	158	5.27014
101	175	7.08293
101	178	6.65291
101	187	7.28961
101	192	9.59466
101	196	7.89196
102	35	1.57109
102	53	2.47529
102	109	5.49031
102	122	5.71814
102	128	4.99055
102	138	5.6313
102	159	4.11008
102	176	6.71925
102	177	6.56212
102	187	7.75478
102	189	6.41808
102	193	7.75302
102	196	8.35714
102	198	8.97004
102	200	8.5444
103	11	3.23811
103	70	4.26706
103	74	4.7319
103	75	1.936
103	82	2.8046
103	83	4.76116
103	128	6.36525
103	133	5.49759
103	143	6.18327
103	154	6.06888
103	164	6.90843
103	165	5.9232
103	172	8.06916
103	186	6.78806
103	200	9.37568
104	4	3.76495
104	12	3.43751
104	34	2.3452
104	85	6.65337
104	98	4.32343
104	120	3.61995
104	133	5.73893
104	140	5.83052
104	149	6.23825
104	158	5.05437
104	164	6.00472
104	174	6.39167
104	186	7.62587
104	195	7.09593
104	200	8.33298
105	8	4.75493
105	25	3.63113
105	26	2.90042
105	50	4.46087
105	62	6.48349
105	74	4.27324
105	81	4.28922
105	104	3.62245
105	120	4.204
105	133	6.32298
105	144	5.3175
105	169	7.26029
105	176	6.62236
105	178	7.02119
105	188	7.9932
106	13	3.75931
106	77	4.52962
106	84	4.36879
106	116	4.95601
106	121	4.13616
106	144	5.03402
106	152	5.43721
106	159	6.53692
106	165	6.18492
106	174	6.69223
106	177	7.33273
106	183	6.76122
106	187	7.37441
106	199	8.2994
106	200	8.63354
107	2	3.53519
107	19	4.58346
107	34	3.05287
107	36	3.14509
107	44	4.62243
107	91	4.83708
107	101	4.37126
107	116	3.22082
107	144	5.44113
107	158	5.76205
107	169	6.31345
107	171	8.25543
107	179	7.16497
107	183	7.16833
107	188	7.77947
108	7	5.73518
108	35	2.86416
108	38	5.63715
108	54	3.69473
108	68	3.38752
108	88	5.43492
108	104	3.30271
108	156	6.4796
108	164	6.26903
108	179	6.72161
108	181	7.8694
108	182	7.05205
108	188	7.3361
108	194	7.19559
108	196	7.94051
109	33	4.88743
109	38	6.18043
109	46	3.71252
109	68	3.9308
109	102	5.42784
109	124	4.32741
109	129	5.58708
109	142	5.88108
109	143	5.1345
109	147	5.28959
109	165	7.14069
109	167	6.78911
109	179	7.26489
109	185	6.61876
109	187	6.71027
110	67	4.12356
110	89	4.40012
110	96	4.84031
110	118	7.19126
110	120	4.13879
110	125	6.70511
110	127	4.93945
110	131	4.84324
110	136	6.20149
110	137	4.7795
110	138	5.49002
110	148	5.78281
110	152	5.65548
110	172	7.54529
110	174	6.9105
111	57	4.30395
111	79	3.92357
111	83	3.88767
111	90	4.73485
111	95	7.91465
111	110	4.56009
111	122	5.20642
111	129	4.94871
111	134	4.4566
111	135	6.25962
111	137	5.13506
111	142	5.24271
111	169	6.84546
111	180	7.01885
111	190	7.40224
112	5	2.02288
112	20	4.6927
112	29	3.31195
112	41	5.2026
112	46	5.16193
112	82	7.56224
112	96	4.88599
112	101	5.2971
112	121	4.40011
112	131	4.88892
112	157	6.11514
112	166	7.84518
112	185	7.34335
112	186	8.19038
112	195	7.66044
113	61	3.17888
113	62	6.45923
113	70	3.32204
113	100	4.65612
113	103	5.88927
113	130	5.6301
113	136	6.24244
113	139	4.68213
113	150	7.09859
113	156	5.33348
113	176	6.59809
113	183	6.80666
113	193	7.82384
113	194	7.49107
113	195	7.65571
114	16	4.95409
114	24	3.98834
114	44	3.54983
114	61	3.65696
114	73	5.30287
114	87	2.82111
114	119	5.31978
114	139	5.7726
114	154	6.06404
114	159	4.5315
114	169	5.24085
114	171	7.18284
114	195	8.13379
114	199	9.54338
114	200	8.96582
115	2	4.86078
115	52	3.49196
115	55	3.27347
115	82	2.0677
115	111	7.64861
115	126	5.5922
115	135	5.61544
115	139	5.04054
115	147	5.87255
115	148	5.56978
115	170	6.58668
115	180	7.15544
115	192	6.34961
115	197	7.96766
115	199	8.81132
116	1	3.81211
116	47	3.89124
116	57	4.75485
116	79	4.37447
116	91	4.74952
116	132	4.89715
116	157	6.32561
116	171	6.51635
116	181	6.33127
116	185	7.39896
116	189	6.17302
116	194	7.55141
116	195	7.71605
116	196	8.29632
116	200	8.29934
117	23	2.73088
117	28	3.21458
117	38	5.99583
117	43	3.77063
117	66	4.20462
117	89	3.80162
117	134	4.91037
117	147	5.93891
117	170	6.90386
117	174	7.01465
117	185	7.26808
117	187	7.3596
117	191	7.94353
117	198	8.91209
117	200	8.95596
118	27	3.80675
118	94	4.78407
118	110	6.23972
118	122	5.13011
118	125	7.21684
118	130	5.16323
118	137	5.29123
118	143	5.23348
118	150	5.03548
118	160	5.06448
118	179	6.55021
118	180	6.94254
118	182	6.88065
118	184	6.56778
118	199	8.59842
119	6	2.10517
119	52	3.59429
119	55	5.22549
119	63	3.62272
119	128	5.73068
119	132	5.50556
119	146	8.07677
119	148	5.6721
119	158	9.13388
119	160	5.3797
119	164	6.41285
119	179	6.86543
119	192	6.45193
119	198	8.69723
119	200	8.7411
120	30	4.08783
120	75	4.95502
120	91	4.36191
120	124	5.1527
120	130	5.13341
120	155	6.27356
120	161	5.74605
120	169	6.73934
120	171	6.14992
120	174	6.45476
120	177	5.94427
120	183	7.83288
120	187	7.13694
120	193	8.85006
120	199	8.56861
121	81	4.11316
121	95	3.07747
121	102	3.87821
121	105	4.60757
121	116	3.42569
121	136	5.80423
121	144	4.85503
121	168	6.93393
121	173	7.10623
121	178	8.8427
121	180	6.97121
121	184	7.65149
121	186	7.74745
121	191	7.44212
121	194	7.05286
122	16	4.02148
122	19	4.59296
122	21	4.46204
122	44	3.79487
122	68	5.32893
122	86	5.0103
122	107	5.45965
122	142	5.14994
122	144	5.45063
122	153	5.93546
122	160	5.68875
122	167	6.79989
122	170	6.99805
122	177	6.59836
122	198	8.51407
123	28	3.3181
123	34	3.0717
123	65	3.91559
123	75	5.61843
123	81	2.75298
123	129	6.03921
123	130	5.79682
123	149	4.68452
123	152	7.28891
123	167	6.80922
123	180	7.57614
123	185	7.50534
123	193	7.79859
123	195	7.75872
123	199	9.23202
124	16	4.60442
124	72	3.98407
124	77	2.71352
124	93	5.05726
124	109	3.60194
124	147	6.0514
124	156	5.46189
124	161	6.37115
124	166	6.60537
124	167	7.55092
124	171	6.77502
124	176	6.72651
124	185	7.38057
124	190	7.92122
124	194	7.61948
125	53	10.2923
125	67	4.26587
125	89	4.11617
125	95	3.19077
125	136	5.91753
125	137	4.92181
125	147	5.80163
125	150	5.17745
125	157	5.78551
125	166	6.15205
125	183	6.69553
125	184	6.70975
125	191	7.55542
125	192	6.27869
125	196	7.91108
126	28	4.40606
126	42	3.20149
126	48	4.25981
126	66	4.2027
126	99	5.35826
126	111	7.55604
126	115	5.461
126	116	5.27651
126	135	5.52288
126	147	6.18781
126	149	6.85931
126	178	7.05821
126	181	7.69035
126	184	7.09593
126	196	8.29726
127	68	5.32901
127	84	3.16603
127	92	4.48808
127	98	4.6988
127	103	5.70486
127	126	5.33246
127	140	6.20589
127	156	5.14906
127	158	5.42974
127	161	6.05833
127	172	6.59419
127	187	7.44921
127	193	7.44745
127	194	8.89966
127	199	8.88088
128	15	2.8754
128	21	3.29607
128	42	3.37813
128	87	3.76603
128	97	4.70196
128	112	5.29349
128	134	5.08508
128	148	6.06168
128	159	5.47642
128	162	4.91266
128	174	6.25974
128	177	6.67888
128	185	7.57653
128	191	8.11824
128	195	7.89363
129	9	3.09482
129	26	2.44624
129	50	4.42677
129	52	3.60421
129	91	4.67935
129	102	5.17019
129	103	5.87944
129	117	5.2942
129	161	6.23291
129	164	6.55467
129	172	6.80481
129	178	6.9871
129	192	6.59376
129	198	8.72477
129	199	9.05546
130	24	3.63348
130	51	4.18568
130	75	5.57492
130	101	4.34658
130	119	4.96491
130	121	4.51859
130	128	6.00554
130	143	5.82356
130	153	6.44096
130	158	5.73736
130	178	7.12014
130	182	7.03735
130	190	7.48094
130	191	7.96733
130	200	9.01597
131	40	2.78627
131	45	5.00642
131	61	4.63929
131	83	4.04702
131	86	4.91541
131	95	3.28446
131	123	5.37402
131	155	6.53904
131	166	6.24574
131	176	8.20628
131	177	6.20975
131	184	6.80343
131	195	7.4245
131	196	8.00476
131	200	8.66154
132	12	3.72474
132	22	2.77436
132	33	4.36706
132	40	6.64494
132	45	3.44527
132	114	5.70465
132	136	5.96987
132	141	5.46803
132	145	4.88361
132	146	9.08165
132	151	5.32812
132	158	10.1387
132	183	6.74787
132	198	8.57632
132	200	8.6202
133	6	4.08241
133	17	2.97266
133	32	2.24038
133	37	4.47235
133	39	3.81784
133	55	3.97072
133	64	4.73172
133	92	5.11577
133	93	5.37213
133	165	6.28453
133	174	7.39473
133	175	7.87022
133	177	7.43233
133	179	7.46036
133	199	8.399
134	43	5.5295
134	54	2.8473
134	74	3.94786
134	104	8.67273
134	135	5.43284
134	137	5.2245
134	144	8.34473
134	151	5.29956
134	156	5.03235
134	168	7.07102
134	184	6.73353
134	186	7.88453
134	196	7.93486
134	197	7.92052
134	198	8.54776
135	2	4.7259
135	3	5.12394
135	47	3.93602
135	55	3.63256
135	57	4.79963
135	95	7.13559
135	96	4.98638
135	111	7.51373
135	118	4.24027
135	126	5.45731
135	138	5.63609
135	147	6.23164
135	160	5.63647
135	170	6.94577
135	172	7.69136
136	3	1.74401
136	54	4.37203
136	90	2.44821
136	104	3.98001
136	109	5.75098
136	119	5.22353
136	124	6.03122
136	156	5.7153
136	161	6.62457
136	175	5.87962
136	183	7.40226
136	194	8.19206
136	195	7.92255
136	196	7.08588
136	200	9.27459
137	4	3.51264
137	35	4.7106
137	47	3.83977
137	53	9.44791
137	62	6.47793
137	110	5.02592
137	113	5.04061
137	118	6.48919
137	125	6.00304
137	139	5.31323
137	173	7.56314
137	183	7.03914
137	187	7.65233
137	195	7.67442
137	200	8.91146
138	39	4.57507
138	69	3.75643
138	92	4.63332
138	100	3.56356
138	116	3.35171
138	124	5.64982
138	129	5.33971
138	135	5.73439
138	141	5.74103
138	168	7.37257
138	173	7.54487
138	175	7.42738
138	177	6.4414
138	179	7.01751
138	184	7.57751
139	48	3.18585
139	113	3.67014
139	138	5.43068
139	140	5.70748
139	145	5.05588
139	149	6.69774
139	150	7.78281
139	160	5.43106
139	167	6.5422
139	176	6.4978
139	182	7.24723
139	184	6.93436
139	192	6.50329
139	193	8.50806
139	194	7.39077
140	13	3.97111
140	40	3.43821
140	49	4.70586
140	52	4.16667
140	64	3.37842
140	70	4.14995
140	91	4.1636
140	111	4.44636
140	116	5.63595
140	139	5.51004
140	148	6.24448
140	166	6.89768
140	189	7.85117
140	193	8.65175
140	194	7.91179
141	1	3.92113
141	22	3.90595
141	53	2.46688
141	69	3.91762
141	79	4.42687
141	112	4.53838
141	137	5.63836
141	142	5.74601
141	160	6.87415
141	166	8.05196
141	182	7.46027
141	184	7.14739
141	187	7.74637
141	194	7.60381
141	195	7.76845
142	88	5.74617
142	101	4.23914
142	102	5.1958
142	120	4.19551
142	127	5.74851
142	129	6.18847
142	145	7.37372
142	156	5.34925
142	170	6.85643
142	171	6.66238
142	173	7.56021
142	188	6.60622
142	190	7.80858
142	197	8.23741
142	198	7.79198
143	64	4.3194
143	87	4.68118
143	89	4.19472
143	98	4.26308
143	113	5.05287
143	124	5.36984
143	137	5.55658
143	161	6.2737
143	172	7.6172
143	174	6.98241
143	180	8.06308
143	187	7.7527
143	189	7.46141
143	194	7.52203
143	195	7.68667
144	8	3.92907
144	23	8.04402
144	44	3.54241
144	52	3.65087
144	54	3.61761
144	84	4.53294
144	102	5.08496
144	106	4.44679
144	127	4.88533
144	152	5.60136
144	171	6.55154
144	179	7.39446
144	183	6.92537
144	194	7.396
144	197	8.12657
145	35	4.48678
145	49	4.60795
145	59	5.57585
145	70	3.57902
145	123	5.14505
145	137	5.3205
145	148	5.34954
145	150	5.29724
145	169	7.03091
145	173	7.33932
145	174	6.74633
145	177	6.23584
145	190	7.58769
145	191	7.67521
145	200	8.68764
146	6	3.92541
146	23	2.55566
146	45	3.60581
146	49	4.17312
146	55	7.04573
146	83	4.16621
146	109	5.25713
146	117	5.19201
146	119	5.17455
146	150	5.39033
146	181	7.51705
146	184	6.92263
146	185	7.22659
146	191	7.7683
146	196	8.12395
147	5	2.24655
147	55	3.75586
147	72	4.08406
147	96	3.20491
147	116	5.44364
147	117	4.92262
147	121	4.62379
147	124	5.43174
147	136	6.47084
147	139	5.52293
147	178	7.22534
147	180	8.12499
147	185	7.72309
147	197	8.45005
147	199	9.2937
148	66	4.23256
148	73	4.4818
148	78	3.93513
148	99	5.38812
148	105	6.43041
148	132	4.92795
148	140	6.48145
148	152	7.27125
148	153	5.04645
148	154	5.6771
148	155	6.8614
148	168	7.46328
148	181	7.72022
148	186	8.2768
148	188	6.43931
149	14	3.07979
149	34	3.48664
149	43	4.28908
149	53	2.9358
149	70	4.3658
149	84	2.55884
149	129	6.30345
149	142	4.54282
149	145	7.4887
149	151	5.84337
149	161	6.8244
149	175	5.98003
149	177	7.02262
149	185	7.92028
149	187	8.21529
150	17	3.01639
150	33	4.59107
150	48	4.21283
150	64	4.26171
150	66	4.95341
150	81	4.50282
150	114	5.92866
150	123	5.55669
150	131	4.83564
150	140	6.73447
150	144	5.24469
150	161	6.19419
150	175	7.3784
150	191	7.83178
150	195	7.60716
151	71	4.02317
151	104	3.54283
151	106	4.48651
151	133	6.24336
151	139	5.23917
151	145	7.91726
151	148	4.54742
151	155	6.7149
151	172	6.41556
151	181	7.57372
151	183	6.96508
151	186	8.1303
151	187	7.57827
151	192	6.54824
151	198	8.33552
152	3	3.13095
152	20	4.63167
152	72	3.79935
152	76	2.96285
152	81	4.30375
152	120	4.12344
152	141	5.6843
152	142	5.82935
152	149	6.2353
152	162	6.62773
152	163	6.46818
152	184	6.97835
152	185	7.28232
152	190	7.73651
152	199	9.009
153	43	3.96522
153	86	5.11071
153	93	3.58971
153	101	4.48117
153	122	5.84278
153	132	5.09461
153	134	5.10496
153	149	5.15875
153	150	5.76016
153	172	6.19698
153	176	6.85589
153	179	7.27488
153	188	6.93119
153	192	6.86139
153	199	9.32309
154	10	4.0311
154	58	5.8932
154	65	3.68832
154	85	6.28876
154	113	4.96135
154	115	4.596
154	132	4.77625
154	134	6.68062
154	145	5.09562
154	150	5.4418
154	156	5.27292
154	165	6.83233
154	167	6.58194
154	186	8.1251
154	198	8.78833
155	54	4.48729
155	86	5.35
155	89	4.93816
155	123	6.10233
155	130	5.29927
155	162	7.18112
155	168	4.56589
155	170	5.73716
155	179	7.51417
155	180	7.90651
155	182	5.76066
155	190	6.20425
155	191	6.69063
155	194	7.98816
155	197	7.25803
156	71	3.3792
156	79	4.0969
156	97	4.24681
156	112	4.83834
156	114	4.27735
156	141	5.52336
156	149	6.5808
156	171	7.95476
156	177	6.22373
156	188	7.41434
156	190	7.57557
156	191	7.66309
156	194	7.27383
156	199	8.84806
156	200	9.73775
157	8	4.08768
157	27	3.95678
157	29	3.16192
157	68	3.74653
157	79	4.37767
157	83	4.34177
157	85	4.00296
157	108	6.21086
157	132	4.90035
157	139	5.35806
157	143	5.76389
157	182	7.41107
157	187	7.69716
157	199	9.12883
157	200	10.2614
158	2	3.39071
158	20	4.69139
158	22	3.43872
158	31	3.37854
158	66	4.14484
158	81	4.55479
158	96	4.88468
158	119	5.02354
158	149	6.80145
158	152	5.69985
158	156	5.33689
158	157	6.11383
158	172	7.58966
158	173	7.54786
158	177	6.44438
159	34	3.29271
159	50	3.81797
159	73	5.21252
159	100	2.55765
159	106	4.92959
159	112	5.4433
159	128	5.60956
159	133	6.68644
159	155	7.15798
159	157	7.18968
159	161	6.63047
159	177	6.82869
159	181	7.19534
159	197	8.60937
159	200	9.16341
160	62	6.23401
160	86	4.62769
160	101	5.85973
160	112	4.89422
160	130	5.40488
160	138	5.30575
160	140	6.16508
160	164	6.33928
160	166	8.40781
160	184	6.80943
160	188	7.40635
160	192	9.70089
160	194	7.26585
160	196	8.01076
160	198	8.62367
161	80	4.10967
161	103	4.98296
161	105	5.10059
161	106	5.41149
161	119	4.89652
161	122	5.6518
161	142	5.68809
161	160	5.58617
161	164	7.37339
161	168	7.42696
161	176	6.65291
161	177	7.53597
161	184	7.08947
161	193	7.68668
161	199	8.50264
162	30	3.77668
162	46	3.71241
162	93	5.17655
162	142	5.88097
162	144	5.54094
162	149	7.04573
162	168	7.61984
162	169	5.2466
162	172	7.83394
162	178	7.57098
162	181	7.0035
162	184	6.37977
162	192	6.85129
162	195	7.90341
162	200	8.97157
163	24	3.63756
163	51	4.04809
163	52	3.87324
163	83	4.40553
163	100	4.78341
163	124	5.77668
163	140	6.5176
163	141	5.86789
163	157	6.2377
163	170	6.87627
163	175	7.55424
163	178	7.12422
163	182	6.89976
163	197	8.39714
163	200	9.02005
164	34	3.05032
164	62	1.81404
164	87	4.79556
164	110	5.096
164	125	4.75458
164	136	6.38777
164	138	5.67631
164	140	6.53564
164	154	5.7313
164	161	7.02542
164	177	7.63105
164	179	7.16242
164	189	7.57579
164	199	8.59772
164	200	9.0381
165	20	4.90594
165	75	2.07512
165	81	4.76934
165	97	5.6896
165	128	6.10031
165	148	6.04173
165	150	5.72033
165	152	5.91441
165	159	7.01412
165	169	7.454
165	177	7.21012
165	186	6.92718
165	192	6.82156
165	198	9.06686
165	199	8.1768
166	37	5.77631
166	52	3.8388
166	63	3.86723
166	68	3.77585
166	76	5.8376
166	78	3.93684
166	84	4.72087
166	101	6.11005
166	120	4.27259
166	141	6.02711
166	142	5.72613
166	151	5.69354
166	156	5.42633
166	157	6.20327
166	197	8.31449
167	1	3.87941
167	3	5.14647
167	10	4.2193
167	33	4.76727
167	51	5.27064
167	87	4.77786
167	96	3.45826
167	97	4.59169
167	98	4.57834
167	112	5.18321
167	170	6.9683
167	173	6.40781
167	180	8.37834
167	196	8.36362
167	200	9.0204
168	38	1.37057
168	67	5.27505
168	84	5.05971
168	128	6.31403
168	131	5.31589
168	142	6.06497
168	156	5.76517
168	163	6.30973
168	170	6.11628
168	182	6.13978
168	188	8.06327
168	190	6.58337
168	191	7.06975
168	193	8.06356
168	197	7.63715
169	39	3.73673
169	68	4.0059
169	82	2.64458
169	107	5.63245
169	108	5.28043
169	117	5.62694
169	131	5.2071
169	146	5.55222
169	155	7.09316
169	162	4.33289
169	174	5.67996
169	181	7.36289
169	190	8.11571
169	196	8.55888
169	199	9.3882
170	38	1.96333
170	70	3.93378
170	98	5.03286
170	139	5.44416
170	141	5.89024
170	155	4.2465
170	157	6.26005
170	159	6.94579
170	163	6.90249
170	173	7.69408
170	175	7.57659
170	189	7.58009
170	191	7.66251
170	193	7.78151
170	197	8.22991
171	13	3.63027
171	29	2.99774
171	60	3.46144
171	98	4.9631
171	109	5.44904
171	111	4.10552
171	113	5.10179
171	138	7.18412
171	146	5.30919
171	149	6.87791
171	151	5.68056
171	183	7.10032
171	184	7.50542
171	189	7.9709
171	198	8.92876
172	3	1.95739
172	44	4.0411
172	63	5.48438
172	65	4.15249
172	72	4.25927
172	90	2.66159
172	99	5.7006
172	124	6.05301
172	127	5.97646
172	150	5.90598
172	166	6.88058
172	169	7.63965
172	188	6.83417
172	192	7.00721
172	195	8.13593
173	20	2.52591
173	41	5.65783
173	77	2.40452
173	91	5.14914
173	93	5.38881
173	96	2.5534
173	109	3.29294
173	149	7.25799
173	162	7.14398
173	167	7.24192
173	180	7.47347
173	185	7.07157
173	187	7.16309
173	191	8.34028
173	197	8.68159
174	50	4.00966
174	88	5.87944
174	109	5.5182
174	119	4.99075
174	122	5.74603
174	124	5.79844
174	132	4.98586
174	155	6.9193
174	169	5.63013
174	177	6.59001
174	181	7.38703
174	182	7.49658
174	184	6.7633
174	188	7.78062
174	200	9.3551
175	2	3.71127
175	54	4.31417
175	60	3.70554
175	73	4.91376
175	79	4.62987
175	107	5.62623
175	108	4.78938
175	121	4.71935
175	138	5.85494
175	157	6.43438
175	169	7.56
175	195	8.17302
175	196	7.33635
175	198	8.05702
175	199	9.38927
176	3	5.01992
176	8	4.02524
176	22	3.79431
176	24	4.41627
176	29	3.30832
176	45	5.09706
176	61	4.72993
176	77	4.78994
176	94	5.25204
176	133	6.29981
176	157	6.11151
176	179	7.01818
176	183	7.02153
176	188	7.63267
176	198	8.84998
177	42	3.02044
177	106	5.31998
177	130	5.51033
177	133	5.87105
177	145	5.0364
177	155	6.65048
177	158	5.49438
177	163	6.40471
177	169	7.11626
177	172	7.46647
177	183	6.90067
177	186	7.16151
177	195	7.53594
177	199	8.41113
177	200	8.77299
178	26	4.27734
178	58	3.39402
178	60	3.45726
178	65	3.4457
178	75	5.52741
178	98	4.95892
178	107	6.36994
178	116	3.25085
178	123	5.68094
178	145	5.23187
178	153	6.39345
178	156	6.71059
178	172	7.66194
178	180	7.48512
178	190	7.86851
179	43	5.18149
179	50	4.52061
179	53	2.43814
179	62	6.54323
179	68	3.767
179	73	4.90879
179	78	4.07346
179	104	8.32472
179	144	7.99672
179	146	5.31332
179	154	7.72097
179	163	6.60849
179	182	7.43153
179	196	8.31998
179	197	8.30564
180	7	2.74596
180	25	3.78112
180	77	3.13479
180	83	4.4525
180	94	5.42521
180	98	4.40374
180	99	5.47124
180	113	5.19617
180	117	5.00137
180	141	5.91486
180	151	5.77494
180	169	7.41029
180	187	7.89336
180	188	7.80583
180	197	8.3959
181	16	4.72052
181	21	3.22264
181	49	4.52965
181	65	3.21456
181	75	5.69621
181	94	5.49545
181	102	3.47222
181	109	5.61366
181	122	5.84149
181	146	5.47382
181	148	6.06827
181	169	6.11233
181	178	8.43671
181	179	7.26159
181	190	8.03731
182	48	4.35059
182	63	3.92643
182	65	3.90093
182	88	2.63738
182	120	4.33179
182	152	5.84849
182	168	5.37313
182	186	8.33771
182	188	7.78363
182	189	7.5825
182	190	7.01148
182	191	7.49787
182	194	7.64312
182	197	8.06527
182	200	9.04481
183	66	4.19717
183	74	4.89243
183	118	4.16552
183	120	5.99909
183	123	5.63561
183	132	4.86718
183	135	5.76433
183	139	5.63709
183	146	5.25968
183	149	6.8284
183	153	6.34812
183	178	7.0273
183	181	7.65945
183	193	8.7788
183	195	7.68608
184	64	4.29006
184	69	3.75762
184	93	4.93048
184	113	5.02353
184	153	6.31937
184	162	4.58749
184	163	6.52611
184	164	6.56613
184	174	5.93456
184	182	7.34915
184	189	7.45924
184	195	7.65734
184	196	8.2376
184	197	8.22326
184	200	9.58556
185	19	2.82301
185	26	4.30376
185	27	4.37575
185	107	5.40438
185	116	5.31736
185	117	4.83444
185	131	4.98632
185	139	5.39665
185	143	6.15065
185	153	6.41987
185	157	6.21254
185	167	7.80526
185	173	6.06628
185	186	8.28778
185	193	7.73399
186	17	2.77043
186	51	5.48475
186	54	4.33195
186	60	3.72331
186	90	5.46717
186	108	4.80715
186	116	5.55698
186	127	5.32215
186	144	5.63499
186	150	5.84411
186	161	6.62446
186	164	7.06752
186	165	6.08229
186	182	7.68928
186	199	8.19677
187	11	4.14687
187	23	2.82719
187	44	3.79699
187	87	4.80973
187	96	3.10144
187	115	4.81607
187	121	4.55489
187	124	5.32827
187	158	5.77367
187	167	7.78997
187	171	6.80612
187	173	6.05099
187	180	8.02152
187	196	8.39549
187	197	8.38115
188	14	2.64861
188	75	5.60219
188	100	4.8066
188	107	5.45274
188	147	6.27701
188	148	4.3645
188	153	5.57398
188	156	5.48396
188	162	6.83451
188	167	6.79297
188	178	7.14741
188	187	7.78411
188	191	8.03081
188	196	7.43193
188	198	8.1526
189	48	4.25144
189	50	4.31469
189	104	3.65109
189	105	5.09868
189	125	4.66215
189	135	5.78686
189	157	7.6864
189	160	5.58426
189	168	7.42505
189	174	6.00912
189	177	6.49387
189	178	8.25953
189	184	7.06832
189	185	7.39152
189	197	8.27455
190	34	5.44412
190	44	3.81954
190	45	3.89989
190	51	3.73333
190	88	2.65449
190	115	4.83861
190	138	5.71303
190	163	6.75496
190	182	6.58501
190	184	7.21671
190	191	7.51498
190	193	7.81393
190	194	7.67313
190	198	9.03094
190	200	9.07482
191	5	2.22055
191	15	2.93616
191	41	1.81074
191	85	4.14183
191	88	2.82441
191	128	6.08474
191	130	6.29354
191	135	5.93636
191	151	5.80309
191	163	6.92488
191	165	7.09529
191	169	7.43843
191	185	7.54102
191	190	7.19852
191	199	9.2677
192	1	4.48412
192	10	4.18486
192	29	3.14561
192	67	4.68175
192	80	4.72065
192	122	5.43538
192	157	5.9488
192	159	6.63453
192	163	6.36287
192	171	6.485
192	175	7.26534
192	186	8.02405
192	191	7.71872
192	196	8.07437
192	197	8.06003
193	9	3.20354
193	28	3.25028
193	29	3.40612
193	59	4.31316
193	74	4.97561
193	88	5.82929
193	93	5.02775
193	94	5.34984
193	108	4.5643
193	113	4.02406
193	123	5.70413
193	162	6.78292
193	178	7.09582
193	183	7.84479
193	184	7.13355
194	8	4.07142
194	37	4.03334
194	64	4.29271
194	67	4.84762
194	90	3.13712
194	108	4.46967
194	114	5.98147
194	147	6.1308
194	166	6.48122
194	171	6.65088
194	176	6.60236
194	189	7.43471
194	192	6.60785
194	196	7.77479
194	198	8.49546
195	36	2.94545
195	56	4.57785
195	67	4.79161
195	76	2.07251
195	119	4.78996
195	162	6.63229
195	164	6.51276
195	166	6.42521
195	169	7.18428
195	178	6.94519
195	181	7.57733
195	191	7.82858
195	194	8.68866
195	196	7.58248
195	198	8.30315
196	49	3.5194
196	75	5.57532
196	84	2.70097
196	97	4.58765
196	116	5.33884
196	122	5.77493
196	123	4.0565
196	126	5.64048
196	127	6.00562
196	170	6.96427
196	171	6.77022
196	176	6.7217
196	188	6.86334
196	192	6.7272
196	197	8.34525
197	41	1.76821
197	67	4.91705
197	72	3.92935
197	104	3.67188
197	127	5.05409
197	152	5.77013
197	154	5.65965
197	155	4.22636
197	168	5.51763
197	169	7.30972
197	170	6.6889
197	182	6.71239
197	187	7.70732
197	189	7.50414
197	190	7.15598
198	9	3.24905
198	32	3.96047
198	44	3.78188
198	70	3.92854
198	83	3.18006
198	94	3.97465
198	110	5.09506
198	112	5.19997
198	129	6.53928
198	136	4.81126
198	137	5.67002
198	148	4.35468
198	166	6.62136
198	171	6.79101
198	200	9.03716
199	14	2.55239
199	19	4.48982
199	32	1.90115
199	93	4.9831
199	97	5.57257
199	133	5.51969
199	151	5.65494
199	156	5.38773
199	157	6.16466
199	164	6.93052
199	172	7.64049
199	177	7.0931
199	185	7.39287
199	186	6.81015
199	187	7.68788
200	11	3.92372
200	21	3.10016
200	25	3.54323
200	30	3.46535
200	47	3.76727
200	74	4.18535
200	92	4.17883
200	102	3.34975
200	154	5.52232
200	156	6.35696
200	177	6.37733
200	184	7.12302
200	195	7.59208
200	197	8.158
200	198	8.78525
