1	12	6.40389
1	17	6.75358
1	29	2.85377
1	33	6.51499
1	57	6.91052
1	59	7.43956
1	63	5.50896
1	84	7.0427
1	106	6.86044
1	125	7.51262
1	128	7.27915
1	140	7.30996
1	141	6.42547
1	146	7.77145
1	151	6.185
1	155	7.64798
1	158	7.93024
1	159	8.39091
1	162	7.29366
1	169	8.0146
1	172	8.93276
1	176	8.05779
1	179	8.53965
1	181	8.2057
1	188	7.66432
2	9	5.76523
2	23	6.06488
2	41	6.27019
2	48	6.26901
2	62	6.87382
2	66	6.31818
2	71	8.48309
2	75	6.2744
2	78	6.14564
2	80	3.8819
2	92	6.13159
2	95	6.97497
2	96	5.928
2	100	7.09167
2	127	7.16268
2	148	7.12918
2	156	7.17442
2	157	7.49722
2	161	7.47571
2	164	7.65316
2	170	7.97017
2	182	6.09628
2	190	8.39329
2	191	10.3817
2	198	8.74448
3	13	6.51245
3	20	3.41202
3	29	7.02105
3	32	5.40932
3	45	6.48905
3	46	6.48852
3	54	6.42882
3	57	3.42928
3	66	6.449
3	74	7.1156
3	96	6.96178
3	117	2.79805
3	130	6.83376
3	138	7.87262
3	140	6.87422
3	147	7.40682
3	150	8.30934
3	175	8.40377
3	178	8.24224
3	182	8.45289
3	186	8.45376
3	189	8.72157
3	192	8.43008
3	193	7.90726
3	199	8.7171
4	11	5.76802
4	15	6.19288
4	22	3.08587
4	34	4.82596
4	49	5.74725
4	68	8.01543
4	85	5.74505
4	89	6.62642
4	95	6.6729
4	102	6.07288
4	109	6.40384
4	130	6.94203
4	135	7.18595
4	142	6.82709
4	149	7.25366
4	158	7.22154
4	159	7.02871
4	161	8.07709
4	168	7.97327
4	174	7.74415
4	176	7.4807
4	183	8.12176
4	185	8.27615
4	191	7.70254
4	197	7.9353
5	18	5.97382
5	24	5.63025
5	33	4.30905
5	46	6.16436
5	47	6.05103
5	50	6.15876
5	54	6.10466
5	65	6.22027
5	66	6.12484
5	76	5.48839
5	83	8.5083
5	111	6.48828
5	138	7.54846
5	141	7.16843
5	147	7.08266
5	150	7.98518
5	156	7.22049
5	167	7.46322
5	170	7.45335
5	178	7.91808
5	180	8.09904
5	182	8.12872
5	186	8.1296
5	189	8.39741
5	192	8.10592
6	18	5.75604
6	19	4.80807
6	38	6.16376
6	42	5.3413
6	65	6.62009
6	69	6.38145
6	70	6.20455
6	71	5.74455
6	73	5.95645
6	81	6.42743
6	104	7.46955
6	113	6.17349
6	118	6.05413
6	139	7.02254
6	144	7.10899
6	146	6.88131
6	147	7.93798
6	152	7.14126
6	154	7.08729
6	167	7.49402
6	173	7.97356
6	184	7.51402
6	195	7.52778
6	199	8.22189
6	200	8.43236
7	8	8.6741
7	20	3.73229
7	21	7.12312
7	22	6.93033
7	30	6.2032
7	35	6.40679
7	36	7.4871
7	39	6.66769
7	46	4.96764
7	56	5.47285
7	67	7.84885
7	77	6.52276
7	80	7.02959
7	86	7.8125
7	87	6.95611
7	90	6.19764
7	98	6.79136
7	101	8.19655
7	110	7.72813
7	112	8.17271
7	117	7.48441
7	127	4.32386
7	177	10.7781
7	183	8.20483
7	184	7.57583
8	1	0.75462
8	7	6.92568
8	11	4.21215
8	16	2.84003
8	17	1.83766
8	21	8.4135
8	26	6.77528
8	36	8.77748
8	42	6.74952
8	51	11.3033
8	58	6.53793
8	86	9.10288
8	87	8.24649
8	112	9.46309
8	117	8.7748
8	124	8.79399
8	131	5.32151
8	142	6.00411
8	147	4.61266
8	152	5.8931
8	155	5.44965
8	162	6.47152
8	164	4.98356
8	182	3.79508
8	199	7.30088
9	2	5.77803
9	21	2.05346
9	23	6.04618
9	40	5.74084
9	44	5.952
9	57	4.30654
9	72	6.42635
9	74	3.65312
9	79	7.05902
9	94	6.80786
9	107	6.52881
9	127	7.14399
9	134	7.36178
9	137	7.00742
9	148	7.11048
9	157	7.47852
9	159	9.86225
9	161	7.45701
9	164	7.63446
9	170	7.95147
9	184	8.13282
9	185	8.46895
9	190	8.3746
9	194	9.22564
9	198	8.72579
10	37	7.30962
10	41	6.42759
10	51	4.37934
10	79	5.7376
10	82	5.45468
10	101	4.19573
10	102	5.7217
10	105	6.09302
10	109	6.05266
10	131	6.86263
10	133	6.46549
10	136	8.48773
10	142	6.47591
10	151	6.898
10	159	6.67753
10	160	7.06317
10	168	7.62209
10	172	7.19561
10	174	7.39296
10	181	7.37339
10	182	7.31208
10	183	7.77058
10	185	7.92496
10	191	7.35135
10	194	10.4492
11	4	5.84347
11	15	6.05455
11	51	4.59219
11	52	5.63793
11	72	5.96083
11	79	5.95045
11	86	3.74802
11	95	6.53456
11	105	6.30587
11	109	6.26551
11	119	9.02476
11	130	6.8037
11	131	7.07548
11	133	6.67834
11	151	7.11085
11	158	7.25905
11	159	6.89038
11	166	9.0604
11	172	7.40846
11	174	7.60581
11	183	7.98343
11	185	8.13781
11	191	7.5642
11	192	8.03588
11	197	7.79696
12	3	3.76728
12	17	6.56373
12	29	3.90783
12	33	6.32514
12	53	8.73974
12	55	6.04312
12	57	6.72067
12	64	5.00311
12	84	6.85285
12	91	5.45522
12	106	6.67059
12	108	7.01253
12	118	7.29392
12	128	7.0893
12	135	6.78772
12	140	7.12011
12	145	7.65141
12	146	7.5816
12	155	7.45814
12	158	7.7404
12	163	6.77725
12	169	7.82475
12	176	7.86794
12	179	8.3498
12	183	8.34454
13	1	2.8855
13	3	6.51414
13	27	5.95856
13	29	7.00716
13	33	4.46732
13	34	6.3524
13	46	6.47463
13	47	6.3613
13	54	6.41493
13	56	5.86724
13	65	6.53054
13	81	7.40962
13	87	4.19865
13	96	6.94789
13	102	8.38507
13	103	7.40009
13	116	7.36275
13	132	7.51609
13	141	7.4787
13	147	7.39293
13	156	7.53077
13	168	7.26839
13	178	8.22835
13	182	8.439
13	192	8.41619
14	15	6.48088
14	28	4.716
14	31	8.30825
14	59	5.27179
14	61	5.29056
14	63	5.8314
14	83	5.43399
14	90	6.18202
14	93	6.03462
14	97	6.23127
14	99	8.35082
14	103	5.9008
14	111	6.35891
14	115	6.86897
14	119	5.9328
14	124	6.30209
14	129	6.07001
14	133	8.78789
14	162	6.98815
14	165	7.12576
14	166	7.0111
14	175	7.0691
14	187	7.464
14	193	7.85255
14	196	7.93056
15	10	5.54286
15	11	5.89767
15	13	4.73736
15	19	7.66686
15	24	4.53021
15	59	8.27922
15	72	4.80493
15	95	6.80254
15	96	5.28859
15	109	6.53349
15	120	6.3436
15	129	7.96299
15	130	7.07168
15	131	7.34346
15	133	6.94632
15	159	7.15836
15	160	7.54401
15	168	8.10292
15	172	7.67644
15	177	7.02391
15	180	7.78822
15	181	7.85422
15	183	8.25141
15	185	8.4058
15	197	8.06494
16	12	5.85147
16	55	5.68055
16	57	6.3581
16	60	6.16644
16	84	6.49028
16	90	6.43787
16	106	6.30802
16	108	6.64995
16	118	6.93135
16	123	8.01323
16	125	6.9602
16	128	6.72673
16	140	6.75754
16	145	7.28884
16	146	7.21903
16	155	7.09556
16	158	7.37783
16	160	8.44959
16	169	7.46218
16	175	8.96426
16	176	7.50537
16	179	7.98723
16	185	8.15218
16	196	8.70374
16	200	8.63235
17	20	6.71774
17	29	3.46937
17	43	6.58655
17	55	6.21565
17	60	6.70154
17	92	6.13473
17	114	5.36855
17	115	4.84137
17	118	7.46645
17	121	6.75471
17	125	7.4953
17	128	7.26183
17	138	5.63065
17	140	7.29264
17	141	7.04107
17	145	7.82394
17	146	7.75413
17	153	6.91241
17	155	7.63067
17	158	7.91293
17	159	9.00651
17	169	7.99728
17	176	8.04047
17	179	8.52233
17	193	7.92878
18	24	5.80945
18	27	5.82749
18	34	6.22132
18	44	5.33547
18	45	6.34409
18	46	6.34356
18	48	5.69258
18	49	4.72094
18	66	6.30404
18	74	6.97064
18	84	5.6103
18	92	6.45087
18	104	5.89811
18	108	5.32807
18	126	7.76121
18	138	7.72766
18	141	7.34763
18	150	8.16438
18	156	7.39969
18	178	8.09728
18	182	8.30792
18	186	8.3088
18	189	8.57661
18	192	8.28511
18	195	9.96337
19	15	6.26816
19	28	9.68209
19	69	5.94162
19	71	5.30472
19	73	5.51662
19	76	6.05609
19	81	5.9876
19	88	5.96795
19	96	7.56619
19	99	5.89946
19	121	6.23873
19	123	5.58336
19	133	8.57517
19	139	6.5827
19	143	6.61116
19	152	6.70143
19	153	6.68382
19	154	6.64746
19	167	7.05418
19	173	7.53372
19	176	8.63991
19	184	7.07418
19	195	7.08795
19	199	7.78206
19	200	7.99253
20	1	6.81105
20	8	0.0242467
20	15	3.80737
20	17	6.75483
20	33	6.51624
20	43	6.60512
20	45	3.93358
20	51	12.7819
20	54	5.02958
20	57	6.91178
20	106	6.8617
20	108	7.20363
20	123	7.51511
20	128	7.28041
20	140	7.31122
20	145	7.84251
20	146	7.7727
20	149	7.37975
20	155	7.64924
20	158	7.9315
20	166	7.72131
20	169	8.01586
20	176	8.05904
20	179	8.5409
20	194	8.41076
21	6	5.46577
21	7	6.37357
21	8	9.41237
21	35	7.14506
21	38	6.23014
21	39	7.40596
21	51	11.6753
21	58	5.98582
21	75	3.91729
21	77	7.26103
21	80	7.76786
21	98	7.52963
21	101	8.93482
21	112	8.91098
21	117	8.22269
21	121	5.68897
21	124	8.24188
21	138	4.56491
21	146	3.928
21	148	5.09688
21	160	6.84489
21	164	5.35557
21	169	5.66567
21	180	6.49843
21	198	5.33314
22	7	6.35167
22	8	9.39048
22	24	3.42868
22	35	7.12316
22	36	8.20347
22	38	6.20825
22	58	5.96393
22	66	4.57724
22	80	7.74596
22	86	8.52888
22	87	7.67248
22	96	4.18707
22	101	8.91292
22	102	6.81445
22	106	5.98903
22	110	8.44451
22	112	8.88909
22	117	8.20079
22	121	5.87723
22	124	8.21998
22	174	7.43354
22	179	4.64761
22	192	5.77845
22	194	7.49243
22	197	8.56036
23	31	5.66521
23	36	2.54588
23	37	6.64529
23	39	3.96475
23	40	5.86151
23	41	6.37216
23	44	6.07267
23	49	6.37476
23	64	6.41
23	78	6.24762
23	81	8.13141
23	92	6.23357
23	94	6.92852
23	104	6.82841
23	107	6.64948
23	110	4.07556
23	127	7.26466
23	137	7.12809
23	142	8.85678
23	148	7.23115
23	157	7.59919
23	161	7.57768
23	164	7.75513
23	167	8.34328
23	190	8.49527
24	5	5.59717
24	13	6.12685
24	46	6.10292
24	49	4.91328
24	54	6.04322
24	65	6.15883
24	66	6.0634
24	86	2.87653
24	91	6.62521
24	132	7.14438
24	138	7.48702
24	141	7.10699
24	143	7.88196
24	147	7.02122
24	150	7.92374
24	156	7.15905
24	160	8.41909
24	178	7.85664
24	182	8.06728
24	183	8.41455
24	186	8.06816
24	189	8.33597
24	190	6.93279
24	192	8.04448
24	194	8.87837
25	20	4.77887
25	22	3.08875
25	37	5.60783
25	50	5.94942
25	56	6.12006
25	59	5.68112
25	61	5.69989
25	80	4.36376
25	83	5.84332
25	115	7.2783
25	131	8.10457
25	132	6.07983
25	136	7.16129
25	144	8.92348
25	152	8.67617
25	163	7.83892
25	165	7.5351
25	166	7.42044
25	170	8.2638
25	171	7.59681
25	175	7.47844
25	180	7.90152
25	188	7.99555
25	193	8.26188
25	196	8.3399
26	7	5.50764
26	8	8.54645
26	21	6.99547
26	22	6.80267
26	35	6.27913
26	36	7.35944
26	38	5.36422
26	39	6.54004
26	41	5.21786
26	53	9.17081
26	62	3.19761
26	65	5.60204
26	67	7.7212
26	77	6.3951
26	87	6.82845
26	97	6.72474
26	98	6.66371
26	101	8.06889
26	105	7.9201
26	110	7.60048
26	112	8.04506
26	117	7.35676
26	124	7.37595
26	149	8.20842
26	167	7.79788
27	5	5.60001
27	18	5.91522
27	21	2.52494
27	24	5.57165
27	47	5.99243
27	54	6.04606
27	89	6.17307
27	96	6.57902
27	100	6.13014
27	120	9.19403
27	127	5.35233
27	132	7.14722
27	134	5.76498
27	138	7.48986
27	141	7.10983
27	146	6.32095
27	147	7.02406
27	150	7.92658
27	156	7.1619
27	178	7.85948
27	182	8.07013
27	186	8.071
27	189	8.33881
27	192	8.04732
27	199	10.0658
28	14	4.7266
28	34	5.72582
28	59	5.17483
28	61	5.1936
28	83	5.33703
28	90	6.08506
28	97	6.13431
28	103	5.80384
28	105	9.29287
28	114	6.34582
28	129	5.97306
28	136	6.655
28	158	8.1214
28	163	7.33263
28	165	7.0288
28	166	6.91415
28	171	7.09052
28	175	6.97215
28	177	12.7217
28	187	7.36705
28	188	7.48925
28	190	8.66662
28	193	7.75559
28	194	7.49942
28	196	7.83361
29	3	6.73708
29	8	0.0500049
29	18	6.50704
29	20	3.50016
29	24	6.16346
29	27	6.1815
29	45	6.6981
29	59	8.12178
29	66	6.65806
29	85	7.75248
29	130	6.9219
29	132	7.73903
29	134	4.50438
29	138	8.08168
29	141	7.70164
29	150	8.51839
29	156	7.75371
29	158	5.94571
29	170	6.98509
29	182	8.66194
29	186	8.66281
29	189	8.93062
29	192	8.63913
29	196	8.23138
29	197	9.50445
30	11	7.09302
30	63	7.5677
30	66	6.89785
30	69	6.28131
30	71	5.64441
30	76	6.39578
30	94	6.34801
30	99	6.23915
30	116	6.29153
30	121	6.57842
30	122	6.64677
30	126	6.51324
30	132	6.17763
30	142	8.88498
30	143	6.95085
30	144	7.00885
30	152	7.04112
30	153	7.02351
30	167	7.39387
30	173	7.87341
30	184	7.41387
30	195	7.42764
30	196	9.6079
30	199	8.12175
30	200	8.33222
31	2	5.61107
31	19	8.70556
31	26	6.18431
31	40	5.57388
31	48	6.08335
31	62	6.68816
31	72	6.25938
31	75	6.08874
31	78	5.95999
31	96	6.3273
31	102	8.95469
31	104	6.54077
31	107	6.36185
31	112	3.20748
31	117	4.08233
31	134	7.19482
31	137	6.84046
31	148	6.94352
31	157	7.31156
31	161	7.29005
31	164	7.4675
31	170	7.78451
31	188	9.54268
31	190	8.20764
31	198	8.55882
32	19	4.97651
32	42	5.50974
32	70	6.37299
32	73	6.12489
32	76	6.66436
32	81	6.59587
32	85	8.85884
32	113	6.34193
32	123	6.19164
32	124	4.76069
32	126	6.78183
32	128	6.46662
32	134	5.61074
32	139	7.19098
32	143	7.21944
32	145	6.84526
32	152	7.3097
32	154	7.25574
32	162	9.08224
32	167	7.66246
32	168	7.74822
32	184	7.68246
32	195	7.69623
32	199	8.39034
32	200	8.6008
33	1	6.6289
33	12	6.22299
33	16	5.62012
33	17	6.57268
33	60	6.53796
33	67	2.3917
33	83	8.1739
33	84	6.8618
33	106	6.67954
33	118	7.30287
33	125	7.33172
33	128	7.09825
33	139	7.18533
33	140	7.12906
33	141	7.24155
33	145	7.66036
33	146	7.59055
33	155	7.46708
33	157	6.27884
33	166	7.88092
33	169	7.8337
33	174	8.51149
33	176	7.87689
33	179	8.35875
33	193	8.12926
34	5	5.83666
34	18	6.15187
34	24	5.80829
34	32	5.46162
34	45	6.34293
34	54	6.2827
34	69	5.88898
34	77	4.38931
34	89	6.40971
34	91	6.86469
34	96	6.81566
34	119	7.67558
34	122	7.14342
34	126	7.47585
34	132	7.38386
34	138	7.72651
34	141	7.34647
34	147	7.2607
34	167	6.95912
34	174	8.34179
34	178	8.09612
34	182	8.30677
34	186	8.30764
34	189	8.57545
34	192	8.28396
35	7	6.0009
35	26	5.8505
35	36	7.8527
35	38	5.85747
35	39	7.03329
35	50	5.43474
35	58	5.61315
35	68	6.48384
35	70	5.81142
35	77	6.88836
35	80	7.39519
35	86	8.1781
35	92	5.94558
35	98	7.15696
35	101	8.56215
35	107	6.69607
35	110	8.09374
35	112	8.53831
35	117	7.85002
35	124	7.86921
35	126	7.25592
35	161	6.54549
35	176	5.94911
35	185	7.42406
35	192	6.46678
36	7	6.52872
36	8	9.56752
36	18	2.73388
36	21	8.01655
36	22	7.82375
36	26	6.37832
36	35	7.30021
36	58	6.14098
36	68	5.53842
36	77	7.41618
36	88	5.11093
36	101	9.08997
36	110	8.62156
36	112	9.06613
36	117	8.37784
36	119	6.51024
36	124	8.39703
36	147	4.91583
36	158	4.74453
36	168	5.44068
36	177	9.34482
36	180	6.42959
36	181	7.68673
36	196	7.03019
36	198	5.2643
37	9	5.85946
37	55	5.42953
37	59	5.47263
37	83	5.63483
37	93	6.23545
37	97	6.4321
37	107	7.93684
37	111	6.55975
37	115	7.06981
37	119	6.13364
37	129	6.27085
37	136	6.95279
37	139	8.03647
37	157	7.12998
37	163	7.63042
37	165	7.3266
37	166	7.21194
37	167	7.97996
37	171	7.38832
37	175	7.26994
37	180	7.69303
37	185	8.66483
37	187	7.66484
37	193	8.05339
37	194	7.79722
38	7	5.51258
38	8	8.55138
38	21	7.0004
38	22	6.80761
38	26	5.36218
38	36	7.36438
38	39	6.54497
38	58	5.12483
38	67	7.72613
38	77	6.40004
38	80	6.90687
38	86	7.68978
38	98	6.66864
38	101	8.07383
38	106	7.35879
38	110	7.60542
38	112	8.04999
38	117	7.3617
38	124	7.38089
38	143	7.86578
38	144	8.07044
38	151	7.2929
38	155	7.37968
38	163	6.83108
38	189	6.31311
39	8	9.13381
39	10	6.35601
39	22	7.39003
39	35	6.86649
39	38	5.95158
39	43	4.5177
39	58	5.70726
39	67	8.30856
39	77	6.98246
39	80	7.48929
39	86	8.27221
39	87	7.41581
39	93	7.30442
39	98	7.25107
39	101	8.65625
39	107	6.42933
39	110	8.18784
39	117	7.94412
39	122	6.65676
39	124	7.96331
39	136	5.95258
39	143	6.9176
39	187	8.20812
39	188	7.82403
39	198	5.94298
40	7	4.92736
40	9	5.64679
40	41	6.15174
40	44	5.85225
40	64	6.18959
40	72	6.3266
40	75	6.15595
40	78	6.0272
40	89	6.36396
40	92	6.01315
40	100	6.97322
40	107	6.42906
40	127	7.04424
40	131	7.83923
40	134	7.26203
40	137	6.90767
40	152	8.41082
40	154	8.57101
40	157	7.37877
40	161	7.35726
40	164	7.53471
40	181	9.90128
40	186	7.09147
40	190	8.27485
40	198	8.62604
41	2	5.95634
41	9	5.92485
41	40	5.91915
41	60	5.77017
41	62	7.03344
41	64	6.46765
41	72	6.60466
41	91	5.53919
41	92	6.29121
41	94	6.98617
41	101	2.6389
41	106	7.38893
41	114	5.89098
41	127	7.3223
41	144	8.10058
41	148	7.28879
41	154	8.01346
41	157	7.65683
41	161	7.63532
41	164	7.81277
41	170	8.12978
41	171	8.39605
41	190	8.55291
41	193	8.45121
41	198	8.9041
42	6	5.28875
42	19	4.58653
42	30	5.19407
42	40	8.15889
42	69	6.15991
42	76	6.27438
42	81	6.20589
42	87	6.28848
42	112	4.72769
42	115	7.62434
42	121	6.45702
42	122	6.52537
42	123	5.80165
42	130	9.63825
42	143	6.82945
42	144	6.88745
42	152	6.91972
42	153	6.90211
42	154	6.86575
42	167	7.27247
42	173	7.75201
42	184	7.29247
42	195	7.30624
42	199	8.00035
42	200	8.21081
43	12	6.21408
43	16	5.6112
43	17	6.56376
43	20	6.54524
43	25	6.61028
43	49	5.26729
43	60	6.52904
43	102	8.55442
43	106	6.67063
43	108	7.01256
43	112	2.80721
43	124	4.45021
43	125	7.3228
43	128	7.08934
43	136	7.27096
43	140	7.12015
43	145	7.65144
43	146	7.58163
43	151	7.66309
43	158	7.74043
43	169	7.82479
43	176	7.86797
43	178	7.33624
43	179	8.34983
43	184	8.13957
44	4	6.51173
44	12	5.0002
44	25	6.62691
44	31	5.56413
44	48	6.2699
44	49	6.27368
44	62	6.87471
44	64	6.30892
44	75	6.27529
44	78	6.14654
44	92	6.13249
44	100	7.09256
44	107	6.5484
44	127	7.16358
44	137	7.02701
44	151	7.67972
44	155	7.7665
44	157	7.49811
44	161	7.4766
44	164	7.65405
44	170	7.97106
44	179	6.4042
44	190	8.39419
44	191	10.3974
44	198	8.74538
45	3	6.39635
45	5	5.8511
45	24	5.82274
45	28	7.4213
45	47	6.24352
45	54	6.29715
45	66	6.31733
45	74	6.98393
45	88	6.48637
45	89	6.42415
45	91	6.87913
45	95	6.35238
45	131	7.00011
45	138	7.74095
45	147	7.27515
45	150	8.17767
45	156	7.41298
45	161	6.97551
45	164	6.66217
45	178	8.11057
45	186	8.32209
45	187	8.90487
45	189	8.5899
45	192	8.2984
45	198	6.63974
46	3	6.39643
46	5	5.85117
46	12	4.80216
46	27	5.84085
46	38	4.95726
46	45	6.35745
46	65	6.41283
46	66	6.31741
46	70	6.68165
46	79	6.88436
46	82	8.97061
46	89	6.42423
46	91	6.87921
46	96	6.83018
46	125	6.83297
46	134	5.11884
46	138	7.74103
46	141	7.36099
46	150	8.17774
46	156	7.41306
46	178	8.11064
46	186	8.32216
46	189	8.58997
46	192	8.29848
46	200	8.77445
47	3	6.3318
47	10	7.15401
47	18	6.10176
47	29	6.82482
47	39	2.89193
47	45	6.29282
47	54	6.2326
47	65	6.34821
47	74	6.91937
47	96	6.76556
47	116	7.01172
47	121	7.09681
47	128	5.63576
47	132	7.33375
47	138	7.6764
47	147	7.21059
47	150	8.11312
47	156	7.34843
47	160	8.25273
47	162	8.25137
47	182	8.25666
47	186	8.25754
47	189	8.52534
47	192	8.23385
47	199	9.08072
48	2	5.96709
48	21	2.27985
48	23	6.23524
48	40	5.92989
48	45	4.97485
48	72	6.6154
48	75	6.44476
48	78	6.316
48	94	6.99691
48	107	6.71786
48	116	7.75174
48	117	3.9017
48	120	8.94895
48	132	5.81663
48	134	7.55083
48	137	7.19647
48	148	7.29954
48	157	7.66758
48	164	7.82352
48	170	8.14053
48	173	7.18234
48	179	6.60721
48	189	6.90295
48	190	8.56365
48	198	8.91484
49	23	6.23678
49	29	4.00073
49	31	5.73514
49	41	6.44209
49	48	6.44091
49	64	6.47993
49	70	6.53193
49	72	6.61694
49	78	6.31754
49	92	6.30349
49	94	6.99845
49	100	7.26357
49	110	3.19198
49	116	7.20097
49	137	7.19801
49	157	7.66912
49	161	7.64761
49	164	7.82506
49	170	8.14207
49	175	8.95664
49	181	9.35266
49	187	9.19536
49	190	8.5652
49	198	8.91638
49	200	8.62473
50	7	5.07576
50	16	5.50615
50	53	5.07703
50	61	5.63801
50	83	5.78144
50	93	6.38206
50	106	8.09488
50	111	6.70635
50	114	6.79022
50	115	7.21641
50	119	6.28025
50	139	8.21324
50	147	7.27878
50	162	7.3356
50	163	7.77703
50	165	7.47321
50	166	7.35855
50	171	7.53492
50	175	7.41655
50	176	7.36664
50	188	7.93366
50	189	7.0492
50	193	8.19999
50	194	7.94383
50	196	8.27801
51	4	5.09128
51	10	4.52268
51	24	9.97683
51	52	4.88574
51	79	5.19825
51	82	4.91533
51	85	4.85452
51	102	5.18235
51	130	6.0515
51	131	6.32328
51	135	6.29542
51	142	5.93656
51	149	6.36313
51	151	6.35865
51	159	6.13818
51	160	6.52383
51	171	13.5443
51	172	6.65626
51	174	6.85362
51	177	6.00373
51	181	6.83404
51	183	7.23123
51	185	7.38562
51	191	6.81201
51	197	7.04477
52	4	5.75082
52	9	6.49119
52	51	4.49953
52	71	9.30297
52	85	5.51406
52	105	6.21321
52	118	5.8499
52	120	5.98297
52	125	7.83525
52	130	6.71105
52	135	6.95496
52	149	7.02268
52	151	7.01819
52	160	7.18337
52	168	7.74228
52	172	7.31581
52	174	7.51316
52	177	6.66328
52	179	7.20843
52	181	7.49359
52	183	7.89077
52	185	8.04516
52	191	7.47155
52	192	8.33928
52	197	7.70431
53	27	8.58495
53	28	4.55911
53	37	5.0416
53	55	7.27883
53	56	5.55383
53	63	5.67451
53	69	8.75912
53	90	6.02513
53	97	6.07438
53	103	5.74391
53	114	6.28589
53	129	5.91312
53	156	9.21187
53	162	6.83126
53	163	7.2727
53	165	6.96887
53	166	6.85421
53	171	7.03059
53	175	6.91221
53	180	7.3353
53	187	7.30711
53	188	7.42932
53	193	7.69566
53	194	7.43949
53	196	7.77367
54	3	6.36269
54	5	5.81744
54	13	6.34711
54	45	6.32371
54	66	6.28367
54	67	3.05363
54	76	5.81592
54	89	6.39049
54	96	6.79644
54	128	6.15605
54	132	7.36464
54	138	7.70729
54	141	7.32725
54	147	7.24148
54	150	8.144
54	156	7.37932
54	158	6.7415
54	162	8.77167
54	167	7.79075
54	173	6.96262
54	178	8.0769
54	181	9.6837
54	186	8.28843
54	189	8.55623
54	192	8.26474
55	6	7.04129
55	16	5.40686
55	17	6.35942
55	43	6.20971
55	54	5.49852
55	57	6.51636
55	60	6.3247
55	84	6.64854
55	99	6.14625
55	105	7.56036
55	108	6.80821
55	113	8.02338
55	118	7.08961
55	125	7.11846
55	128	6.88499
55	140	6.9158
55	145	7.4471
55	146	7.37729
55	155	7.25382
55	158	7.53609
55	169	7.62044
55	176	7.66363
55	177	10.9892
55	179	8.14549
55	180	8.07396
56	11	6.61726
56	14	5.27024
56	50	5.98677
56	59	5.71847
56	73	7.6968
56	83	5.88067
56	88	7.21287
56	93	6.4813
56	98	5.08319
56	100	5.7703
56	103	6.34748
56	114	6.88946
56	115	7.31565
56	119	6.37948
56	120	8.83419
56	129	6.5167
56	163	7.87627
56	165	7.57244
56	171	7.63416
56	175	7.51578
56	183	8.87345
56	187	7.91069
56	188	8.03289
56	194	8.04306
56	196	8.37725
57	16	5.77724
57	20	6.71128
57	39	2.56207
57	55	6.20919
57	60	6.69508
57	103	6.71919
57	106	6.83666
57	108	7.17859
57	118	7.45999
57	125	7.48884
57	128	7.25537
57	138	5.64289
57	140	7.28618
57	145	7.81748
57	146	7.74767
57	157	6.09061
57	158	7.90646
57	159	9.01876
57	169	7.99082
57	170	6.93072
57	176	8.03401
57	179	8.51587
57	183	7.91833
57	187	8.67625
57	188	8.29217
58	7	5.32831
58	8	8.36711
58	16	5.35817
58	26	5.17791
58	35	6.0998
58	36	7.18011
58	38	5.18489
58	39	6.3607
58	61	8.73783
58	67	7.54186
58	77	6.21577
58	80	6.7226
58	86	7.50551
58	87	6.64912
58	98	6.48437
58	101	7.88956
58	110	7.42115
58	112	7.86572
58	117	7.17743
58	124	7.19662
58	125	7.2323
58	160	8.99102
58	164	7.50171
58	192	7.73633
58	195	10.7276
59	33	6.37451
59	37	5.32527
59	50	5.66686
59	68	5.33756
59	75	7.58336
59	83	5.56077
59	93	6.16139
59	97	6.35804
59	103	6.02758
59	111	6.48569
59	114	6.56956
59	115	6.99575
59	119	6.05958
59	120	10.4671
59	129	6.19679
59	132	7.33483
59	162	7.11493
59	166	7.13788
59	171	7.31426
59	175	7.19588
59	180	7.61897
59	187	7.59078
59	190	9.02465
59	193	7.97933
59	194	7.72316
60	1	6.63588
60	10	7.7719
60	12	6.22998
60	16	5.62711
60	17	6.57966
60	43	6.42996
60	55	6.05905
60	84	6.86879
60	106	6.68653
60	108	7.02846
60	109	8.45196
60	110	3.62062
60	115	5.80137
60	128	7.10524
60	137	7.04241
60	145	7.66735
60	146	7.59753
60	150	5.68309
60	155	7.47407
60	158	7.75633
60	166	8.64044
60	169	7.84069
60	173	7.06021
60	176	7.88387
60	179	8.36573
61	14	4.96409
61	25	5.69231
61	28	4.85653
61	53	4.87012
61	56	5.85125
61	63	5.97193
61	72	6.94995
61	74	5.16646
61	89	7.65306
61	90	6.32255
61	93	6.17515
61	103	6.04133
61	111	6.49944
61	114	6.58331
61	143	9.74256
61	152	9.69992
61	162	7.12868
61	163	7.57012
61	165	7.26629
61	166	7.15164
61	171	7.32801
61	175	7.20963
61	188	7.72674
61	194	7.73691
61	196	8.0711
62	14	7.22432
62	19	6.86958
62	23	6.46966
62	25	5.17457
62	48	6.67379
62	64	6.71282
62	92	6.53638
62	100	7.49645
62	102	7.11871
62	104	7.13122
62	107	6.95229
62	130	6.28206
62	134	7.78526
62	137	7.4309
62	148	7.53396
62	152	6.75762
62	161	7.88049
62	164	8.05794
62	170	8.37495
62	174	7.7378
62	189	5.2476
62	190	8.79808
62	196	7.59154
62	197	8.86461
62	198	9.14927
63	7	5.29748
63	14	5.28602
63	23	7.28966
63	28	5.17847
63	40	6.82602
63	48	6.82654
63	53	5.19205
63	56	6.17319
63	59	5.73426
63	66	6.90481
63	79	7.65338
63	83	5.89646
63	111	6.82138
63	115	7.33144
63	119	6.39527
63	136	7.21442
63	148	7.61271
63	162	7.45062
63	166	7.47357
63	175	7.53157
63	180	7.95466
63	188	8.04868
63	193	8.31502
63	194	8.05885
63	196	8.39303
64	2	5.93491
64	23	6.20306
64	31	5.70142
64	40	5.89772
64	67	2.77479
64	72	6.58323
64	92	6.26978
64	94	6.96474
64	100	7.22985
64	105	7.63413
64	109	8.07553
64	127	7.30087
64	134	7.51866
64	137	7.1643
64	148	7.26736
64	149	7.92246
64	161	7.61389
64	164	7.79134
64	170	8.10835
64	176	6.72182
64	177	11.063
64	189	6.40439
64	190	8.53148
64	197	10.0214
64	198	8.88267
65	1	2.86818
65	3	6.3752
65	13	6.35962
65	14	8.47335
65	24	5.80158
65	27	5.81962
65	28	7.85625
65	34	6.21346
65	47	6.22236
65	85	8.36168
65	87	4.18133
65	89	6.403
65	91	6.85798
65	119	8.32062
65	132	7.37715
65	138	7.7198
65	139	7.66068
65	141	7.33976
65	147	7.25399
65	151	7.47642
65	178	8.08941
65	182	8.30006
65	186	8.30093
65	189	8.56874
65	192	8.27725
66	5	5.77875
66	18	6.09396
66	20	4.50655
66	32	6.50385
66	44	6.09234
66	46	6.2845
66	47	6.17117
66	52	7.45532
66	54	6.2248
66	58	6.45296
66	65	6.34041
66	74	6.91158
66	91	6.80679
66	123	8.54726
66	132	7.32596
66	141	7.28857
66	150	8.10532
66	156	7.34064
66	164	7.49431
66	169	7.8044
66	178	8.03822
66	182	8.24887
66	186	8.24974
66	189	8.51755
66	192	8.22606
67	2	4.34317
67	8	9.57978
67	17	2.79794
67	26	6.39057
67	44	4.54187
67	49	3.92735
67	57	2.97335
67	58	6.15323
67	66	4.97726
67	77	7.42843
67	80	7.93526
67	86	8.71817
67	87	7.86178
67	98	7.69704
67	101	9.10222
67	112	9.07838
67	117	8.39009
67	124	8.40928
67	154	7.01357
67	155	6.40993
67	159	8.52906
67	170	6.44102
67	185	7.13575
67	198	5.92141
67	200	7.61592
68	25	5.65521
68	37	5.30193
68	50	5.64352
68	53	4.83302
68	56	5.81416
68	59	5.37523
68	90	6.28546
68	97	6.3347
68	103	6.00424
68	129	6.17345
68	136	6.85539
68	162	7.09159
68	163	7.53302
68	165	7.2292
68	171	7.29092
68	172	11.3482
68	174	10.1108
68	175	7.17254
68	178	8.27358
68	182	7.03265
68	185	9.41304
68	187	7.56744
68	188	7.68965
68	193	7.95599
68	196	8.034
69	19	5.10355
69	34	4.72964
69	70	6.50002
69	73	6.25192
69	76	6.79139
69	78	7.55418
69	88	6.70326
69	95	7.35763
69	109	8.73809
69	113	6.46896
69	114	6.61468
69	116	6.68715
69	121	6.97404
69	122	7.04239
69	126	6.90886
69	143	7.34647
69	144	7.40447
69	150	5.96922
69	152	7.43673
69	167	7.78949
69	184	7.80949
69	186	7.25761
69	195	7.82326
69	199	8.51737
69	200	8.72783
70	8	1.29823
70	30	5.61873
70	50	6.93873
70	56	6.48894
70	69	6.58457
70	81	6.63055
70	88	6.6109
70	99	6.54242
70	116	6.5948
70	122	6.95003
70	126	6.81651
70	127	5.33995
70	142	8.75669
70	143	7.25412
70	152	7.34438
70	154	7.29041
70	156	7.62579
70	165	8.73232
70	167	7.69714
70	173	8.17668
70	178	7.78859
70	184	7.71714
70	195	7.7309
70	199	8.42501
70	200	8.63548
71	30	5.35583
71	32	5.82161
71	46	6.89899
71	65	6.96261
71	69	6.32167
71	81	6.36765
71	88	6.348
71	99	6.27952
71	101	4.34657
71	113	6.11371
71	121	6.61878
71	122	6.68713
71	132	6.96461
71	133	8.30363
71	139	6.96276
71	144	7.04921
71	150	6.95319
71	152	7.08148
71	153	7.06387
71	154	7.02751
71	173	7.91378
71	184	7.45424
71	195	7.468
71	199	8.16211
71	200	8.37258
72	9	5.92612
72	23	6.22576
72	40	5.92042
72	43	5.53005
72	44	6.13158
72	49	6.43367
72	55	4.93437
72	62	7.0347
72	81	7.27294
72	92	6.29248
72	100	7.25255
72	104	6.88732
72	107	6.70839
72	115	5.39784
72	127	7.32357
72	137	7.187
72	144	8.13462
72	148	7.29006
72	163	6.89526
72	164	7.81404
72	170	8.13105
72	177	11.0359
72	190	8.55418
72	195	10.2037
72	198	8.90537
73	32	5.94659
73	42	5.4065
73	47	5.78965
73	54	6.70695
73	70	6.26975
73	86	4.08628
73	108	6.73016
73	113	6.23869
73	121	6.74376
73	122	6.81211
73	123	6.08839
73	126	6.67859
73	137	7.80064
73	139	7.08774
73	140	8.61396
73	143	7.1162
73	144	7.17419
73	154	7.1525
73	165	9.1357
73	167	7.55922
73	173	8.03876
73	184	7.57922
73	195	7.59299
73	199	8.2871
73	200	8.49756
74	3	6.58989
74	5	6.04464
74	13	6.57431
74	18	6.35985
74	28	6.84853
74	29	7.08291
74	46	6.55038
74	61	7.32552
74	64	4.23274
74	103	6.37504
74	119	7.3129
74	131	6.42734
74	132	7.59184
74	141	7.55445
74	150	8.3712
74	154	7.15912
74	156	7.60652
74	178	8.3041
74	182	8.51475
74	186	8.51562
74	189	8.78343
74	192	8.49194
74	193	7.59687
74	195	9.31533
74	198	6.06696
75	1	2.96251
75	9	5.83551
75	25	6.51794
75	44	6.04097
75	72	6.51532
75	92	6.20187
75	94	6.89683
75	104	6.79671
75	107	6.61778
75	122	7.8828
75	127	7.23296
75	134	7.45075
75	137	7.09639
75	145	6.44245
75	148	7.19945
75	153	7.68256
75	157	7.56749
75	161	7.54598
75	164	7.72343
75	165	8.18763
75	170	8.04044
75	171	8.64377
75	178	7.2439
75	190	8.46357
75	198	8.81476
76	5	5.02083
76	6	5.86679
76	19	5.16457
76	37	5.98753
76	42	5.69779
76	47	4.8286
76	58	6.13712
76	70	6.56104
76	82	9.04671
76	88	6.76428
76	99	6.69579
76	113	6.52998
76	116	6.74817
76	123	6.37969
76	139	7.37903
76	143	7.40749
76	144	7.46549
76	154	7.44379
76	165	8.17465
76	184	7.87051
76	187	9.42118
76	195	7.88428
76	196	8.92193
76	199	8.57839
76	200	8.78885
77	7	5.93024
77	22	7.22527
77	26	5.77984
77	35	6.70173
77	36	7.78204
77	38	5.78681
77	39	6.96263
77	41	4.8002
77	58	5.54249
77	60	5.69961
77	66	5.90659
77	67	8.14379
77	86	8.10744
77	87	7.25105
77	98	7.0863
77	101	8.49149
77	103	7.15882
77	110	8.02308
77	117	7.77936
77	124	7.79855
77	136	6.86034
77	141	7.49295
77	148	6.61449
77	160	8.36249
77	172	10.0002
78	9	5.76638
78	23	6.06602
78	31	5.56438
78	38	5.76469
78	40	5.76068
78	41	6.27133
78	44	5.97183
78	50	7.11239
78	55	5.86641
78	84	6.78267
78	94	6.82769
78	98	5.60432
78	104	6.72757
78	107	6.54865
78	109	8.98047
78	134	7.38161
78	137	7.02726
78	148	7.13032
78	157	7.49836
78	161	7.47685
78	164	7.6543
78	170	7.97131
78	183	9.39459
78	190	8.39444
78	198	8.74562
79	10	5.2712
79	45	5.33513
79	51	4.58851
79	61	9.09984
79	85	5.60304
79	109	6.26184
79	120	6.07195
79	130	6.80003
79	133	6.67467
79	135	7.04394
79	142	6.68508
79	149	7.11166
79	151	7.10717
79	159	6.8867
79	167	8.37076
79	172	7.40479
79	174	7.60214
79	177	6.75226
79	183	7.97975
79	185	8.13414
79	188	9.72234
79	191	7.56053
79	193	9.3712
79	197	7.79329
79	198	7.84128
80	7	6.18675
80	8	9.22555
80	21	7.67458
80	22	7.48178
80	26	6.03635
80	32	5.18245
80	39	7.21914
80	46	4.42049
80	54	4.74033
80	58	5.799
80	59	7.80677
80	67	8.4003
80	69	5.60981
80	77	7.07421
80	87	7.50756
80	98	7.34282
80	101	8.748
80	104	5.33358
80	109	7.24357
80	110	8.27959
80	112	8.72416
80	117	8.03587
80	147	5.80201
80	194	8.12151
80	197	9.18944
81	6	5.7774
81	12	5.77724
81	30	5.68272
81	62	3.98424
81	64	6.22081
81	69	6.64855
81	71	6.01165
81	76	6.76302
81	86	4.02422
81	88	6.67488
81	113	6.44059
81	116	6.65878
81	121	6.94566
81	126	6.88049
81	128	6.94981
81	139	7.28964
81	153	7.39076
81	154	7.3544
81	159	10.6627
81	173	8.24066
81	184	7.78112
81	189	7.47698
81	195	7.79489
81	199	8.489
81	200	8.69946
82	11	5.41616
82	15	5.84103
82	24	6.85137
82	31	8.13909
82	52	5.42441
82	75	7.52824
82	79	5.73692
82	95	6.32104
82	105	6.09234
82	120	5.8621
82	133	6.46482
82	149	6.90181
82	151	6.89732
82	159	6.67685
82	160	7.0625
82	172	7.19494
82	174	7.39229
82	175	10.9705
82	177	6.54241
82	179	8.07029
82	181	7.37272
82	183	7.7699
82	185	7.92429
82	191	7.35068
82	197	7.58344
83	14	4.96364
83	37	5.33858
83	50	5.68017
83	53	4.86967
83	56	5.85081
83	63	5.97149
83	94	7.27482
83	97	6.37135
83	111	6.49899
83	114	6.58286
83	115	7.00905
83	119	6.07289
83	134	6.80771
83	151	9.17055
83	162	7.12823
83	166	7.15119
83	171	7.32756
83	175	7.20919
83	180	7.63227
83	184	9.64703
83	186	8.38143
83	187	7.60409
83	193	7.99263
83	194	7.73646
83	196	8.07065
84	1	6.70905
84	16	5.70027
84	17	6.65283
84	35	3.85201
84	39	3.43933
84	43	6.50312
84	55	6.13222
84	57	6.80977
84	80	3.90795
84	108	7.10162
84	118	7.38302
84	128	7.1784
84	137	6.97193
84	140	7.20921
84	145	7.74051
84	146	7.6707
84	150	5.6126
84	155	7.54723
84	158	7.82949
84	165	8.30699
84	169	7.91385
84	176	7.95703
84	179	8.43889
84	196	9.05428
84	200	8.98289
85	4	5.58165
85	11	5.36786
85	14	10.0739
85	52	5.37611
85	88	8.52182
85	102	5.67272
85	105	6.04404
85	131	6.81365
85	133	6.41652
85	135	6.78579
85	142	6.42693
85	149	6.85351
85	151	6.84902
85	159	6.62855
85	168	7.57311
85	172	7.14664
85	174	7.34399
85	177	6.49411
85	181	7.32442
85	183	7.7216
85	185	7.87599
85	190	8.70064
85	191	7.30238
85	195	11.9236
85	197	7.53514
86	13	4.03165
86	21	7.93886
86	22	7.74607
86	26	6.30063
86	36	8.30284
86	38	6.30761
86	39	7.48343
86	52	5.90067
86	64	4.083
86	65	4.25086
86	77	7.3385
86	80	7.84533
86	97	5.37357
86	98	7.6071
86	101	9.01229
86	108	4.53029
86	110	8.54388
86	112	8.98845
86	124	8.31935
86	129	7.25728
86	145	5.19064
86	162	7.42762
86	165	6.93583
86	166	7.1988
86	172	9.06672
87	4	5.62367
87	9	4.79889
87	21	7.57908
87	26	5.94085
87	32	5.4219
87	35	6.86274
87	36	7.94305
87	38	5.94783
87	60	5.23879
87	67	8.30481
87	77	6.97871
87	80	7.48554
87	86	8.26845
87	90	5.88995
87	98	7.24732
87	101	8.6525
87	110	8.18409
87	112	8.62866
87	117	7.94037
87	121	6.74576
87	124	7.95956
87	126	7.43613
87	179	5.51614
87	184	7.26813
87	188	8.27098
88	19	5.06654
88	22	3.14478
88	30	5.67408
88	42	5.59977
88	70	6.46302
88	71	6.00302
88	74	4.19874
88	82	9.69089
88	104	6.98332
88	113	6.43196
88	116	6.65015
88	121	6.93703
88	138	7.032
88	139	7.28101
88	144	7.36746
88	149	8.74024
88	152	7.39973
88	154	7.34576
88	156	7.71231
88	167	7.75249
88	173	8.23203
88	184	7.77249
88	195	7.78626
88	199	8.48036
88	200	8.69083
89	9	5.69081
89	13	6.27032
89	18	6.05586
89	29	6.77892
89	34	6.12416
89	45	6.24692
89	65	6.30231
89	74	6.87347
89	91	6.76868
89	96	6.71965
89	132	7.28785
89	134	5.32073
89	135	7.23223
89	138	7.6305
89	147	7.16469
89	156	7.30253
89	160	8.79359
89	163	7.22176
89	175	9.30825
89	176	7.02122
89	178	8.00011
89	182	8.21076
89	186	8.21163
89	189	8.47944
89	192	8.18795
90	11	6.86315
90	17	4.48867
90	28	5.26995
90	37	5.75245
90	53	5.28354
90	63	6.38536
90	88	7.45877
90	93	6.58857
90	97	6.78522
90	111	6.91286
90	114	6.99673
90	115	7.42292
90	129	6.62397
90	142	8.65511
90	147	7.26367
90	149	8.55216
90	162	7.54211
90	163	7.98354
90	166	7.56506
90	179	6.73835
90	180	8.04614
90	187	8.01796
90	188	8.14017
90	193	8.4065
90	194	8.15034
91	5	5.9821
91	27	5.97178
91	34	6.36561
91	46	6.48785
91	47	6.37452
91	65	6.54376
91	66	6.44833
91	74	7.11493
91	89	6.55516
91	96	6.96111
91	100	5.54503
91	103	7.44905
91	106	7.60861
91	108	5.75404
91	117	3.56168
91	122	7.85475
91	130	7.59739
91	147	7.40615
91	156	7.54398
91	178	8.24157
91	182	8.45221
91	186	8.45309
91	189	8.7209
91	192	8.42941
91	193	8.67089
92	40	5.70837
92	44	5.91953
92	48	6.21785
92	49	6.22162
92	62	6.82266
92	64	6.25687
92	72	6.39388
92	78	6.09448
92	100	7.0405
92	104	6.67527
92	108	6.34669
92	110	3.99538
92	127	7.11152
92	134	7.32931
92	148	7.07802
92	161	7.42455
92	163	7.67355
92	164	7.60199
92	166	9.0152
92	167	8.2631
92	170	7.91901
92	188	9.61468
92	190	8.34213
92	197	10.7726
92	198	8.69332
93	23	8.00475
93	34	5.64869
93	37	5.61449
93	50	5.95608
93	53	5.14558
93	57	5.61598
93	61	5.70656
93	63	6.2474
93	68	5.62678
93	83	5.84999
93	90	6.59802
93	97	6.64726
93	103	6.3168
93	117	4.98475
93	136	7.16795
93	161	8.89982
93	165	7.54176
93	166	7.4271
93	175	7.4851
93	187	7.88
93	188	8.00221
93	192	8.82111
93	193	8.26854
93	194	8.01238
93	196	8.34656
94	7	4.49316
94	9	6.02962
94	23	6.32926
94	31	5.82762
94	36	1.77673
94	41	6.53457
94	42	8.83303
94	48	6.53339
94	59	8.70094
94	62	7.1382
94	68	7.31876
94	78	6.41002
94	92	6.39597
94	100	7.35605
94	104	6.99081
94	107	6.81189
94	127	7.42707
94	143	8.01926
94	148	7.39356
94	157	7.7616
94	160	8.5564
94	170	8.23455
94	190	8.65768
94	191	10.164
94	198	9.00886
95	10	5.49145
95	16	5.55054
95	29	4.74215
95	52	5.8545
95	53	9.57406
95	71	8.8924
95	85	5.82329
95	102	6.15112
95	104	6.85475
95	109	6.48208
95	120	6.29219
95	123	8.74703
95	131	7.29205
95	134	5.71054
95	135	7.26418
95	142	6.90533
95	149	7.3319
95	159	7.10695
95	160	7.49259
95	168	8.05151
95	177	6.9725
95	183	8.19999
95	185	8.35438
95	191	7.78077
95	197	8.01353
96	24	5.87639
96	27	5.89443
96	34	6.28826
96	45	6.41102
96	46	6.4105
96	47	6.29717
96	72	5.30865
96	74	7.03758
96	89	6.4778
96	91	6.93278
96	115	5.56915
96	138	7.7946
96	141	7.41457
96	144	8.30593
96	150	8.23132
96	157	6.80614
96	173	6.82799
96	175	9.15306
96	178	8.16422
96	182	8.37486
96	186	8.37574
96	189	8.64355
96	190	7.1521
96	192	8.35205
96	195	10.375
97	50	6.07156
97	59	5.80327
97	61	5.82204
97	63	6.36288
97	65	5.87019
97	69	6.99589
97	78	7.44574
97	90	6.7135
97	103	6.43228
97	108	6.14962
97	114	6.97425
97	115	7.40044
97	129	6.60149
97	136	7.28343
97	157	7.21605
97	162	7.51963
97	163	7.96106
97	165	7.65724
97	166	7.54258
97	180	8.02366
97	185	8.7509
97	187	7.99548
97	191	10.6559
97	193	8.38402
97	194	8.12786
98	7	5.969
98	8	9.0078
98	21	7.45682
98	26	5.8186
98	35	6.74049
98	39	7.00139
98	58	5.58125
98	67	8.18255
98	76	5.20984
98	77	6.85646
98	78	6.56438
98	80	7.36329
98	81	6.9728
98	86	8.1462
98	87	7.28981
98	94	5.1612
98	110	8.06184
98	112	8.50641
98	117	7.81812
98	124	7.83731
98	125	6.40822
98	145	5.92862
98	174	8.56734
98	183	8.16241
98	195	9.90356
99	57	4.47421
99	69	6.55834
99	73	6.13333
99	74	3.82079
99	81	6.60432
99	83	8.99683
99	88	6.58467
99	121	6.85545
99	122	6.9238
99	123	6.20008
99	139	7.19942
99	143	7.22788
99	144	7.28588
99	149	8.36229
99	152	7.31814
99	153	7.30054
99	154	7.26418
99	167	7.6709
99	172	10.5718
99	173	8.15044
99	175	9.44869
99	184	7.6909
99	195	7.70467
99	198	7.42227
99	199	8.39878
100	2	6.19138
100	9	6.15989
100	13	5.12122
100	31	5.9579
100	36	1.73887
100	42	8.79518
100	48	6.66367
100	52	6.99024
100	72	6.8397
100	75	6.66906
100	82	8.89746
100	91	5.62468
100	94	7.22121
100	104	7.12109
100	107	6.94216
100	127	7.55734
100	132	5.34242
100	134	7.77513
100	145	6.28021
100	157	7.89187
100	161	7.87037
100	164	8.04781
100	190	8.78795
100	194	8.97782
100	198	9.13914
101	27	5.15555
101	35	7.28367
101	36	8.36398
101	38	6.36876
101	54	4.46024
101	58	6.12444
101	67	8.72573
101	69	5.32972
101	80	7.90647
101	87	7.83299
101	90	5.37041
101	97	5.32673
101	98	7.66825
101	104	5.05348
101	110	8.60502
101	111	5.42492
101	112	9.04959
101	113	6.9851
101	117	8.3613
101	124	8.38049
101	138	5.10216
101	152	6.80236
101	171	7.34513
101	183	7.37759
101	186	5.483
102	51	4.47476
102	56	7.33506
102	71	9.78058
102	79	5.83302
102	105	6.18844
102	109	6.14809
102	124	5.74868
102	130	6.68628
102	131	6.95805
102	133	6.56092
102	135	6.93019
102	140	9.0567
102	149	6.99791
102	151	6.99342
102	159	6.77295
102	160	7.1586
102	168	7.71751
102	172	7.29104
102	174	7.48839
102	177	6.63851
102	181	7.46882
102	185	8.02039
102	187	10.825
102	191	7.44678
102	197	7.67954
103	25	5.90356
103	32	7.03263
103	50	5.89187
103	51	14.3428
103	56	6.06251
103	63	6.18319
103	68	5.56257
103	79	7.80507
103	83	5.78578
103	87	5.10729
103	97	6.58305
103	118	5.76833
103	119	6.28459
103	136	7.10374
103	144	9.17994
103	162	7.33994
103	163	7.78137
103	165	7.47755
103	166	7.36289
103	171	7.53926
103	180	7.84397
103	188	7.938
103	193	8.20433
103	194	7.94817
103	196	8.28235
104	2	6.01034
104	30	6.89984
104	31	5.77685
104	36	2.12634
104	49	6.4864
104	64	6.52165
104	72	6.65866
104	75	6.48802
104	89	6.27937
104	94	7.04017
104	100	7.30528
104	107	6.76112
104	129	8.73433
104	137	7.23973
104	148	7.34279
104	153	7.9078
104	157	7.71083
104	161	7.68932
104	164	7.86677
104	170	8.18378
104	176	7.13365
104	190	8.60691
104	192	7.65132
104	198	8.9581
104	200	9.08877
105	43	6.69179
105	52	5.68429
105	79	5.9968
105	82	5.71388
105	85	5.65307
105	91	6.73496
105	95	6.58092
105	97	7.57342
105	115	6.55957
105	120	6.12198
105	131	7.12183
105	135	7.09397
105	142	6.73511
105	151	7.1572
105	160	7.32238
105	166	9.39865
105	172	7.45482
105	174	7.65217
105	177	6.80229
105	181	7.6326
105	183	8.02978
105	185	8.18417
105	191	7.61056
105	192	8.37413
105	197	7.84332
106	1	6.51631
106	3	4.93636
106	12	6.1104
106	16	5.50753
106	17	6.46009
106	20	6.44157
106	25	7.35533
106	33	6.2215
106	57	6.61703
106	94	6.51242
106	95	7.71905
106	101	3.72401
106	118	7.19028
106	125	7.21913
106	128	6.98566
106	129	9.34647
106	140	7.01647
106	145	7.54777
106	146	7.47796
106	155	7.35449
106	158	7.63675
106	169	7.72111
106	176	7.7643
106	179	8.24616
106	187	10.2715
107	8	1.60043
107	41	6.34298
107	44	6.04349
107	48	6.3418
107	49	6.34558
107	64	6.38083
107	72	6.51784
107	74	4.41443
107	75	6.34719
107	78	6.21844
107	100	7.16446
107	104	6.79923
107	114	6.98559
107	115	6.45841
107	127	7.23548
107	137	7.09891
107	148	7.20197
107	155	8.50443
107	161	7.5485
107	164	7.72595
107	170	8.04296
107	181	10.4383
107	190	8.46609
107	191	11.1353
107	198	8.81728
108	12	6.29184
108	16	5.68896
108	19	8.08797
108	29	4.11454
108	33	6.40293
108	43	6.49181
108	55	6.12091
108	60	6.6068
108	84	6.93064
108	106	6.74838
108	118	7.37172
108	125	7.40056
108	128	7.16709
108	140	7.19791
108	146	7.65939
108	149	7.98406
108	152	7.97601
108	155	7.53593
108	158	7.81819
108	169	7.90255
108	176	7.94573
108	179	8.42759
108	187	9.30918
108	191	10.1634
108	193	8.57395
109	11	5.61229
109	13	6.39416
109	40	7.25679
109	52	5.62053
109	80	4.8993
109	82	5.65012
109	95	6.51716
109	102	5.91715
109	105	6.28847
109	127	5.90597
109	130	6.7863
109	135	7.03021
109	136	8.28933
109	142	6.67136
109	151	7.09345
109	160	7.25862
109	168	7.81754
109	174	7.58841
109	181	7.56884
109	183	7.96603
109	185	8.12041
109	187	10.5449
109	191	7.5468
109	197	7.77956
110	2	4.48449
110	4	5.29648
110	8	9.24691
110	21	7.69593
110	30	5.56831
110	35	6.97959
110	38	6.06468
110	39	7.2405
110	67	8.42166
110	81	6.38034
110	86	8.38531
110	87	7.52891
110	93	7.42417
110	98	7.36417
110	99	5.30032
110	101	8.76936
110	112	8.74552
110	120	7.53068
110	124	8.07641
110	125	5.81576
110	131	6.42311
110	139	6.64872
110	171	7.53749
110	186	5.67535
111	5	5.35374
111	25	6.0548
111	37	5.70152
111	50	6.04311
111	52	7.4724
111	53	5.23261
111	63	6.33443
111	78	7.39814
111	83	5.93702
111	93	6.53764
111	97	6.73429
111	100	5.89301
111	106	7.95659
111	129	6.57304
111	136	7.25498
111	153	8.0025
111	163	7.93261
111	165	7.62879
111	175	7.57213
111	180	7.99522
111	187	7.96703
111	188	8.08924
111	196	8.43359
111	197	10.5279
112	22	7.62915
112	26	6.18371
112	27	5.10652
112	53	7.72376
112	58	5.94637
112	64	3.98713
112	67	8.54767
112	75	4.40551
112	77	7.22158
112	86	8.51132
112	87	7.65493
112	94	4.32736
112	96	4.48702
112	101	8.89537
112	110	8.42695
112	117	8.18323
112	121	6.17719
112	124	8.20243
112	125	5.57438
112	139	6.40734
112	154	6.91351
112	156	5.73343
112	160	7.3331
112	171	7.2961
113	36	3.02339
113	47	5.96387
113	63	8.01701
113	70	6.20123
113	71	5.74123
113	76	6.4926
113	78	8.20049
113	88	6.40446
113	93	9.65275
113	99	6.33598
113	116	6.38836
113	121	6.67524
113	122	6.74359
113	123	6.01987
113	139	7.01922
113	143	7.04768
113	152	7.13794
113	153	7.12033
113	154	7.08397
113	173	7.97024
113	182	7.12526
113	195	7.52446
113	199	8.21857
113	200	8.42904
114	21	2.00109
114	25	6.09414
114	53	5.27195
114	55	5.18127
114	59	5.81416
114	99	6.43982
114	115	7.41134
114	129	6.61238
114	135	7.15262
114	136	7.29432
114	157	6.88173
114	162	7.53052
114	163	7.97196
114	165	7.66813
114	166	7.55347
114	171	7.72985
114	178	7.27711
114	180	8.03456
114	187	8.00637
114	188	8.12858
114	193	8.39492
114	194	8.13875
114	195	10.4506
114	197	10.2412
115	14	5.58161
115	37	5.95655
115	59	6.02985
115	61	6.04862
115	68	5.96884
115	77	4.89261
115	78	6.84213
115	90	6.94008
115	98	4.64989
115	111	7.11697
115	126	7.97914
115	133	6.60759
115	136	7.51001
115	137	6.61649
115	139	7.51893
115	162	7.74621
115	165	7.88382
115	169	7.26547
115	175	7.82716
115	180	8.25025
115	187	8.22206
115	193	8.61061
115	194	8.35444
115	196	8.68862
116	5	5.71185
116	33	5.22237
116	62	3.77627
116	69	6.49549
116	73	6.07049
116	81	6.54147
116	99	6.45334
116	107	8.33341
116	113	6.28753
116	121	6.7926
116	123	6.13724
116	126	6.72743
116	139	7.13658
116	152	7.2553
116	153	7.2377
116	167	7.60806
116	170	8.36667
116	173	8.0876
116	184	7.62806
116	190	7.87251
116	194	9.81809
116	195	7.64183
116	199	8.33594
116	200	8.5464
117	6	6.21403
117	7	6.13488
117	21	7.6227
117	22	7.42991
117	26	5.98448
117	33	3.45671
117	36	7.98668
117	39	7.16727
117	40	5.05845
117	67	8.34843
117	73	6.41195
117	80	7.52917
117	85	7.3684
117	86	8.31208
117	87	7.45569
117	98	7.29094
117	102	7.37446
117	109	7.17449
117	110	8.22772
117	124	8.00319
117	161	6.41717
117	185	7.29574
117	193	7.61131
117	194	8.05243
118	16	5.75478
118	33	6.46875
118	43	6.55763
118	53	8.54094
118	57	6.86429
118	60	6.67262
118	69	6.09786
118	84	6.99646
118	93	7.99997
118	106	6.8142
118	109	7.73162
118	110	2.90028
118	125	7.46638
118	128	7.23291
118	133	6.31318
118	136	6.64812
118	138	5.8703
118	145	7.79502
118	146	7.72521
118	155	7.60175
118	169	7.96837
118	176	8.01155
118	179	8.49341
118	200	8.33303
119	25	5.79336
119	53	4.97117
119	59	5.51337
119	64	6.45205
119	97	6.47285
119	111	6.60049
119	114	6.68436
119	129	6.3116
119	135	8.23666
119	136	6.99354
119	137	7.96981
119	156	8.19835
119	162	7.22973
119	163	7.67117
119	165	7.36734
119	175	7.31068
119	180	7.73377
119	186	7.89888
119	187	7.70559
119	188	7.82779
119	190	8.31172
119	193	8.09413
119	194	7.83796
119	196	8.17214
120	11	5.46944
120	12	6.14751
120	19	9.46923
120	79	5.7902
120	85	5.44647
120	90	7.92532
120	102	5.7743
120	109	6.10526
120	114	7.39497
120	121	8.78113
120	130	6.64345
120	131	6.91523
120	135	6.88737
120	142	6.52851
120	149	6.95508
120	160	7.11578
120	168	7.67469
120	172	7.24821
120	174	7.44557
120	177	6.59568
120	181	7.42599
120	185	7.97757
120	191	7.40396
120	197	7.63672
121	19	5.01226
121	30	5.61981
121	32	6.08559
121	39	3.99974
121	70	6.40874
121	71	5.94874
121	73	6.16064
121	76	6.70011
121	95	7.56143
121	99	6.54349
121	122	6.95111
121	126	6.81758
121	139	7.22673
121	144	7.31319
121	153	7.32785
121	165	8.8674
121	167	7.69821
121	169	8.18132
121	173	8.17775
121	175	9.8752
121	195	7.73198
121	196	9.61468
121	199	8.42609
121	200	8.63655
122	6	5.74594
122	32	6.11704
122	42	5.57694
122	49	6.03511
122	70	6.44019
122	71	5.9802
122	73	6.19209
122	76	6.73156
122	81	6.66308
122	88	6.64343
122	97	7.48552
122	112	3.57502
122	113	6.40913
122	116	6.62732
122	139	7.25818
122	141	8.67138
122	143	7.28664
122	144	7.34464
122	147	7.68071
122	153	7.3593
122	180	9.19446
122	184	7.74966
122	199	8.45754
122	200	8.668
123	6	5.38654
123	30	5.29186
123	42	5.21754
123	69	6.2577
123	70	6.0808
123	83	9.80076
123	116	6.26792
123	122	6.62316
123	125	7.97923
123	128	7.12099
123	136	8.2358
123	139	6.89878
123	143	6.92725
123	144	6.98524
123	152	7.01751
123	153	6.9999
123	154	6.96354
123	167	7.37026
123	173	7.84981
123	177	12.3067
123	184	7.39026
123	195	7.40403
123	199	8.09814
123	200	8.30861
124	21	7.57274
124	22	7.37995
124	23	5.78387
124	35	6.85641
124	38	5.9415
124	39	7.11731
124	58	5.69717
124	63	6.06887
124	67	8.29847
124	77	6.97238
124	80	7.47921
124	86	8.26212
124	87	7.40573
124	98	7.24098
124	110	8.17776
124	112	8.62233
124	122	7.05695
124	123	7.41856
124	145	5.61659
124	156	6.25526
124	164	6.36561
124	169	6.6757
124	173	6.04452
124	175	8.36959
125	1	6.69913
125	20	6.62439
125	27	6.77618
125	33	6.40432
125	55	6.1223
125	57	6.79985
125	84	6.93203
125	101	3.20861
125	105	8.14271
125	106	6.74977
125	108	7.0917
125	112	3.03686
125	118	7.3731
125	127	5.11725
125	128	7.16848
125	131	7.85139
125	145	7.73059
125	146	7.66078
125	152	8.42298
125	158	7.81957
125	169	7.90393
125	176	7.94712
125	179	8.42898
125	184	8.36922
126	6	5.6349
126	30	5.54022
126	31	7.32951
126	37	6.96599
126	42	5.4659
126	71	5.86915
126	72	6.3165
126	76	6.62052
126	92	7.87036
126	113	6.29809
126	116	6.51628
126	123	6.1478
126	133	7.80915
126	139	7.14714
126	143	7.1756
126	152	7.26586
126	154	7.2119
126	167	7.61862
126	173	8.09816
126	176	7.87388
126	184	7.63862
126	195	7.65239
126	199	8.3465
126	200	8.55696
127	41	6.47955
127	42	8.31679
127	49	6.48214
127	62	7.08318
127	64	6.51739
127	70	6.1301
127	75	6.48376
127	78	6.355
127	85	7.8154
127	92	6.34095
127	100	7.30103
127	104	6.93579
127	116	6.79914
127	129	7.86846
127	134	7.58983
127	154	7.62056
127	157	7.70658
127	161	7.68507
127	165	7.54701
127	170	8.17953
127	190	8.60265
127	194	8.49943
127	198	8.95384
127	200	8.22291
128	16	5.57359
128	17	6.52615
128	20	6.50763
128	22	2.43464
128	33	6.28756
128	43	6.37644
128	57	6.68309
128	60	6.49143
128	104	6.27318
128	108	6.97494
128	125	7.28519
128	138	6.32185
128	140	7.08253
128	144	8.26936
128	145	7.61383
128	146	7.54402
128	155	7.42055
128	158	7.70281
128	168	7.26646
128	169	7.78717
128	172	10.2396
128	174	9.00222
128	177	11.1706
128	179	8.31222
129	56	5.97988
129	68	5.47994
129	83	5.70315
129	90	6.45118
129	93	6.30378
129	99	7.50022
129	112	3.80849
129	114	6.71194
129	115	7.13813
129	119	6.20196
129	136	7.02112
129	162	7.25731
129	165	7.39492
129	166	7.28027
129	168	8.43902
129	170	8.78224
129	171	7.45664
129	172	11.4121
129	175	7.33827
129	180	7.76135
129	188	7.85537
129	189	7.68459
129	194	7.86554
129	196	8.19973
130	56	6.61598
130	76	6.39538
130	79	6.11097
130	82	5.82805
130	85	5.76724
130	95	6.69509
130	102	6.09507
130	105	6.46639
130	109	6.42603
130	120	6.23615
130	133	6.83887
130	142	6.84928
130	146	6.4356
130	149	7.27586
130	154	8.9329
130	157	7.52024
130	159	7.0509
130	168	7.99546
130	177	6.91645
130	183	8.14395
130	185	8.29834
130	190	7.86619
130	191	7.72473
130	197	7.95749
131	4	6.13853
131	10	5.56994
131	11	5.92475
131	31	6.97894
131	47	5.45649
131	80	4.4035
131	82	5.96259
131	95	6.82962
131	102	6.22961
131	105	6.60093
131	118	5.55161
131	130	7.09876
131	140	8.2808
131	142	6.98382
131	149	7.41039
131	159	7.18544
131	168	8.13
131	169	8.11646
131	172	7.70352
131	174	7.90087
131	181	7.8813
131	191	7.85926
131	195	11.0323
131	197	8.09202
132	18	6.30424
132	24	5.96067
132	27	5.97871
132	30	6.32591
132	34	6.37254
132	45	6.49531
132	47	6.38145
132	66	6.45526
132	74	7.12186
132	91	7.01707
132	96	6.96804
132	113	7.93505
132	131	7.18071
132	145	6.09375
132	147	7.41308
132	156	7.55091
132	161	7.1561
132	163	6.76025
132	168	6.99671
132	178	8.2485
132	182	8.45914
132	183	8.32754
132	186	8.46002
132	192	8.43633
133	43	6.03076
133	51	4.69621
133	70	7.05775
133	79	6.05447
133	82	5.77155
133	109	6.36954
133	120	6.17965
133	129	8.79611
133	131	7.17951
133	135	7.15164
133	142	6.79278
133	149	7.21936
133	151	7.21488
133	155	7.94456
133	159	6.9944
133	160	7.38005
133	172	7.51249
133	179	6.58226
133	181	7.69027
133	183	8.08745
133	185	8.24184
133	191	7.66823
133	193	8.98596
133	197	7.90099
134	41	6.56272
134	62	7.16635
134	64	6.60056
134	72	6.73757
134	75	6.56693
134	93	7.99905
134	94	7.11908
134	104	7.01896
134	115	5.08011
134	126	7.68381
134	127	7.45521
134	137	7.31864
134	148	7.4217
134	155	7.12613
134	156	6.54969
134	157	7.78974
134	161	7.76823
134	163	6.57753
134	164	7.94568
134	170	8.26269
134	187	8.90275
134	190	8.68582
134	191	9.75697
134	198	9.03701
135	51	4.82808
135	58	6.51838
135	74	3.93581
135	85	5.84261
135	102	6.17044
135	105	6.54176
135	109	6.50141
135	111	7.09183
135	130	7.0396
135	133	6.91424
135	142	6.92465
135	149	7.35123
135	168	8.07084
135	172	7.64436
135	174	7.84171
135	177	6.99183
135	180	8.70259
135	181	7.82214
135	185	8.37371
135	189	6.95925
135	191	7.8001
135	192	7.79435
135	197	8.03286
135	199	9.87704
136	14	5.37691
136	37	5.75185
136	38	5.44252
136	53	5.28294
136	56	6.26408
136	58	6.54629
136	61	5.84391
136	63	6.38476
136	81	7.88281
136	83	5.98734
136	91	6.1831
136	119	6.48616
136	150	5.88943
136	154	8.65737
136	162	7.54151
136	163	7.98294
136	166	7.56446
136	171	7.74083
136	175	7.62246
136	187	8.01736
136	188	8.13957
136	193	8.4059
136	196	8.48392
136	199	9.90495
137	15	4.77916
137	31	5.68903
137	40	5.88532
137	41	6.39598
137	48	6.3948
137	49	6.39857
137	64	6.43382
137	77	5.37118
137	78	6.27143
137	94	6.95234
137	104	6.85222
137	107	6.67329
137	113	8.52624
137	127	7.28847
137	134	7.50626
137	135	7.36191
137	146	6.00637
137	148	7.25496
137	161	7.6015
137	170	8.09596
137	178	7.48639
137	190	8.51908
137	195	10.6599
137	198	8.87027
138	3	6.59176
138	13	6.57618
138	27	6.03618
138	34	6.43002
138	41	5.13248
138	46	6.55225
138	47	6.43892
138	54	6.49255
138	62	3.11223
138	65	6.60816
138	69	6.64236
138	89	6.61956
138	91	7.07454
138	122	7.8968
138	140	7.67989
138	147	7.47055
138	168	7.35941
138	171	8.65777
138	177	11.2635
138	182	8.51662
138	186	8.51749
138	189	8.7853
138	190	7.20847
138	192	8.49381
139	26	6.30596
139	30	5.65446
139	32	6.12024
139	70	6.4434
139	71	5.9834
139	76	6.73477
139	88	6.64663
139	99	6.57815
139	105	8.43499
139	116	6.63053
139	123	6.26204
139	126	6.85224
139	127	5.40953
139	141	8.42549
139	146	6.37815
139	152	7.38011
139	153	7.3625
139	167	7.73287
139	168	7.95967
139	171	9.25804
139	173	8.21241
139	195	7.76664
139	199	8.46074
139	200	8.67121
140	1	6.51409
140	3	4.67199
140	20	6.43935
140	43	6.30816
140	55	5.93726
140	57	6.61481
140	60	6.42315
140	106	6.56473
140	108	6.90666
140	112	3.28789
140	118	7.18806
140	125	7.2169
140	128	6.98344
140	145	7.54555
140	149	8.68206
140	155	7.35227
140	158	7.63453
140	163	7.68196
140	169	7.71889
140	176	7.76207
140	178	7.81692
140	179	8.24394
140	180	8.90733
140	189	7.16399
141	3	6.42545
141	13	6.40987
141	23	7.25642
141	27	5.86987
141	45	6.38647
141	47	6.27261
141	60	6.66459
141	65	6.44186
141	66	6.34643
141	73	8.14628
141	74	7.01302
141	80	4.43529
141	84	6.71101
141	86	3.78491
141	89	6.45325
141	100	6.21978
141	132	7.4274
141	138	7.77005
141	156	7.44208
141	178	8.13966
141	182	8.35031
141	186	8.35118
141	189	8.61899
141	192	8.3275
142	4	5.86379
142	15	6.07487
142	17	4.88597
142	24	5.91673
142	61	9.268
142	95	6.55488
142	109	6.28583
142	120	6.09594
142	130	6.82402
142	133	6.69866
142	151	7.13116
142	160	7.29634
142	162	9.51984
142	168	7.85525
142	172	7.42878
142	174	7.62613
142	177	6.77625
142	178	8.08432
142	181	7.60656
142	183	8.00374
142	185	8.15813
142	191	7.58452
142	192	8.2665
142	197	7.81728
143	5	5.82691
143	6	5.7625
143	30	5.66782
143	32	6.1336
143	62	3.89133
143	69	6.63365
143	71	5.99675
143	76	6.74812
143	81	6.67963
143	88	6.65999
143	91	6.58001
143	92	7.69799
143	118	5.7298
143	121	6.93076
143	126	6.86559
143	139	7.27474
143	144	7.3612
143	151	8.36386
143	152	7.39346
143	161	8.29789
143	173	8.22576
143	195	7.77999
143	199	8.4741
143	200	8.68456
144	6	5.77948
144	19	5.07726
144	21	2.87957
144	32	6.15058
144	36	2.81279
144	45	5.57456
144	53	9.98313
144	70	6.47374
144	73	6.22564
144	99	6.60849
144	113	6.44268
144	116	6.66086
144	121	6.94775
144	123	6.29238
144	126	6.88258
144	138	7.31249
144	139	7.29172
144	153	7.39284
144	167	7.7632
144	184	7.7832
144	195	7.79697
144	198	8.08071
144	199	8.49108
144	200	8.70155
145	3	4.11127
145	12	6.35158
145	20	6.68274
145	27	6.46649
145	33	6.46267
145	43	6.55155
145	60	6.66654
145	84	6.99038
145	95	6.89396
145	108	7.15006
145	113	8.29604
145	118	7.43146
145	125	7.4603
145	133	6.85597
145	140	7.25765
145	146	7.71913
145	155	7.59567
145	158	7.87793
145	169	7.96229
145	176	8.00547
145	179	8.48733
145	180	8.34661
145	189	6.60327
145	196	8.94721
146	7	4.34776
146	20	6.63541
146	43	6.50422
146	47	4.57181
146	57	6.81087
146	60	6.61921
146	73	7.22981
146	84	6.94305
146	93	8.26069
146	108	7.10272
146	118	7.38412
146	122	7.61303
146	125	7.41296
146	126	7.94546
146	140	7.21031
146	145	7.74161
146	153	7.41279
146	155	7.54833
146	158	7.83059
146	159	9.5069
146	169	7.91495
146	176	7.95813
146	179	8.44
146	196	8.66515
147	13	6.37326
147	29	6.88186
147	34	6.2271
147	46	6.34933
147	65	6.40524
147	74	6.97641
147	82	9.24246
147	84	6.24709
147	89	6.41664
147	90	6.85182
147	91	6.87162
147	96	6.82259
147	132	7.39079
147	140	7.84867
147	150	8.17015
147	153	7.86534
147	156	7.40547
147	176	7.09118
147	178	8.10305
147	182	8.3137
147	186	8.31457
147	189	8.58238
147	190	7.37725
147	192	8.29089
148	31	5.69253
148	40	5.88882
148	41	6.39948
148	44	6.09998
148	48	6.3983
148	49	6.40207
148	54	5.99486
148	60	6.25387
148	62	7.00311
148	72	6.57433
148	78	6.27493
148	92	6.26088
148	94	6.95584
148	103	7.71308
148	107	6.67679
148	119	8.65094
148	122	8.11878
148	134	7.50976
148	141	8.04721
148	157	7.6265
148	170	8.09946
148	190	8.52258
148	197	10.444
148	198	8.87377
149	3	4.84066
149	10	5.44729
149	14	9.30938
149	23	7.35141
149	51	4.7646
149	85	5.77913
149	109	6.43793
149	120	6.24804
149	124	5.09956
149	128	6.80549
149	135	7.22003
149	142	6.86117
149	151	7.28326
149	159	7.06279
149	160	7.44844
149	164	7.93315
149	168	8.00735
149	174	7.77823
149	177	6.92835
149	181	7.75866
149	183	8.15584
149	185	8.31023
149	191	7.73662
149	197	7.96938
150	5	6.17291
150	18	6.48812
150	22	2.11837
150	23	6.21451
150	24	6.14455
150	29	7.21119
150	35	3.33744
150	58	5.7549
150	66	6.63915
150	114	5.74349
150	116	7.04456
150	132	7.72012
150	138	8.06277
150	141	7.68273
150	144	7.9531
150	146	5.36867
150	147	7.59696
150	154	7.86597
150	156	7.7348
150	178	8.43238
150	182	8.64303
150	189	8.91171
150	192	8.62022
150	199	9.11356
151	15	6.23201
151	31	6.84405
151	50	6.87405
151	51	4.76965
151	65	5.98267
151	85	5.78418
151	95	6.71202
151	125	7.40207
151	130	6.98116
151	131	7.25294
151	133	6.8558
151	135	7.22507
151	149	7.29279
151	160	7.45348
151	161	7.98481
151	168	8.0124
151	172	7.58592
151	177	6.93339
151	183	8.16089
151	184	8.52725
151	185	8.31527
151	191	7.74166
151	197	7.97442
151	199	9.98879
152	30	5.65869
152	37	6.73745
152	41	5.85542
152	42	5.58437
152	68	8.18008
152	69	6.62452
152	70	6.44762
152	73	6.19952
152	76	6.73899
152	96	6.57163
152	113	6.41656
152	121	6.92163
152	123	6.26627
152	126	6.85646
152	135	7.85635
152	139	7.26561
152	143	7.29407
152	153	7.36673
152	154	7.33037
152	162	9.41635
152	167	7.73709
152	173	8.21663
152	195	7.77086
152	200	8.67543
153	6	5.74776
153	27	6.99565
153	30	5.65308
153	32	6.11886
153	71	5.98202
153	73	6.19391
153	76	6.73339
153	99	6.57676
153	101	3.42808
153	116	6.62914
153	122	6.98438
153	123	6.26066
153	143	7.28846
153	144	7.34646
153	152	7.37873
153	154	7.32476
153	173	8.21102
153	180	8.87578
153	183	9.2177
153	184	7.75148
153	185	8.92483
153	198	7.71048
153	199	8.45936
153	200	8.66983
154	32	6.09876
154	42	5.55867
154	69	6.59882
154	71	5.96192
154	76	6.71329
154	83	9.55625
154	88	6.62515
154	97	7.43804
154	105	8.63339
154	110	4.24345
154	113	6.39086
154	121	6.89593
154	123	6.24057
154	126	6.83076
154	143	7.26837
154	144	7.32637
154	153	7.34103
154	158	7.46192
154	167	7.71139
154	184	7.73139
154	186	7.59431
154	195	7.74516
154	199	8.43927
154	200	8.64973
155	1	6.62387
155	2	6.11444
155	33	6.32906
155	43	6.41794
155	46	5.9627
155	55	6.04704
155	57	6.7246
155	60	6.53294
155	84	6.85678
155	98	5.40963
155	106	6.67452
155	108	7.01645
155	118	7.29785
155	125	7.32669
155	140	7.12404
155	144	8.87196
155	146	7.58552
155	150	6.0169
155	158	7.74432
155	169	7.82868
155	176	7.87186
155	179	8.35372
155	192	7.94974
155	193	9.22259
156	9	5.79585
156	10	7.79991
156	13	6.34898
156	28	8.16845
156	29	6.85758
156	34	6.20282
156	45	6.32559
156	46	6.32506
156	54	6.26536
156	74	6.95214
156	82	9.27755
156	89	6.39236
156	91	6.84734
156	96	6.79832
156	141	7.32913
156	147	7.24336
156	150	8.14588
156	158	6.86711
156	167	7.91636
156	182	8.28942
156	186	8.2903
156	189	8.55811
156	192	8.26661
156	198	7.38688
157	2	6.00518
157	9	5.97368
157	16	5.16147
157	31	5.77169
157	41	6.47864
157	44	6.17914
157	49	6.48123
157	50	6.50758
157	62	7.08227
157	72	6.65349
157	75	6.48285
157	85	8.56956
157	104	6.93488
157	107	6.75595
157	127	7.37113
157	134	7.58892
157	137	7.23456
157	142	8.32554
157	155	7.77109
157	161	7.68416
157	164	7.86161
157	188	9.16362
157	191	10.4019
157	198	8.95293
158	1	6.70422
158	12	6.29831
158	20	6.62948
158	43	6.49829
158	55	6.12739
158	61	8.46018
158	71	8.42238
158	84	6.93712
158	86	3.17082
158	92	6.93749
158	106	6.75486
158	108	7.09679
158	114	6.17131
158	118	7.37819
158	125	7.40703
158	140	7.20438
158	145	7.73568
158	155	7.5424
158	169	7.90902
158	176	7.9522
158	179	8.43406
158	182	6.03558
158	196	8.96752
158	199	9.54137
159	10	5.28065
159	11	5.63546
159	51	4.59795
159	68	8.95637
159	70	8.28395
159	79	5.95621
159	82	5.67329
159	83	10.2568
159	85	5.61248
159	95	6.54033
159	102	5.94031
159	105	6.31163
159	130	6.80947
159	131	7.08125
159	133	6.68411
159	135	7.05338
159	150	7.00647
159	151	7.11662
159	172	7.41423
159	174	7.61158
159	181	7.59201
159	183	7.98919
159	191	7.56997
159	197	7.80273
160	4	6.04448
160	11	5.83069
160	48	7.0937
160	52	5.83894
160	76	6.67077
160	79	6.15145
160	84	7.01142
160	95	6.73557
160	105	6.50687
160	109	6.46652
160	120	6.27663
160	131	7.27648
160	133	6.87935
160	135	7.24862
160	145	7.38955
160	150	6.44035
160	151	7.31185
160	168	8.03594
160	172	7.60947
160	177	6.95694
160	181	7.78725
160	187	10.3813
160	191	7.76521
160	197	7.99797
161	2	5.95226
161	9	5.92077
161	23	6.22041
161	30	7.03657
161	40	5.91507
161	44	6.12623
161	49	6.42832
161	64	6.46357
161	75	6.42993
161	94	6.98208
161	100	7.2472
161	104	6.88197
161	110	3.79275
161	120	8.99894
161	130	7.9874
161	137	7.18165
161	148	7.28471
161	157	7.65275
161	158	7.01122
161	166	8.81257
161	170	8.1257
161	190	8.54883
161	195	10.7794
161	198	8.90002
162	25	6.03846
162	38	5.92044
162	50	6.02677
162	57	5.09506
162	68	5.69747
162	93	6.52131
162	103	6.38749
162	111	6.8456
162	114	6.92947
162	115	7.35566
162	124	5.23198
162	139	8.62912
162	163	7.91628
162	165	7.61245
162	171	7.67417
162	179	7.16934
162	180	7.97888
162	182	6.87708
162	187	7.95069
162	188	8.0729
162	193	8.33924
162	194	8.08307
162	196	8.41725
162	198	8.04313
163	4	6.59803
163	12	5.08649
163	14	5.5
163	25	6.22822
163	28	5.39245
163	50	6.21653
163	61	5.96701
163	93	6.71107
163	98	5.08123
163	103	6.57725
163	115	7.54542
163	119	6.60925
163	148	7.12802
163	155	7.8528
163	159	9.97192
163	171	7.86393
163	175	7.74555
163	180	8.16864
163	184	8.24249
163	187	8.14045
163	188	8.26266
163	193	8.529
163	194	8.27283
163	200	9.05879
164	2	6.02812
164	6	7.5304
164	11	6.64879
164	18	4.86736
164	23	6.29627
164	31	5.79464
164	44	6.20209
164	48	6.50041
164	62	7.10522
164	75	6.5058
164	107	6.7789
164	111	6.95231
164	127	7.39408
164	134	7.61187
164	137	7.25751
164	141	8.03998
164	148	7.36057
164	150	5.72199
164	157	7.72861
164	170	8.20157
164	174	9.30992
164	181	9.8202
164	190	8.62469
164	198	8.97588
165	14	5.37021
165	22	3.1733
165	25	6.09843
165	35	4.39237
165	37	5.74515
165	52	7.81218
165	63	6.37805
165	68	5.75743
165	103	6.44745
165	111	6.90556
165	129	6.61667
165	134	5.86764
165	136	7.29861
165	140	8.32561
165	170	8.34835
165	171	7.73413
165	175	7.61575
165	180	8.03884
165	181	10.2512
165	187	8.01066
165	188	8.13286
165	193	8.3992
165	194	8.14303
165	196	8.47722
166	14	5.31562
166	25	6.04384
166	53	5.22165
166	61	5.78262
166	63	6.32346
166	67	3.74798
166	68	5.70284
166	90	6.67408
166	98	5.67257
166	111	6.85097
166	115	7.36103
166	119	6.42486
166	129	6.56208
166	142	8.9986
166	162	7.48021
166	164	7.97806
166	165	7.61782
166	180	7.98425
166	183	9.46283
166	187	7.95607
166	188	8.07827
166	194	8.08844
166	196	8.42262
166	200	9.65013
167	6	5.78556
167	19	5.08333
167	55	5.55396
167	70	6.47981
167	73	6.23171
167	88	6.68305
167	99	6.61456
167	108	6.18799
167	111	7.12946
167	113	6.44875
167	116	6.66694
167	121	6.95382
167	122	7.02217
167	126	6.88865
167	137	7.25847
167	139	7.2978
167	153	7.39892
167	154	7.36256
167	184	7.78928
167	188	9.45598
167	195	7.80305
167	197	10.6139
167	199	8.49716
167	200	8.70762
168	2	5.83966
168	4	6.2097
168	10	5.6411
168	15	6.42078
168	52	6.00416
168	82	6.03375
168	100	5.82196
168	107	7.90425
168	120	6.44185
168	131	7.4417
168	133	7.04457
168	135	7.41384
168	142	7.05498
168	147	7.06944
168	151	7.47707
168	159	7.2566
168	172	7.77469
168	174	7.97204
168	177	7.12216
168	181	7.95247
168	186	7.03052
168	191	7.93043
168	196	9.1838
168	200	9.11241
169	1	6.61602
169	12	6.21012
169	17	6.5598
169	20	6.54128
169	33	6.32121
169	60	6.52508
169	79	7.25016
169	84	6.84893
169	85	8.73274
169	89	6.33085
169	99	6.68332
169	106	6.66667
169	111	7.00027
169	125	7.31884
169	128	7.08537
169	140	7.11619
169	145	7.64748
169	146	7.57767
169	155	7.45421
169	158	7.73647
169	173	7.14709
169	176	7.86401
169	179	8.34587
169	181	9.86817
170	2	6.07859
170	23	6.34674
170	38	5.40299
170	41	6.55205
170	49	6.55464
170	62	7.15568
170	64	6.58989
170	73	7.85623
170	78	6.4275
170	79	7.33009
170	87	4.63232
170	92	6.41345
170	94	7.10841
170	100	7.37353
170	101	3.24327
170	111	7.08021
170	134	7.66233
170	137	7.30797
170	152	8.45765
170	156	7.43776
170	161	7.75757
170	164	7.93502
170	190	8.67516
170	198	9.02634
171	5	5.80722
171	25	6.0364
171	28	5.20062
171	50	6.02471
171	59	5.75642
171	68	5.69541
171	76	6.49708
171	87	5.04908
171	91	6.56033
171	114	6.92741
171	115	7.3536
171	119	6.41743
171	136	7.23658
171	137	7.62598
171	162	7.47278
171	163	7.91421
171	165	7.61039
171	166	7.49573
171	174	9.85458
171	180	7.97682
171	187	7.94863
171	188	8.07084
171	194	8.08101
171	196	8.41519
172	3	5.57836
172	10	5.41155
172	15	6.19122
172	34	5.73305
172	35	5.21203
172	39	4.79936
172	44	7.26887
172	63	8.3741
172	79	6.08711
172	82	5.80419
172	85	5.74338
172	95	6.67123
172	102	6.07121
172	120	6.21229
172	131	7.21215
172	149	7.252
172	151	7.24752
172	159	7.02704
172	160	7.41269
172	168	7.97161
172	177	6.8926
172	181	7.72291
172	183	8.12009
172	197	7.93363
173	19	5.24209
173	73	6.39047
173	81	6.86145
173	94	5.69402
173	99	6.77332
173	108	5.80108
173	113	6.60751
173	116	6.8257
173	118	4.95569
173	122	7.18093
173	126	7.04741
173	129	8.52808
173	140	7.68488
173	144	7.54301
173	152	7.57528
173	153	7.55767
173	154	7.52132
173	167	7.92804
173	177	11.2685
173	184	7.94804
173	186	6.80063
173	193	8.71793
173	195	7.96181
173	199	8.65592
174	20	5.16554
174	52	5.85581
174	82	5.8854
174	84	7.02615
174	85	5.82459
174	87	5.2375
174	95	6.75244
174	105	6.52374
174	120	6.2935
174	130	7.02157
174	133	6.89621
174	135	7.26549
174	137	7.81441
174	142	6.90663
174	148	7.89461
174	149	7.3332
174	157	7.81036
174	159	7.10825
174	168	8.05281
174	172	7.62633
174	177	6.9738
174	181	7.80411
174	185	8.35569
174	197	8.01484
175	28	5.15317
175	37	5.63567
175	56	6.1479
175	59	5.70897
175	68	5.64796
175	77	6.12914
175	90	6.6192
175	93	6.47179
175	97	6.66844
175	100	6.57352
175	103	6.33798
175	114	6.87996
175	119	6.36998
175	130	8.62588
175	162	7.42533
175	169	8.502
175	171	7.62465
175	180	7.92936
175	188	8.02339
175	189	7.59142
175	190	8.19492
175	193	8.28972
175	194	8.03356
175	196	8.36774
176	1	6.61884
176	2	5.6025
176	12	6.21293
176	15	4.54839
176	16	5.61006
176	33	6.32403
176	55	6.04201
176	84	6.85174
176	106	6.66948
176	108	7.01141
176	118	7.29281
176	124	4.3696
176	125	7.32166
176	126	8.22695
176	128	7.08819
176	140	7.119
176	153	7.69429
176	155	7.45702
176	158	7.73928
176	169	7.82364
176	172	10.3302
176	179	8.34869
176	200	8.87525
177	10	5.07756
177	11	5.43237
177	51	4.39487
177	75	7.85232
177	82	5.4702
177	85	5.4094
177	95	6.33724
177	105	6.10855
177	120	5.8783
177	130	6.60638
177	135	6.85029
177	142	6.49144
177	149	6.91801
177	151	6.91353
177	159	6.69306
177	160	7.0787
177	164	9.2906
177	168	7.63762
177	172	7.21114
177	174	7.40849
177	181	7.38892
177	183	7.7861
177	185	7.94049
177	197	7.59964
178	5	5.99143
178	13	6.52111
178	15	4.70935
178	24	5.96307
178	27	5.98111
178	54	6.43748
178	65	6.55309
178	67	3.13407
178	74	7.12426
178	89	6.56448
178	96	6.97044
178	97	6.79805
178	103	7.64979
178	107	7.82806
178	121	7.69755
178	124	4.53056
178	132	7.53864
178	138	7.88128
178	141	7.50125
178	150	8.318
178	156	7.55331
178	186	8.46242
178	189	8.73023
178	199	9.68146
179	1	6.82161
179	16	5.81283
179	17	6.76539
179	43	6.61568
179	55	6.24478
179	56	5.74403
179	71	8.18955
179	73	7.29935
179	88	6.81543
179	106	6.87225
179	117	3.3895
179	118	7.49558
179	128	7.29096
179	134	5.0077
179	140	7.32177
179	145	7.85307
179	146	7.78326
179	155	7.65979
179	158	7.94206
179	159	9.57644
179	163	6.90872
179	169	8.02641
179	172	10.1183
179	176	8.0696
180	28	5.29346
180	37	5.77595
180	46	6.02106
180	61	5.86802
180	63	6.40886
180	68	5.78824
180	93	6.61208
180	97	6.80873
180	111	6.93637
180	114	7.02024
180	118	5.51871
180	120	9.21898
180	129	6.64747
180	157	7.43053
180	163	8.00705
180	166	7.58856
180	171	7.76494
180	175	7.64656
180	178	7.82591
180	182	6.58499
180	185	8.96538
180	193	8.43001
180	194	8.17384
180	196	8.50802
181	4	6.00598
181	6	8.44662
181	10	5.43739
181	12	6.03621
181	40	7.29105
181	51	4.75469
181	52	5.80044
181	79	6.11295
181	82	5.83003
181	95	6.69707
181	102	6.09705
181	105	6.46837
181	117	4.73469
181	120	6.23813
181	133	6.84085
181	151	7.27335
181	159	7.05288
181	160	7.43853
181	168	7.99744
181	172	7.57097
181	174	7.76832
181	177	6.91844
181	183	8.14593
181	199	10.6537
182	14	8.22474
182	18	6.33413
182	29	7.0572
182	34	6.40244
182	47	6.41134
182	63	6.55177
182	65	6.58058
182	66	6.48515
182	72	5.00808
182	89	6.59198
182	91	7.04696
182	135	6.77646
182	138	7.90877
182	141	7.52874
182	147	7.44297
182	150	8.34549
182	156	7.5808
182	169	7.1586
182	173	6.52742
182	178	8.27839
182	184	7.70428
182	186	8.48991
182	191	9.94544
182	197	9.86504
183	4	6.1393
183	15	6.35038
183	51	4.88802
183	52	5.93376
183	79	6.24628
183	80	4.47689
183	82	5.96335
183	98	5.57427
183	105	6.6017
183	130	7.09953
183	131	7.37131
183	135	7.34344
183	142	6.98459
183	149	7.41116
183	153	8.37086
183	159	7.18621
183	160	7.57185
183	166	9.1389
183	178	7.9322
183	181	7.88207
183	182	6.69127
183	185	8.43364
183	191	7.86003
183	197	8.09279
184	6	5.67478
184	26	6.11717
184	30	5.5801
184	51	13.9367
184	81	6.59191
184	88	6.57226
184	99	6.50378
184	116	6.55616
184	121	6.84304
184	122	6.91139
184	123	6.18768
184	126	6.77787
184	139	7.18702
184	143	7.21548
184	144	7.27348
184	148	7.35824
184	149	8.53452
184	153	7.28814
184	162	9.10489
184	173	8.13804
184	188	9.47555
184	195	7.69227
184	199	8.38638
184	200	8.59684
185	4	6.16546
185	11	5.95167
185	15	6.37653
185	17	4.56088
185	34	4.769
185	42	9.47274
185	48	6.66193
185	82	5.98951
185	88	7.53098
185	102	6.25653
185	109	6.5875
185	131	7.39746
185	142	7.01074
185	147	7.33589
185	148	7.4481
185	149	7.43732
185	160	7.59801
185	168	8.15692
185	172	7.73045
185	174	7.9278
185	177	7.07792
185	181	7.90823
185	183	8.30541
185	191	7.88619
186	18	6.26709
186	27	5.94156
186	29	6.99016
186	34	6.33539
186	42	8.83945
186	46	6.45763
186	54	6.39793
186	61	8.30962
186	74	7.08471
186	95	6.7637
186	96	6.93089
186	132	7.49909
186	135	7.00145
186	141	7.4617
186	147	7.37593
186	150	8.27845
186	168	7.22744
186	170	7.57067
186	173	6.75241
186	178	8.21135
186	182	8.42199
186	189	8.69068
186	192	8.39919
186	194	9.02209
187	14	5.29651
187	25	6.02473
187	28	5.18895
187	50	6.01304
187	61	5.76351
187	62	4.07312
187	68	5.68374
187	75	6.72808
187	90	6.65498
187	94	6.64992
187	103	6.37376
187	106	8.61155
187	114	6.91573
187	119	6.40576
187	129	6.54297
187	136	7.22491
187	163	7.90254
187	166	7.48406
187	167	8.67339
187	171	7.66043
187	175	7.54206
187	180	7.96514
187	188	8.05917
187	193	8.3255
188	13	6.0807
188	14	5.35361
188	28	5.24605
188	43	6.54099
188	46	6.23629
188	47	5.63883
188	56	6.24078
188	61	5.82061
188	83	5.96404
188	90	6.71208
188	97	6.76132
188	111	6.88896
188	119	6.46286
188	123	9.04165
188	136	7.28201
188	162	7.5182
188	165	7.65582
188	171	7.71753
188	173	7.66761
188	175	7.59916
188	180	8.02224
188	187	7.99406
188	194	8.12643
188	196	8.46062
189	4	6.22884
189	5	6.04855
189	13	6.57822
189	29	7.08682
189	52	6.97853
189	65	6.61021
189	66	6.51478
189	74	7.18137
189	77	4.95476
189	89	6.6216
189	91	7.07658
189	96	7.02756
189	119	8.24103
189	132	7.59575
189	136	7.00469
189	138	7.9384
189	143	7.9697
189	145	6.26851
189	150	8.37512
189	171	8.46984
189	178	8.30801
189	182	8.51866
189	184	7.8733
189	192	8.49585
190	9	6.04959
190	26	5.7057
190	40	6.04389
190	41	6.55455
190	44	6.25505
190	48	6.55337
190	62	7.15818
190	75	6.55876
190	77	5.14269
190	78	6.43
190	89	6.06813
190	92	6.41595
190	100	7.37602
190	116	7.45377
190	127	7.44704
190	132	5.51866
190	134	7.66483
190	141	7.82523
190	148	7.41353
190	157	7.78157
190	164	7.93751
190	170	8.25452
190	185	8.39737
190	199	9.52277
191	15	6.0833
191	44	7.09863
191	45	5.97201
191	51	4.62094
191	52	5.66668
191	90	7.97819
191	102	5.9633
191	105	6.33462
191	109	6.29426
191	120	6.10437
191	130	6.83245
191	131	7.10423
191	133	6.70709
191	142	6.71751
191	148	8.24191
191	151	7.1396
191	159	6.91913
191	160	7.30477
191	174	7.63456
191	177	6.78468
191	181	7.61499
191	183	8.01218
191	185	8.16656
191	197	7.82571
192	3	6.44993
192	24	5.87631
192	29	6.94295
192	35	3.83376
192	45	6.41095
192	47	6.29709
192	67	3.06249
192	91	6.93271
192	96	6.88369
192	128	6.16492
192	132	7.45188
192	138	7.79453
192	141	7.4145
192	147	7.32873
192	150	8.23125
192	156	7.46656
192	161	7.60591
192	165	8.28875
192	174	9.18229
192	182	8.37479
192	186	8.37567
192	188	9.15119
192	189	8.64348
192	191	10.3895
193	1	3.56998
193	28	5.31475
193	53	5.32834
193	56	6.30948
193	59	5.87054
193	61	5.88931
193	93	6.63337
193	103	6.49956
193	107	8.26284
193	129	6.66877
193	132	6.11212
193	136	7.35071
193	143	8.7511
193	163	8.02834
193	165	7.72452
193	166	7.60986
193	171	7.78623
193	173	7.47783
193	176	7.51588
193	180	8.09094
193	187	8.06276
193	188	8.18497
193	194	8.19513
193	196	8.52932
194	25	6.01273
194	56	6.17168
194	68	5.67174
194	83	5.89495
194	89	6.7915
194	90	6.64298
194	93	6.49558
194	97	6.69223
194	111	6.81987
194	113	9.02112
194	119	6.39376
194	129	6.53097
194	136	7.21291
194	143	8.88101
194	151	8.30813
194	162	7.44911
194	163	7.89055
194	166	7.47206
194	168	8.08278
194	170	8.426
194	180	7.95315
194	187	7.92496
194	193	8.31351
194	196	8.39152
195	6	5.54733
195	18	5.94323
195	32	5.91842
195	42	5.37833
195	71	5.78158
195	81	6.46446
195	99	6.37633
195	102	9.7667
195	113	6.21052
195	116	6.42871
195	122	6.78394
195	123	6.06022
195	126	6.65042
195	143	7.08803
195	144	7.14602
195	152	7.17829
195	153	7.16068
195	154	7.12433
195	167	7.53105
195	173	8.01059
195	182	7.30759
195	184	7.55105
195	186	8.08626
195	200	8.46939
196	10	8.23972
196	11	7.0777
196	26	6.34936
196	28	5.30606
196	63	6.42146
196	68	5.80084
196	83	6.02405
196	86	3.79588
196	90	6.77208
196	93	6.62468
196	103	6.49086
196	111	6.94897
196	113	8.94141
196	114	7.03284
196	119	6.52286
196	129	6.66008
196	133	7.50134
196	162	7.57821
196	163	8.01965
196	171	7.77754
196	175	7.65916
196	187	8.05407
196	188	8.17627
196	194	8.18644
197	4	5.9394
197	10	5.3708
197	15	6.15047
197	44	6.97578
197	79	6.04637
197	82	5.76345
197	84	7.25061
197	102	6.03047
197	109	6.36143
197	120	6.17155
197	127	5.98156
197	133	6.77426
197	149	7.21125
197	151	7.20677
197	153	8.86886
197	160	7.37195
197	168	7.93086
197	169	8.68784
197	172	7.50438
197	174	7.70174
197	177	6.85185
197	183	8.07935
197	185	8.23374
197	191	7.66013
198	2	6.11021
198	9	6.07872
198	31	5.87672
198	40	6.07302
198	48	6.58249
198	49	6.58627
198	75	6.58788
198	81	7.40803
198	92	6.44508
198	94	7.14004
198	99	6.328
198	100	7.40515
198	104	7.03992
198	123	8.16581
198	127	7.47617
198	134	7.69396
198	142	8.1334
198	146	5.68528
198	157	7.8107
198	161	7.78919
198	171	8.56517
198	186	6.70304
198	191	10.2098
199	18	5.43143
199	19	5.06028
199	32	6.1336
199	42	5.5935
199	45	5.45569
199	48	6.93942
199	60	6.81071
199	69	6.63366
199	70	6.45676
199	71	5.99676
199	73	6.20866
199	81	6.67964
199	122	6.99912
199	123	6.2754
199	130	8.41826
199	143	7.30321
199	144	7.3612
199	154	7.3395
199	167	7.74622
199	173	8.22576
199	179	7.08806
199	184	7.76622
199	195	7.77999
199	200	8.68457
200	8	1.2899
200	19	5.14485
200	24	5.61267
200	32	6.21817
200	33	5.08069
200	42	5.67807
200	59	9.36168
200	73	6.29323
200	81	6.76421
200	88	6.74456
200	93	9.06682
200	99	6.67608
200	122	7.08369
200	123	6.35997
200	126	6.95017
200	143	7.38778
200	152	7.47804
200	153	7.46043
200	167	7.83079
200	169	8.03791
200	173	8.31034
200	181	10.1278
200	184	7.85079
200	199	8.55867
