in-degree distribution (probability density function of the degree in logarithmic bins) 
17.4211	0.125109
19.3333	0.0906701
21	0.0332938
22.5	0.0611268
24.8621	0.0678043
27.7333	0.0321951
29.4167	0.0236439
32.2105	0.034366
35.2	0.0166041
38	0.0167667

in-degree distribution (degree-occurrences) 
17	0.11
18	0.08
19	0.1
20	0.05
21	0.06
22	0.06
23	0.06
24	0.07
25	0.025
26	0.05
27	0.02
28	0.055
29	0.035
30	0.025
31	0.03
32	0.015
33	0.05
34	0.015
35	0.01
36	0.025
37	0.02
38	0.025
40	0.01


--------------------------------------
out-degree distribution (probability density function of the degree in logarithmic bins) 
23	0.0519266
24	2.24128
25	2.57971

out-degree distribution (degree-occurrences) 
23	0.01
24	0.45
25	0.54


--------------------------------------
community distribution (size-occurrences)
21	0.142857
24	0.142857
29	0.285714
31	0.142857
32	0.142857
34	0.142857


--------------------------------------
mixing parameter (in-links)
0.263158	0.03
0.269231	0.015
0.27325	0.03
0.278444	0.05
0.286251	0.105
0.292707	0.185
0.296797	0.03
0.30097	0.125
0.305575	0.12
0.311063	0.045
0.315701	0.085
0.31929	0.075
0.324324	0.005
0.333333	0.07
0.352941	0.03

--------------------------------------
mixing parameter (out-links)
0.0816667	0.01
0.164	0.025
0.202778	0.075
0.247838	0.185
0.28	0.155
0.292174	0.125
0.324848	0.22
0.359064	0.065
0.375	0.035
0.40303	0.055
0.44	0.005
0.458333	0.005
0.48	0.015
0.513333	0.015
0.541667	0.005
0.6	0.005

--------------------------------------
mixing parameter (weights)
0.299086	0.005
0.299257	0.005
0.299431	0.005
0.299516	0.005
0.299593	0.03
0.299667	0.03
0.299778	0.085
0.299858	0.14
0.299945	0.17
0.300035	0.155
0.300125	0.125
0.300207	0.07
0.300312	0.065
0.300384	0.03
0.300476	0.04
0.300561	0.025
0.30064	0.005
0.30086	0.01

--------------------------------------
internal weights (weight-occurrences)
4.52876	0.00320887
4.8081	0.00437573
5.05526	0.00554259
5.29672	0.0177946
5.58337	0.0262544
5.80984	0.0504667
6.06622	0.0729288
6.33303	0.101809
6.58874	0.101809
6.86067	0.0810968
7.10759	0.0918903
7.3664	0.114352
7.63506	0.0910152
7.88679	0.0813886
8.14328	0.0641774
8.40002	0.0536756
8.65273	0.0256709
8.93415	0.00816803
9.13343	0.00291715
9.48265	0.00145858

--------------------------------------
external weights (weight-occurrences)
0.0371258	0.00135318
1.11425	0.00202977
1.90662	0.00541272
2.70033	0.0128552
3.23966	0.0230041
3.96837	0.0358593
4.68563	0.0575101
5.41669	0.097429
6.1185	0.11908
6.84719	0.154263
7.53375	0.166441
8.23729	0.142084
8.93258	0.100812
9.66589	0.0419486
10.3721	0.0236806
11.0717	0.0108254
11.7994	0.00135318
12.6034	0.00202977
13.5443	0.00067659
14.1398	0.00135318
