in-degree distribution (probability density function of the degree in logarithmic bins) 
17.3125	0.105355
19.4375	0.0967147
21	0.0221958
22.3	0.050939
24.8696	0.0537758
27.5	0.0214634
29.5714	0.0275845
32.24	0.0452185
34.9	0.0332082
38.5	0.0243879

in-degree distribution (degree-occurrences) 
17	0.11
18	0.05
19	0.09
20	0.07
21	0.04
22	0.07
23	0.03
24	0.05
25	0.03
26	0.035
27	0.025
28	0.025
29	0.03
30	0.04
31	0.025
32	0.045
33	0.055
34	0.04
35	0.03
36	0.03
37	0.01
38	0.035
39	0.02
40	0.015


--------------------------------------
out-degree distribution (probability density function of the degree in logarithmic bins) 
25	1.47591
26	8.36807

out-degree distribution (degree-occurrences) 
25	0.145
26	0.855


--------------------------------------
community distribution (size-occurrences)
17	0.125
21	0.125
22	0.375
24	0.125
32	0.125
40	0.125


--------------------------------------
mixing parameter (in-links)
0.470588	0.05
0.473912	0.055
0.478261	0.015
0.480847	0.035
0.484082	0.06
0.486162	0.025
0.5	0.505
0.513547	0.035
0.515974	0.05
0.51963	0.02
0.521739	0.015
0.525146	0.075
0.529412	0.06

--------------------------------------
mixing parameter (out-links)
0.32	0.005
0.346154	0.005
0.384615	0.025
0.423077	0.02
0.44	0.02
0.461538	0.065
0.48	0.045
0.5	0.57
0.52	0.075
0.538462	0.135
0.576923	0.01
0.615385	0.015
0.653846	0.005
0.692308	0.005

--------------------------------------
mixing parameter (weights)
0.499609	0.015
0.499679	0.005
0.499725	0.025
0.499753	0.01
0.499834	0.05
0.499887	0.065
0.499937	0.17
0.499988	0.17
0.500036	0.135
0.500103	0.11
0.500147	0.08
0.500203	0.095
0.500251	0.035
0.500294	0.02
0.500342	0.01
0.500661	0.005

--------------------------------------
internal weights (weight-occurrences)
4.35925	0.00154799
4.72114	0.00425697
4.94457	0.00657895
5.29041	0.0150929
5.57051	0.0263158
5.84468	0.0599845
6.11694	0.0684985
6.41559	0.0859133
6.69568	0.0944272
6.97698	0.0828173
7.27033	0.0940402
7.5569	0.0994582
7.83941	0.106037
8.12426	0.0909443
8.4011	0.0735294
8.68636	0.0588235
8.97316	0.0193498
9.24514	0.00851393
9.47975	0.00270898
9.8167	0.00116099

--------------------------------------
external weights (weight-occurrences)
3.96204	0.00386548
4.21489	0.00270584
4.57788	0.00115964
4.93429	0.00811751
5.21762	0.0115964
5.51191	0.0332431
5.8194	0.0545033
6.10349	0.0691921
6.41779	0.0935446
6.7383	0.105914
7.03157	0.105141
7.36032	0.080402
7.66783	0.084654
7.96981	0.125628
8.26859	0.10746
8.55525	0.0606881
8.86175	0.0301508
9.18334	0.0127561
9.47178	0.00425203
9.80758	0.00502513
