1	4	6.23123
1	27	5.68535
1	34	5.48924
1	52	6.36557
1	67	6.21281
1	73	6.2512
1	77	6.35059
1	82	6.45451
1	91	6.06844
1	120	7.07275
1	124	7.15711
1	126	7.22738
1	128	6.74618
1	135	7.50016
1	147	7.64836
1	159	7.40667
1	168	8.0019
1	169	7.89787
1	172	7.83312
1	173	7.43798
1	177	6.86683
1	178	7.63352
1	180	8.33889
1	181	8.50912
1	182	9.35977
1	193	7.87229
2	17	6.0276
2	22	5.6303
2	28	7.44481
2	51	5.56973
2	63	6.23278
2	72	7.01952
2	73	6.1671
2	75	6.37075
2	77	6.34879
2	83	8.64712
2	90	5.9519
2	100	6.56866
2	113	7.14637
2	115	6.53362
2	117	8.44869
2	121	7.12819
2	125	7.10725
2	126	7.74981
2	133	7.76875
2	140	7.48351
2	143	8.69639
2	144	7.94005
2	156	6.64715
2	158	7.8723
2	159	7.70935
2	197	7.93377
3	7	6.63189
3	14	6.4654
3	23	5.12712
3	38	7.39643
3	41	5.26685
3	44	5.64107
3	47	5.87546
3	51	6.11882
3	72	5.33952
3	77	6.89787
3	98	6.15182
3	104	6.19801
3	110	6.52687
3	113	6.97497
3	118	7.70481
3	119	6.41163
3	128	7.35618
3	157	7.95553
3	167	9.46817
3	175	7.62563
3	181	7.11582
3	182	9.96977
3	184	7.98725
3	187	8.22733
3	194	8.12065
3	199	8.46255
4	21	6.12427
4	42	6.52975
4	48	4.25563
4	56	6.00438
4	74	6.32871
4	84	6.80939
4	94	6.4903
4	95	7.23952
4	101	6.65759
4	117	5.83225
4	132	6.94936
4	133	8.39902
4	134	7.73151
4	139	7.08392
4	142	6.87496
4	164	8.06643
4	166	6.95978
4	167	6.74978
4	171	7.98591
4	172	7.4226
4	182	6.72672
4	184	8.28107
4	188	7.59348
4	193	8.75734
4	195	7.66883
4	197	8.28506
5	1	5.4463
5	6	5.24032
5	7	6.37175
5	8	5.49763
5	35	5.83327
5	49	6.49467
5	55	6.23466
5	63	6.52172
5	78	6.21619
5	89	6.63017
5	92	6.86409
5	98	7.06649
5	108	6.88873
5	112	6.56707
5	118	6.72079
5	127	8.10105
5	132	8.28451
5	141	7.08205
5	149	7.82272
5	152	7.43003
5	157	7.84702
5	158	7.45609
5	171	8.32591
5	174	7.63997
5	179	8.34945
5	181	8.85897
6	3	6.35549
6	5	5.29871
6	10	5.56211
6	23	5.57315
6	34	5.74782
6	44	5.64817
6	48	7.80979
6	64	5.82853
6	78	6.12684
6	87	6.62292
6	97	6.63861
6	114	7.1001
6	131	7.51543
6	134	7.29891
6	141	6.9927
6	142	8.3773
6	148	7.81921
6	149	7.73337
6	157	7.75767
6	158	7.36674
6	160	8.52121
6	162	8.37699
6	169	8.04484
6	171	8.23656
6	179	8.25817
6	180	7.84147
7	13	6.06374
7	46	5.22482
7	52	5.44023
7	65	6.39384
7	93	6.19578
7	102	7.19051
7	103	6.71048
7	107	6.33695
7	110	7.30893
7	122	6.23371
7	133	6.70991
7	136	6.65483
7	143	7.19843
7	145	7.29539
7	150	7.05923
7	152	7.99395
7	155	7.15488
7	161	7.23477
7	169	8.37983
7	171	7.8883
7	173	8.03155
7	176	6.95687
7	183	8.11447
7	191	7.56148
7	192	7.81558
7	199	8.4983
8	16	5.49567
8	19	4.91682
8	20	5.20229
8	43	6.38766
8	62	5.75262
8	70	6.80122
8	75	6.34647
8	84	6.2743
8	86	6.36799
8	87	6.40724
8	109	7.18347
8	111	7.0654
8	120	6.92865
8	130	7.80389
8	148	7.02073
8	155	7.61888
8	156	8.93743
8	161	7.28703
8	164	7.81822
8	170	8.07869
8	172	7.86975
8	174	8.20325
8	176	8.41877
8	186	7.87943
8	189	8.00799
8	195	8.76837
9	17	6.26592
9	28	7.68313
9	32	5.54781
9	33	6.11723
9	36	6.47548
9	41	5.56397
9	59	5.98036
9	69	4.97501
9	72	7.25785
9	85	6.12472
9	90	6.19022
9	100	6.80698
9	113	7.38469
9	118	7.08562
9	124	7.14792
9	125	7.34557
9	126	7.67971
9	140	7.72183
9	143	8.93471
9	144	8.17837
9	154	7.7999
9	163	7.72359
9	165	7.62916
9	183	7.5117
9	189	7.96216
9	192	7.71524
10	6	5.39704
10	20	5.88942
10	25	5.84037
10	35	5.98999
10	66	5.9486
10	68	7.62229
10	80	6.24889
10	89	6.78688
10	90	6.60477
10	91	6.62274
10	100	6.10672
10	101	6.22467
10	104	7.10255
10	108	6.79713
10	114	7.34616
10	119	7.47092
10	141	7.23877
10	143	6.86312
10	144	6.82868
10	148	8.06527
10	149	7.97943
10	152	7.58674
10	157	8.00373
10	158	7.6128
10	162	8.62305
10	197	8.13112
11	3	4.68668
11	38	6.9062
11	40	6.10733
11	42	5.95833
11	49	5.22562
11	73	6.22595
11	79	6.14526
11	89	6.46805
11	104	6.35959
11	110	6.68845
11	119	6.57321
11	120	7.19251
11	127	7.87096
11	137	7.7961
11	166	8.35779
11	171	7.41449
11	175	7.78721
11	181	7.2774
11	183	7.64066
11	184	8.14883
11	185	7.81681
11	187	8.38891
11	190	8.46733
11	191	8.2028
11	194	8.28222
11	199	8.62412
12	1	5.49634
12	16	5.55821
12	29	5.79252
12	61	5.96636
12	62	5.8455
12	66	6.54175
12	70	5.60269
12	76	6.33881
12	86	6.27963
12	123	7.10688
12	126	7.13444
12	131	7.49276
12	132	8.17056
12	145	7.39883
12	148	7.22001
12	149	7.17292
12	153	7.44557
12	154	7.55358
12	157	7.58144
12	168	7.90896
12	171	7.53064
12	178	7.54059
12	180	8.24595
12	187	7.81206
12	195	8.96765
12	199	8.14064
13	2	5.4206
13	3	6.32402
13	10	5.74736
13	21	6.39373
13	27	6.03693
13	40	5.86375
13	42	6.27161
13	50	6.05625
13	51	6.43751
13	63	6.24133
13	75	6.33102
13	89	6.5754
13	93	6.60499
13	98	6.94375
13	99	6.90965
13	124	7.14865
13	142	8.34583
13	153	7.66701
13	156	6.81335
13	160	7.80671
13	165	7.97294
13	171	7.52184
13	190	8.23198
13	193	8.29327
13	196	8.57004
13	198	8.5997
14	19	5.33726
14	25	6.03918
14	26	5.40705
14	37	4.93686
14	43	6.8081
14	46	5.57188
14	52	5.78729
14	78	6.47123
14	99	7.03527
14	107	6.68401
14	122	6.58077
14	131	7.71391
14	133	7.05697
14	136	7.00189
14	144	7.02749
14	145	7.64245
14	150	7.40629
14	156	7.04331
14	161	7.58183
14	164	7.83232
14	176	7.30393
14	178	8.76568
14	186	8.12505
14	187	8.03321
14	191	7.90854
14	192	8.16264
15	29	5.53883
15	30	6.0029
15	37	6.92049
15	56	6.53359
15	61	5.92911
15	65	6.39789
15	69	6.89896
15	70	6.88396
15	71	6.31545
15	93	6.3601
15	94	6.49936
15	111	7.14814
15	112	6.60844
15	120	7.01139
15	124	7.13933
15	130	7.88664
15	131	7.23907
15	132	7.91687
15	146	7.48492
15	164	7.90097
15	165	7.62058
15	171	7.27695
15	174	8.28599
15	186	7.96217
15	187	7.55837
15	189	7.95357
16	8	5.50879
16	12	5.62443
16	32	5.41162
16	47	5.53847
16	58	5.71658
16	65	6.30452
16	71	6.22208
16	76	5.96604
16	97	6.51862
16	102	6.73553
16	109	7.17285
16	111	7.05478
16	114	6.89583
16	119	7.35125
16	121	6.84344
16	130	7.79327
16	144	6.70901
16	156	8.92681
16	164	7.8076
16	170	8.06807
16	172	7.97171
16	174	8.19263
16	177	8.0932
16	179	8.13819
16	186	7.86881
16	191	8.22163
17	2	5.70951
17	9	6.11822
17	28	7.92289
17	36	6.71524
17	41	5.27632
17	55	5.21699
17	59	6.22012
17	83	9.1252
17	96	6.14949
17	110	6.41852
17	113	7.62445
17	115	7.0117
17	118	6.79796
17	120	6.7759
17	125	7.58533
17	131	6.96
17	138	6.65052
17	140	7.96159
17	143	9.17448
17	144	8.41813
17	159	7.35159
17	167	8.56132
17	174	6.99327
17	183	7.22405
17	196	7.51755
17	200	7.6511
18	1	5.70816
18	4	6.44515
18	9	5.27755
18	30	5.26895
18	48	7.76512
18	58	5.79191
18	66	6.75357
18	73	6.37009
18	82	6.57339
18	83	3.94225
18	96	6.65339
18	105	7.10284
18	134	7.34664
18	135	7.61905
18	139	7.21826
18	141	7.63526
18	142	8.33263
18	147	7.76724
18	153	7.65739
18	161	7.46431
18	162	6.7222
18	163	7.63915
18	169	8.01676
18	178	7.75241
18	190	8.56149
18	192	7.93835
19	3	5.02742
19	29	5.42321
19	41	5.76917
19	44	6.14338
19	47	6.37777
19	48	7.41781
19	50	5.55491
19	77	6.15448
19	79	6.486
19	107	6.47701
19	119	6.91395
19	129	7.3543
19	139	6.87094
19	140	6.85803
19	169	7.65286
19	171	7.16134
19	175	8.12794
19	176	8.24874
19	184	8.48957
19	185	8.15755
19	186	7.53459
19	187	8.72964
19	190	8.21418
19	194	8.62296
19	196	7.681
19	199	8.96486
20	5	5.58604
20	10	5.84945
20	44	5.44094
20	55	6.43265
20	100	5.89981
20	102	6.64829
20	105	6.27909
20	106	6.81416
20	112	6.76505
20	113	6.41632
20	114	7.38743
20	118	6.91877
20	125	6.3981
20	128	6.79753
20	141	7.28004
20	146	7.55405
20	148	8.10655
20	152	7.62801
20	154	7.86045
20	158	7.65408
20	159	7.69979
20	162	8.66432
20	165	7.68971
20	170	7.56765
20	171	8.5239
20	199	7.95608
21	8	5.35486
21	19	5.08728
21	20	5.37274
21	22	6.31079
21	28	3.81597
21	42	6.5512
21	47	5.60696
21	58	6.60272
21	66	5.89742
21	67	6.41989
21	70	5.57387
21	71	6.69978
21	75	6.61061
21	92	6.72132
21	95	6.89691
21	124	7.42823
21	131	7.44798
21	134	7.24741
21	137	7.88342
21	138	7.98929
21	146	8.06725
21	169	7.99334
21	173	8.68816
21	179	8.15014
21	190	8.51157
21	193	8.27324
22	6	5.81226
22	17	4.88411
22	21	6.4568
22	29	5.90112
22	40	5.92682
22	43	6.6381
22	51	6.50058
22	71	6.77976
22	72	5.01659
22	74	6.28745
22	75	6.39409
22	76	6.11452
22	82	6.1172
22	97	6.80621
22	99	6.97272
22	106	6.73269
22	116	6.85728
22	133	7.99491
22	135	7.63708
22	146	7.85073
22	164	7.66232
22	165	8.03601
22	185	8.30833
22	186	7.95505
22	198	8.66277
22	200	8.56044
23	3	4.84462
23	25	5.66947
23	40	6.07493
23	45	5.46868
23	56	5.40056
23	86	6.41872
23	98	6.47134
23	104	6.51752
23	110	6.84639
23	119	6.73115
23	149	7.02437
23	157	7.43289
23	160	8.34999
23	164	7.46261
23	168	7.61225
23	175	7.94515
23	178	8.39597
23	181	7.43534
23	184	8.30677
23	185	7.97475
23	187	8.54685
23	193	8.15352
23	194	8.44016
23	195	8.8191
23	196	7.90176
23	199	8.78206
24	33	6.14033
24	47	5.41379
24	51	6.22981
24	58	6.11544
24	80	6.1664
24	85	6.24783
24	90	6.36042
24	99	6.70196
24	108	6.91087
24	116	6.58652
24	118	7.10872
24	121	6.71876
24	142	8.13263
24	150	7.64914
24	158	7.8253
24	172	7.84703
24	173	8.20088
24	179	7.66287
24	187	7.59006
24	188	8.4563
24	190	8.02429
24	191	8.09695
24	194	7.93169
24	196	8.36234
24	198	8.39201
24	200	8.28968
25	13	5.95925
25	29	5.87034
25	39	5.75694
25	40	5.89604
25	50	6.07459
25	52	6.61103
25	57	6.10306
25	63	6.27362
25	76	6.07291
25	86	6.57681
25	88	6.35981
25	91	6.3139
25	94	6.76259
25	105	6.4732
25	128	7.58915
25	134	7.28578
25	135	7.59547
25	146	7.81995
25	160	7.839
25	174	7.53557
25	179	7.90285
25	181	8.75457
25	184	7.83535
25	190	8.26427
25	197	8.11832
25	198	8.63199
26	7	4.83281
26	10	5.93319
26	14	5.3547
26	15	5.48131
26	33	5.65175
26	43	6.76397
26	54	6.08325
26	93	6.48406
26	97	6.79297
26	106	7.17575
26	107	6.62524
26	132	8.34759
26	133	6.99819
26	139	7.41728
26	141	7.83428
26	145	7.58368
26	150	7.34751
26	155	7.44317
26	161	7.52305
26	164	7.78819
26	165	8.05129
26	176	7.24515
26	186	8.08092
26	191	7.84977
26	192	8.10386
26	195	9.14468
27	2	5.5735
27	13	5.85018
27	28	3.98889
27	58	5.958
27	61	6.06598
27	62	5.94512
27	70	5.74679
27	73	6.25789
27	76	6.43843
27	81	7.83358
27	93	6.75789
27	102	6.65185
27	106	7.14283
27	123	7.2065
27	126	7.23406
27	142	8.49873
27	150	8.01524
27	154	7.65319
27	159	7.41336
27	164	7.75526
27	168	8.00858
27	169	7.90456
27	178	7.64021
27	180	8.34557
27	185	8.40128
27	196	8.19441
28	39	4.94439
28	66	4.91051
28	83	9.70707
28	90	7.01185
28	94	5.73731
28	100	7.62861
28	109	5.515
28	110	5.93554
28	115	7.59356
28	121	8.18814
28	125	8.16719
28	132	7.15483
28	134	6.2605
28	140	8.54346
28	141	6.64152
28	143	9.75634
28	144	8.99999
28	147	6.52445
28	153	6.66007
28	161	6.47057
28	173	6.65816
28	184	6.81007
28	188	7.66257
28	189	7.19153
28	198	7.47171
28	199	7.1249
29	13	5.82263
29	21	6.2894
29	23	5.54496
29	24	5.55879
29	55	5.74422
29	56	5.54358
29	60	6.15388
29	80	6.26976
29	92	6.74462
29	93	6.60827
29	110	6.94575
29	129	7.21091
29	138	7.60537
29	142	8.3491
29	145	7.39331
29	146	7.68333
29	157	7.57591
29	160	7.70238
29	161	7.48078
29	165	7.86861
29	174	7.5205
29	176	8.61252
29	179	7.76623
29	190	8.12765
29	198	8.49537
29	199	8.13511
30	16	5.68161
30	18	5.38903
30	33	6.06699
30	34	5.9827
30	45	5.9063
30	69	7.00215
30	70	6.98715
30	89	6.28886
30	101	6.92506
30	102	6.53751
30	103	6.35004
30	109	7.3694
30	111	7.25133
30	114	6.69781
30	119	7.15323
30	130	7.98983
30	137	7.61691
30	141	7.36191
30	144	6.51099
30	156	9.12336
30	170	8.26462
30	176	8.3227
30	177	8.28975
30	178	8.24918
30	180	7.52346
30	186	8.06536
31	6	5.96641
31	18	5.81549
31	27	5.71308
31	28	4.0501
31	29	5.99782
31	43	5.64543
31	50	6.27035
31	70	5.808
31	73	6.27893
31	95	6.98955
31	96	6.56223
31	104	7.2855
31	130	6.70749
31	134	7.25548
31	135	7.52789
31	137	8.11755
31	140	7.43264
31	147	7.67608
31	160	8.70385
31	162	6.9495
31	163	7.54799
31	168	8.02963
31	178	7.66125
31	180	8.36661
31	191	8.52425
31	193	7.90002
32	17	4.82766
32	36	5.60381
32	37	6.73665
32	54	6.0912
32	56	6.34975
32	65	6.21405
32	69	6.71512
32	83	3.95895
32	91	6.29906
32	101	6.63804
32	109	7.08238
32	111	6.9643
32	112	6.85684
32	117	8.6184
32	119	7.44328
32	130	7.7028
32	142	8.34934
32	157	7.57615
32	164	7.71713
32	170	7.9776
32	174	8.10216
32	177	8.00273
32	178	8.53923
32	184	7.82051
32	186	7.77833
32	188	8.67301
33	7	4.97214
33	37	4.98818
33	54	6.22258
33	56	5.82158
33	57	6.77057
33	74	6.50876
33	78	6.52255
33	100	6.35684
33	103	7.13809
33	107	6.76457
33	111	6.8685
33	122	6.66132
33	133	7.13752
33	136	7.08244
33	137	7.0462
33	150	7.48684
33	155	7.5825
33	159	8.15682
33	162	7.01667
33	171	7.80312
33	173	7.94636
33	176	7.38448
33	181	9.0175
33	188	8.95078
33	191	7.9891
33	192	8.24319
34	13	5.61291
34	30	5.99254
34	37	6.91012
34	46	6.68244
34	54	6.00331
34	65	6.38752
34	71	6.30508
34	84	6.34668
34	88	6.55042
34	101	6.81151
34	110	6.8581
34	120	7.00103
34	130	7.87627
34	135	7.49276
34	137	7.81907
34	138	7.09011
34	141	7.56408
34	144	6.71316
34	148	7.12684
34	156	9.00981
34	163	7.87552
34	170	8.15107
34	174	8.27563
34	177	8.1762
34	186	7.95181
34	189	8.11409
35	4	6.38965
35	20	5.89843
35	42	5.99699
35	47	5.55829
35	64	6.0836
35	78	6.38191
35	80	6.14905
35	87	6.87799
35	91	6.63175
35	92	6.67265
35	98	6.87505
35	116	7.17583
35	118	6.88651
35	120	7.23117
35	139	7.16275
35	147	7.46269
35	148	8.07428
35	149	7.98844
35	152	7.59575
35	157	8.01274
35	158	7.62181
35	162	8.63206
35	171	8.49163
35	173	7.5964
35	180	7.74131
35	182	9.51819
36	2	5.72226
36	9	6.13097
36	11	5.37345
36	12	5.56489
36	21	5.51214
36	28	7.93564
36	35	5.59603
36	38	6.86549
36	41	5.65222
36	65	5.87932
36	79	6.4233
36	83	9.13795
36	84	6.19727
36	87	6.44966
36	90	6.44273
36	113	7.6372
36	115	7.02445
36	121	7.61902
36	125	7.59808
36	140	7.97434
36	143	9.18722
36	144	8.43088
36	165	7.71741
36	170	7.59535
36	178	8.38766
36	199	7.98378
37	26	5.49303
37	46	6.1762
37	56	7.02863
37	68	7.00052
37	69	7.39401
37	71	6.81049
37	75	5.94633
37	76	5.46394
37	88	6.04418
37	101	7.31692
37	109	7.76126
37	111	7.64319
37	114	6.39373
37	123	6.31784
37	127	7.38769
37	128	6.38267
37	132	7.57115
37	134	6.67682
37	136	7.16285
37	149	6.5735
37	156	9.51522
37	163	7.36928
37	164	8.39601
37	174	8.78104
37	176	8.01863
37	177	8.68161
38	4	4.60303
38	33	7.08718
38	66	6.65109
38	81	4.72989
38	94	6.32331
38	106	7.72357
38	117	5.66525
38	118	8.05557
38	122	8.69911
38	127	6.4619
38	132	6.78236
38	142	6.70796
38	145	8.12368
38	147	8.26503
38	150	8.59598
38	151	7.04322
38	155	8.543
38	166	6.79278
38	167	6.58278
38	172	7.2556
38	174	8.25087
38	182	6.55973
38	188	7.42649
38	189	7.90743
38	195	7.50184
38	197	8.11806
39	38	7.06387
39	53	5.78434
39	60	6.04296
39	63	6.02609
39	81	7.731
39	82	6.10757
39	84	6.39565
39	88	6.11227
39	95	6.40208
39	106	6.45438
39	115	7.03926
39	116	6.57897
39	117	8.66522
39	125	6.62419
39	130	6.54371
39	135	7.62746
39	137	7.95377
39	158	8.08883
39	160	7.59146
39	173	8.19333
39	190	8.01674
39	191	8.36048
39	196	8.35479
39	197	8.1503
39	198	8.38446
39	200	8.28213
40	22	5.89709
40	29	5.70394
40	30	5.48384
40	44	5.8184
40	71	6.92149
40	85	6.32142
40	91	6.49725
40	97	6.60903
40	99	6.77554
40	100	6.27726
40	106	6.53551
40	111	6.78892
40	116	6.6601
40	124	7.01454
40	138	7.57559
40	150	8.06403
40	156	7.01504
40	160	7.6726
40	162	6.93709
40	165	7.83883
40	167	9.28697
40	168	7.95369
40	183	8.22356
40	189	8.40015
40	191	8.51184
40	198	8.46559
41	11	5.14069
41	19	5.69922
41	33	6.31803
41	45	5.50501
41	47	6.23131
41	86	6.52296
41	94	6.70874
41	98	6.50767
41	104	6.55386
41	109	6.48643
41	119	6.76748
41	123	6.87296
41	131	7.44845
41	151	7.82295
41	153	7.63151
41	163	7.92439
41	167	9.04978
41	172	8.02473
41	175	7.98148
41	181	7.47167
41	184	8.3431
41	187	8.58318
41	190	8.53918
41	194	8.47649
41	196	8.006
41	199	8.8184
42	4	6.57601
42	21	6.49337
42	22	6.13084
42	37	4.82457
42	39	5.82429
42	70	5.71156
42	74	6.34515
42	79	6.68902
42	86	6.67613
42	88	6.42716
42	95	6.71696
42	110	7.06014
42	116	6.89385
42	124	7.24829
42	128	7.65649
42	131	7.26804
42	138	7.80934
42	143	6.94963
42	153	7.78467
42	156	6.93102
42	165	8.07258
42	170	7.86107
42	180	7.92767
42	183	8.45731
42	194	8.26256
42	200	8.59701
43	27	5.61163
43	29	6.19231
43	39	6.35991
43	51	6.14452
43	52	7.00127
43	65	6.43597
43	77	6.27686
43	82	6.38078
43	88	7.04339
43	92	6.29604
43	93	7.01358
43	95	7.18404
43	96	6.46078
43	98	7.35234
43	124	7.79281
43	125	6.98245
43	126	7.15365
43	130	6.90197
43	147	7.57463
43	150	8.27093
43	154	7.57279
43	159	7.33295
43	168	7.92817
43	169	7.82415
43	178	7.5598
43	180	8.26516
44	5	5.7593
44	12	5.56896
44	19	5.91801
44	45	5.7238
44	49	5.63868
44	50	5.62723
44	73	6.18932
44	79	6.55832
44	105	6.31087
44	119	6.98627
44	133	7.79097
44	139	7.08746
44	144	6.65355
44	148	7.06722
44	166	8.32115
44	175	8.20027
44	180	7.66601
44	181	7.69046
44	183	7.60402
44	184	8.56189
44	185	8.22987
44	187	8.80197
44	190	8.4307
44	194	8.69529
44	198	8.33466
44	199	9.03719
45	19	5.63435
45	28	4.02402
45	43	6.76617
45	44	5.93205
45	49	5.35503
45	54	6.27572
45	58	5.99313
45	92	6.92937
45	97	6.79517
45	104	6.48899
45	110	6.81786
45	115	7.17696
45	119	6.70261
45	126	8.10404
45	142	8.53386
45	148	7.39924
45	168	7.94003
45	175	7.91661
45	176	8.79727
45	180	7.99803
45	181	7.40681
45	184	8.27824
45	185	7.94622
45	187	8.51831
45	194	8.41163
45	199	8.75353
46	7	4.88589
46	14	5.40778
46	26	5.40136
46	33	5.70484
46	49	6.89868
46	55	6.2677
46	60	6.48733
46	63	6.92573
46	91	6.82231
46	93	6.53714
46	98	7.4705
46	99	7.33207
46	107	6.67832
46	115	7.51568
46	121	7.45871
46	122	6.57508
46	137	6.95995
46	145	7.63676
46	150	7.40059
46	152	8.15425
46	155	7.49625
46	161	7.57614
46	168	8.27875
46	176	7.29824
46	179	8.75346
46	191	7.90285
47	3	5.23668
47	14	5.94303
47	19	6.05494
47	27	5.89745
47	44	6.35264
47	50	5.76416
47	78	6.10179
47	79	6.69525
47	98	6.86339
47	99	6.66583
47	106	6.85044
47	109	6.38245
47	110	7.23844
47	119	7.1232
47	121	6.79247
47	127	7.83882
47	131	7.34447
47	152	7.48801
47	175	8.3372
47	178	8.39624
47	181	7.82739
47	185	8.3668
47	187	8.9389
47	194	8.83222
47	195	8.81936
47	198	8.33916
48	16	6.72628
48	38	4.28354
48	74	5.90372
48	79	7.74823
48	83	5.13232
48	94	6.06532
48	109	7.69881
48	117	5.40726
48	122	9.14234
48	127	6.20391
48	135	8.754
48	139	6.65893
48	140	8.39541
48	142	6.44997
48	151	6.78523
48	155	8.98623
48	166	6.53479
48	167	6.32479
48	171	8.69872
48	172	6.99761
48	177	8.27081
48	182	6.30174
48	188	7.1685
48	189	7.64944
48	195	7.24385
48	197	7.86007
49	2	5.7104
49	26	6.37345
49	44	5.88449
49	45	5.39259
49	46	7.05662
49	64	6.5123
49	75	6.82676
49	79	6.22711
49	88	6.9246
49	97	6.89695
49	98	6.39525
49	104	6.44143
49	110	6.7703
49	145	7.67984
49	149	7.45393
49	150	8.15214
49	154	8.32602
49	156	7.10316
49	159	8.16536
49	175	7.86905
49	181	7.35925
49	184	8.23068
49	185	7.89866
49	187	8.47075
49	194	8.36407
49	199	8.70597
50	5	6.02512
50	23	5.35014
50	30	5.40398
50	44	5.86409
50	45	5.37218
50	47	6.09848
50	68	7.71297
50	69	5.33315
50	79	6.2067
50	93	6.72683
50	104	6.42103
50	119	6.63465
50	129	7.83664
50	168	7.87383
50	171	7.64368
50	175	7.84865
50	176	8.73108
50	179	8.34854
50	181	7.33884
50	184	8.21027
50	185	7.87825
50	187	8.45035
50	190	8.69652
50	194	8.34366
50	199	8.68557
50	200	8.2969
51	25	6.21115
51	38	6.89635
51	39	5.86655
51	53	6.14149
51	58	6.46504
51	59	5.69454
51	68	7.47394
51	75	6.47292
51	80	6.51599
51	81	7.56348
51	88	6.46942
51	104	6.95421
51	106	6.81152
51	112	6.73614
51	116	6.93611
51	118	7.20473
51	119	7.32258
51	122	7.84827
51	129	7.45714
51	142	8.22863
51	155	7.69216
51	179	8.01246
51	188	8.55231
51	190	8.37389
51	199	8.01465
51	200	8.63927
52	7	4.96006
52	9	5.66444
52	33	5.77901
52	36	5.974
52	40	6.58837
52	45	6.56653
52	46	5.64036
52	60	6.33427
52	76	6.42825
52	93	6.61132
52	103	7.12601
52	107	6.75249
52	122	6.64925
52	133	7.12545
52	136	7.07036
52	137	7.03412
52	147	7.90507
52	155	7.57042
52	159	8.24924
52	167	9.45897
52	170	8.1171
52	175	8.03641
52	176	7.37241
52	188	9.04319
52	191	7.97702
52	192	8.23111
53	25	5.96363
53	28	3.92951
53	29	5.73243
53	30	5.37566
53	45	6.28635
53	97	6.63752
53	98	7.03726
53	104	7.16491
53	106	6.564
53	111	6.68075
53	116	6.68859
53	131	7.06277
53	133	8.02847
53	136	7.84698
53	140	7.31205
53	146	7.68204
53	155	7.90287
53	160	7.70109
53	162	6.82891
53	167	9.1788
53	170	7.83693
53	173	8.30296
53	179	7.76494
53	190	8.12636
53	198	8.49408
53	200	8.39175
54	7	5.16664
54	8	5.45652
54	14	5.68853
54	19	5.18893
54	26	5.68211
54	52	6.06235
54	84	6.42695
54	89	6.65703
54	91	6.37718
54	93	6.8179
54	103	7.3326
54	114	7.06597
54	129	7.79643
54	137	7.2407
54	145	7.91751
54	150	7.68135
54	153	7.74864
54	154	8.11784
54	155	7.777
54	161	7.85689
54	168	7.83363
54	173	7.74672
54	191	8.1836
54	192	8.4377
54	198	8.56028
54	200	8.25669
55	6	5.57754
55	13	5.58867
55	20	6.06992
55	38	6.90494
55	42	5.95707
55	54	5.97908
55	74	6.11888
55	78	6.5534
55	86	6.44986
55	89	6.96738
55	92	6.63273
55	100	5.96696
55	110	6.83387
55	118	7.058
55	126	7.8074
55	148	8.24577
55	149	8.15993
55	152	7.76724
55	157	8.18423
55	158	7.7933
55	162	8.80355
55	165	7.75686
55	171	8.66312
55	180	7.70139
55	195	8.85024
55	197	7.99136
56	2	5.20209
56	15	6.02943
56	20	5.17426
56	30	6.30442
56	34	6.18103
56	37	7.222
56	40	5.99617
56	52	6.37418
56	70	7.18548
56	91	6.07705
56	100	5.85706
56	101	7.12339
56	111	7.44966
56	114	6.76584
56	120	7.31291
56	130	8.18815
56	158	7.82
56	161	7.259
56	164	8.20248
56	170	8.46295
56	181	8.51772
56	186	8.26369
56	188	8.451
56	189	7.97996
56	197	7.88147
56	199	7.91333
57	9	5.59937
57	10	6.05599
57	18	5.98419
57	20	5.70139
57	37	5.01553
57	39	5.65927
57	53	5.9342
57	58	6.25775
57	80	6.30871
57	87	6.90634
57	111	6.89586
57	116	6.72883
57	121	7.24058
57	128	7.49147
57	134	7.57607
57	138	7.64432
57	146	7.72228
57	152	7.93612
57	160	7.74132
57	165	7.90756
57	175	7.97135
57	177	7.40257
57	179	7.80518
57	182	9.89551
57	183	8.29229
57	196	8.50465
58	12	5.63485
58	13	6.00421
58	22	6.10846
58	25	6.14651
58	26	6.00555
58	42	6.34887
58	53	6.07684
58	80	6.45135
58	88	6.40477
58	102	6.74596
58	106	6.74688
58	135	7.49903
58	145	7.31194
58	146	7.86492
58	160	7.88396
58	162	6.6573
58	164	7.52427
58	166	8.38704
58	169	7.93527
58	173	8.48583
58	178	8.45763
58	184	7.73891
58	193	8.21517
58	194	8.0668
58	196	8.64729
58	200	8.57463
59	9	5.80029
59	17	6.18775
59	36	6.39731
59	71	6.64546
59	72	7.17967
59	83	8.80727
59	89	6.50106
59	90	6.11205
59	98	6.8694
59	99	6.73097
59	100	6.72881
59	102	6.74971
59	115	6.69377
59	118	7.24758
59	121	7.28834
59	125	7.26739
59	135	7.50278
59	139	7.15711
59	140	7.64366
59	143	8.85654
59	144	8.1002
59	153	7.59267
59	161	7.40316
59	173	7.59075
59	178	8.46138
59	190	8.50034
60	16	5.55919
60	25	6.10981
60	49	6.38171
60	55	5.75073
60	57	6.11133
60	63	6.28189
60	69	5.2211
60	80	6.41465
60	85	6.49609
60	88	6.36807
60	94	6.75403
60	108	7.15912
60	116	6.83477
60	131	7.20895
60	138	7.75026
60	143	6.84175
60	148	7.221
60	151	7.86824
60	154	8.046
60	169	8.02315
60	173	8.44913
60	174	7.52701
60	191	8.31993
60	195	8.96863
60	198	8.64026
60	200	8.53793
61	9	5.42116
61	19	5.23772
61	31	5.84709
61	35	5.8745
61	39	6.08174
61	43	5.74382
61	66	6.76081
61	76	6.55787
61	96	6.66063
61	105	7.11008
61	109	6.65235
61	115	7.11935
61	116	7.37494
61	123	7.32594
61	124	7.51464
61	143	6.96238
61	151	7.98887
61	153	7.66462
61	154	7.77263
61	155	7.93977
61	160	8.62016
61	163	7.64638
61	165	7.99588
61	168	8.12802
61	169	8.024
61	178	7.75965
62	5	5.90319
62	12	5.49446
62	18	5.84558
62	51	5.73583
62	63	6.39888
62	76	6.48956
62	96	6.59232
62	99	6.80522
62	103	6.63648
62	121	6.93186
62	123	7.25763
62	126	7.28519
62	145	7.38993
62	147	7.70617
62	148	7.21111
62	153	7.59631
62	163	7.57807
62	168	8.05971
62	169	7.95569
62	173	7.66499
62	175	7.66262
62	176	8.60914
62	180	8.3967
62	181	8.73613
62	193	7.9301
62	200	8.17496
63	6	6.00988
63	24	5.69414
63	34	5.97392
63	42	6.30263
63	53	6.0306
63	64	6.48007
63	66	6.17502
63	67	6.69749
63	69	5.46889
63	70	5.85147
63	85	6.48655
63	99	6.94067
63	108	7.14958
63	113	6.84966
63	124	7.17967
63	126	8.17359
63	129	7.34626
63	131	7.19942
63	134	7.52501
63	141	7.90603
63	160	7.83773
63	161	7.73508
63	165	8.00396
63	173	8.4396
63	183	8.38869
63	189	8.45604
64	1	5.48139
64	4	6.61617
64	6	5.40475
64	10	5.81589
64	15	5.45331
64	20	5.89714
64	39	6.10915
64	58	5.96292
64	62	6.10092
64	81	7.8385
64	85	6.51885
64	89	6.7946
64	91	6.63046
64	94	6.90207
64	118	6.88522
64	141	7.24648
64	148	8.07299
64	149	7.98715
64	152	7.59446
64	157	8.01145
64	158	7.62052
64	171	8.49034
64	172	8.21805
64	179	8.38453
64	182	9.74471
64	183	7.90583
65	8	5.7883
65	13	5.69605
65	32	5.69113
65	34	6.06566
65	37	7.10663
65	39	5.95009
65	69	7.0851
65	72	4.9554
65	95	6.77421
65	99	6.80408
65	101	7.00802
65	105	6.45362
65	111	7.33428
65	130	8.07278
65	143	6.83073
65	152	7.62626
65	155	7.80812
65	163	7.95866
65	164	8.08711
65	166	8.4639
65	170	8.34757
65	174	8.47214
65	175	7.66149
65	176	8.60801
65	177	8.37271
65	186	8.14831
66	8	5.3105
66	12	5.83819
66	27	6.08689
66	43	6.01924
66	61	6.46083
66	73	6.65274
66	77	6.75213
66	79	6.50696
66	86	6.7741
66	92	6.77131
66	119	7.37537
66	120	7.23547
66	125	6.50947
66	133	7.87056
66	142	8.28143
66	147	8.0499
66	150	7.79794
66	158	7.97411
66	159	7.80821
66	162	6.671
66	169	8.29942
66	174	7.45283
66	180	8.74043
66	192	7.88715
66	193	8.27383
66	194	8.0805
67	10	5.97732
67	15	5.52544
67	41	6.03024
67	48	4.75132
67	51	5.96589
67	57	6.71926
67	74	6.82439
67	82	6.28721
67	87	6.82768
67	95	7.00541
67	103	6.86654
67	108	6.99594
67	117	6.32793
67	132	7.44504
67	151	7.7059
67	161	7.70746
67	166	7.45546
67	167	7.24546
67	170	7.97337
67	172	7.91828
67	182	7.22241
67	188	8.08917
67	189	8.57011
67	192	8.18151
67	195	8.16452
67	197	8.78074
68	4	4.62744
68	26	7.03004
68	44	6.5631
68	62	6.88949
68	65	6.97377
68	74	6.18613
68	94	6.34772
68	109	7.46833
68	117	5.68966
68	127	6.48631
68	128	7.91968
68	130	7.43977
68	132	6.80678
68	139	6.94133
68	142	6.73237
68	154	8.9826
68	166	6.81719
68	167	6.6072
68	172	7.28002
68	177	8.04033
68	179	9.1731
68	182	6.58414
68	188	7.4509
68	189	7.93185
68	195	7.52625
68	197	8.14247
69	16	6.03267
69	18	5.23105
69	30	6.45715
69	37	7.37474
69	49	5.92742
69	71	6.7697
69	84	6.81129
69	85	5.91651
69	101	7.27613
69	109	7.72047
69	111	7.60239
69	117	8.17038
69	120	7.46565
69	136	7.30896
69	137	7.45894
69	140	6.77402
69	145	6.94552
69	147	7.08687
69	156	9.47443
69	161	7.03299
69	170	8.61569
69	177	8.64082
69	182	9.14237
69	185	7.80387
69	188	8.22499
69	190	8.13017
70	8	6.04975
70	10	5.51305
70	15	6.17551
70	24	5.18307
70	30	6.4505
70	37	7.36808
70	45	5.95852
70	57	6.25498
70	71	6.76304
70	79	6.33704
70	103	6.40227
70	109	7.71381
70	111	7.59574
70	129	7.48049
70	130	8.33423
70	136	7.51915
70	140	6.98422
70	164	8.34856
70	170	8.60903
70	171	7.28753
70	172	7.82592
70	176	8.37493
70	177	8.63416
70	186	8.40977
70	197	7.86566
70	198	8.24433
71	8	5.74286
71	11	5.90296
71	15	5.86862
71	16	5.71913
71	21	6.04165
71	22	6.17794
71	31	6.52195
71	32	5.64569
71	34	6.02022
71	39	6.33277
71	53	6.49017
71	65	6.53859
71	69	7.03967
71	84	6.49775
71	89	6.95685
71	101	6.96258
71	120	7.1521
71	123	7.28991
71	133	8.3164
71	156	9.16088
71	161	7.85895
71	162	7.11684
71	170	8.30214
71	186	8.10288
71	193	8.67471
71	199	8.51329
72	9	6.42526
72	36	7.02228
72	42	5.5036
72	49	5.80985
72	57	5.92722
72	59	6.52716
72	83	9.43224
72	95	6.21337
72	113	7.93149
72	115	7.31874
72	116	6.68245
72	117	8.05281
72	121	7.91331
72	124	6.82214
72	125	7.89237
72	140	8.26863
72	143	9.48151
72	144	8.72517
72	154	7.47413
72	167	8.5232
72	170	7.18133
72	171	6.95976
72	177	6.53186
72	186	7.33301
72	191	7.74807
72	195	8.39677
73	31	5.85797
73	35	5.86593
73	47	5.74883
73	66	6.77169
73	92	6.50677
73	97	6.72899
73	102	6.78217
73	110	7.06432
73	112	6.97518
73	116	7.36637
73	123	7.33682
73	126	7.36438
73	135	7.63717
73	142	8.46767
73	154	7.78351
73	155	7.9312
73	159	7.54368
73	162	6.85724
73	163	7.65727
73	169	8.03488
73	177	7.21579
73	178	7.77053
73	179	8.34855
73	180	8.47589
73	196	8.16335
73	198	8.60049
74	4	5.4295
74	24	5.48191
74	43	6.64267
74	45	6.25737
74	48	4.91511
74	59	5.87627
74	81	5.55636
74	95	6.83998
74	117	6.49172
74	122	8.02999
74	132	7.60884
74	142	7.53443
74	166	7.61925
74	167	7.40926
74	172	8.08208
74	174	7.58176
74	182	7.3862
74	184	7.88153
74	187	7.86779
74	189	8.73391
74	190	8.63921
74	194	8.20942
74	195	8.32831
74	197	8.94453
74	199	8.19637
74	200	8.23959
75	5	6.13544
75	16	5.78156
75	24	5.64835
75	38	7.2457
75	40	5.84898
75	47	5.85914
75	57	6.056
75	72	5.18879
75	95	6.60255
75	108	7.10378
75	120	7.53202
75	124	7.13387
75	125	6.80602
75	129	7.30046
75	131	7.15362
75	137	8.1356
75	151	8.09061
75	157	7.80479
75	160	7.79193
75	162	6.96755
75	183	8.3429
75	195	9.191
75	196	8.55526
75	197	8.33212
75	198	8.58493
75	200	8.4826
76	1	5.82407
76	43	5.8525
76	57	6.46016
76	61	6.29409
76	86	6.60736
76	96	6.7693
76	102	6.87997
76	111	6.55809
76	112	6.82419
76	115	6.95979
76	121	6.90281
76	134	7.46255
76	135	7.73496
76	142	8.31669
76	146	7.70067
76	152	7.59835
76	154	7.88131
76	159	7.64147
76	163	7.75506
76	168	8.2367
76	183	7.71887
76	188	8.64036
76	193	8.10709
76	196	8.01237
76	197	8.07083
76	200	8.14592
77	12	5.62749
77	14	6.30277
77	18	5.9786
77	31	5.9118
77	42	6.28594
77	61	6.25013
77	78	6.46153
77	80	6.438
77	90	6.79388
77	94	6.9645
77	105	7.17479
77	109	6.74219
77	128	7.19355
77	134	7.41859
77	141	7.86871
77	148	7.43147
77	153	7.72934
77	154	7.83735
77	159	7.59751
77	163	7.7111
77	169	8.08871
77	172	8.28049
77	179	8.44696
77	180	8.52972
77	183	7.96826
77	193	8.06313
78	5	5.62256
78	6	5.47482
78	14	6.15451
78	20	5.96721
78	72	5.02863
78	73	6.4053
78	89	6.86467
78	90	6.64562
78	91	6.70053
78	98	7.01574
78	114	7.42394
78	133	8.00695
78	134	7.33944
78	141	7.31655
78	145	7.46203
78	148	8.14306
78	152	7.66453
78	153	7.73901
78	155	7.88135
78	157	8.08152
78	158	7.69059
78	162	8.70084
78	169	8.08536
78	171	8.56041
78	184	7.889
78	190	8.64668
79	11	5.39974
79	22	6.04729
79	37	4.9577
79	41	5.88175
79	45	5.76406
79	47	6.49036
79	49	5.67894
79	53	6.35951
79	70	5.84468
79	71	6.9706
79	77	6.76578
79	85	6.61181
79	96	6.92424
79	104	6.81291
79	110	7.14177
79	115	7.23972
79	117	8.86568
79	147	7.78217
79	158	8.28929
79	166	8.71593
79	181	7.73072
79	184	8.60215
79	185	8.27013
79	187	8.84223
79	194	8.73555
79	199	9.07745
80	37	4.76616
80	39	5.73321
80	64	6.28174
80	88	6.33607
80	96	6.7327
80	99	6.91821
80	106	6.67818
80	110	7.00172
80	115	7.04818
80	116	6.80277
80	120	7.35911
80	121	6.9912
80	124	7.15721
80	128	7.56541
80	138	7.71826
80	146	7.79622
80	163	8.01914
80	173	8.41713
80	175	7.72197
80	179	7.87912
80	183	8.36623
80	188	8.72875
80	190	8.24054
80	191	8.3694
80	193	8.35252
80	195	9.0181
81	38	4.53822
81	45	7.11422
81	47	6.54837
81	53	7.0301
81	68	4.73157
81	74	6.1584
81	82	6.97862
81	127	6.45858
81	130	7.41476
81	132	6.77905
81	139	6.9136
81	142	6.70464
81	151	7.03991
81	153	8.58839
81	154	8.95759
81	164	8.52374
81	166	6.78946
81	167	6.57947
81	172	7.25229
81	182	6.55641
81	188	7.42317
81	189	7.90412
81	191	9.23153
81	195	7.49852
81	197	8.11474
81	200	9.09644
82	1	5.8364
82	10	5.71968
82	18	6.03489
82	35	5.7164
82	76	6.67887
82	86	6.61969
82	92	6.61689
82	102	6.8923
82	107	6.80983
82	114	6.95666
82	116	7.21684
82	123	7.44694
82	134	7.47488
82	148	7.18352
82	153	7.78563
82	154	7.89364
82	158	8.01082
82	159	7.6538
82	160	8.46206
82	163	7.76739
82	170	7.71572
82	174	7.48954
82	176	8.58156
82	193	8.11942
82	194	8.11721
82	199	8.10415
83	2	6.52172
83	23	4.60787
83	87	5.6639
83	100	7.85895
83	113	8.43666
83	114	6.05053
83	115	7.82391
83	121	8.41848
83	122	7.03165
83	124	6.45041
83	125	8.39753
83	129	6.78099
83	131	6.55015
83	135	6.64332
83	140	8.7738
83	143	9.98668
83	151	6.92464
83	155	6.87554
83	156	5.87954
83	164	6.66855
83	165	6.93165
83	174	6.58342
83	179	7.29289
83	181	7.80242
83	185	7.31456
83	198	7.54483
84	1	5.45192
84	8	5.71515
84	16	5.69141
84	21	5.78856
84	24	5.54574
84	56	6.64658
84	61	6.30236
84	65	6.51088
84	69	7.01195
84	70	6.99696
84	71	6.42844
84	75	6.66531
84	109	7.3792
84	120	7.12438
84	129	7.84316
84	170	8.27442
84	172	8.18859
84	173	7.79345
84	174	8.39898
84	177	8.29955
84	179	8.35506
84	183	7.87636
84	184	7.94536
84	186	8.07516
84	194	8.27325
84	197	8.22833
85	11	5.65837
85	13	5.97962
85	24	5.71579
85	25	6.12192
85	57	6.12344
85	60	6.31087
85	71	6.85666
85	73	6.47016
85	94	6.88111
85	108	7.17123
85	110	7.07933
85	121	7.06881
85	123	7.04532
85	131	7.22106
85	137	8.04031
85	138	7.76237
85	154	8.17307
85	157	7.7095
85	164	7.73922
85	173	8.46124
85	174	7.65409
85	179	7.92323
85	190	8.28465
85	194	8.28175
85	196	8.6227
85	200	8.55004
86	5	6.1471
86	12	5.63939
86	14	6.32632
86	20	5.63657
86	62	6.14118
86	66	6.83743
86	68	7.83494
86	73	6.45394
86	77	6.55333
86	85	6.60483
86	100	6.31938
86	105	7.1867
86	109	6.76574
86	119	7.68357
86	123	7.40256
86	126	7.43012
86	138	7.41829
86	147	7.8511
86	148	7.45502
86	154	7.84925
86	159	7.60942
86	161	7.72131
86	164	7.84617
86	168	8.20464
86	193	8.07503
86	195	9.20265
87	5	5.84082
87	6	5.69309
87	10	6.10422
87	15	5.51011
87	22	6.01112
87	33	6.56815
87	35	6.28604
87	52	6.8073
87	61	6.38862
87	64	6.37064
87	73	6.54792
87	76	6.26918
87	91	6.91879
87	112	7.01983
87	113	6.8067
87	124	7.59885
87	129	7.92943
87	141	7.53482
87	149	8.27548
87	152	7.88279
87	158	7.90885
87	162	8.9191
87	170	7.95803
87	171	8.77867
87	189	8.41308
87	197	8.31459
88	13	5.86708
88	21	6.33386
88	42	6.21174
88	63	6.18146
88	64	6.45589
88	69	5.44471
88	82	6.29064
88	85	6.39566
88	91	6.52895
88	96	6.90685
88	97	6.68327
88	112	7.08673
88	129	7.25537
88	134	7.50084
88	138	7.64983
88	151	8.09185
88	155	8.04275
88	162	6.96879
88	167	9.31868
88	173	8.34871
88	178	8.76912
88	183	8.2978
88	184	8.0504
88	190	8.17211
88	196	8.51017
88	200	8.4375
89	6	5.64918
89	25	6.01233
89	35	6.24213
89	36	5.80341
89	53	6.31183
89	55	6.64352
89	60	6.16368
89	74	6.43059
89	78	6.62505
89	84	6.54843
89	86	6.76157
89	87	7.12113
89	91	6.87489
89	97	6.81025
89	111	6.79033
89	114	7.5983
89	118	7.12965
89	133	8.13806
89	141	7.49091
89	148	8.31742
89	149	8.23158
89	157	8.25588
89	162	8.8752
89	169	8.21647
89	176	8.81235
89	183	7.95111
90	9	5.78348
90	12	5.9136
90	18	5.87622
90	28	7.58814
90	36	6.38049
90	38	7.2142
90	50	6.2569
90	59	5.88538
90	72	7.16286
90	81	7.88133
90	83	8.79046
90	96	6.87411
90	100	6.712
90	113	7.2897
90	115	6.67695
90	121	7.27153
90	136	7.95412
90	138	7.37513
90	140	7.62685
90	143	8.83973
90	144	8.08338
90	145	7.59069
90	178	8.73638
90	185	8.44903
90	186	8.09575
90	188	8.87016
91	10	5.97388
91	58	5.85909
91	62	5.99708
91	64	6.2403
91	78	6.53861
91	85	6.41501
91	87	7.03469
91	89	6.95258
91	111	6.64122
91	112	6.88949
91	116	7.29851
91	122	8.01945
91	123	6.96245
91	133	7.98894
91	135	7.63112
91	140	7.27252
91	141	7.40447
91	147	7.58537
91	149	8.14514
91	152	7.75244
91	157	8.16944
91	158	7.77851
91	159	7.92954
91	162	8.78876
91	171	8.64833
91	200	8.22905
92	9	5.58101
92	43	5.77354
92	44	5.90697
92	62	6.09428
92	65	6.31764
92	77	6.50643
92	82	6.61035
92	86	6.5284
92	99	7.09558
92	102	6.80101
92	105	7.13979
92	121	7.22222
92	123	7.35565
92	124	7.67449
92	126	7.38322
92	128	7.26356
92	135	7.656
92	155	8.09962
92	161	7.76777
92	168	8.15774
92	177	7.38421
92	178	7.78936
92	189	8.48873
92	192	8.24182
92	193	8.02813
92	196	8.33178
93	17	4.99655
93	20	5.56517
93	26	5.70515
93	33	6.00863
93	80	6.39014
93	88	6.8072
93	92	6.91375
93	117	8.78729
93	120	7.47227
93	122	6.87887
93	133	7.35507
93	136	7.29998
93	137	7.26374
93	141	7.82085
93	144	6.96993
93	145	7.94055
93	150	7.70438
93	155	7.80004
93	161	7.87993
93	166	8.63754
93	174	7.68963
93	176	7.60203
93	187	7.97566
93	191	8.20664
93	192	8.46073
93	195	9.13125
94	7	6.49382
94	17	5.06897
94	33	6.59835
94	52	6.8375
94	67	6.58514
94	68	5.54718
94	74	6.974
94	77	6.7598
94	117	6.47754
94	125	6.81868
94	127	7.27419
94	132	7.59465
94	139	7.72921
94	142	7.52025
94	149	7.40894
94	151	7.85551
94	152	7.87231
94	180	8.05482
94	182	7.37202
94	188	8.23878
94	190	8.8195
94	192	8.19636
94	195	8.31413
94	197	8.93035
94	199	8.37665
94	200	8.41988
95	17	5.08519
95	24	5.70846
95	35	6.00513
95	54	6.34872
95	60	6.30354
95	69	5.47236
95	80	6.41943
95	81	7.94171
95	85	6.50086
95	86	6.8195
95	97	6.78847
95	119	7.70081
95	128	7.60219
95	129	7.36057
95	143	7.093
95	146	7.833
95	147	7.79242
95	149	7.42516
95	165	8.01828
95	175	7.92376
95	179	7.91589
95	181	8.99727
95	183	8.40301
95	190	8.27732
95	193	8.55431
95	196	8.61537
96	22	6.0045
96	24	5.62538
96	28	4.04399
96	62	6.13298
96	68	7.79914
96	73	6.44574
96	86	6.56711
96	89	6.7834
96	102	6.83971
96	105	7.1785
96	134	7.4223
96	135	7.69471
96	138	7.38248
96	147	7.8429
96	152	7.83549
96	153	7.73304
96	154	7.84105
96	162	6.9434
96	169	8.09242
96	171	7.72984
96	176	8.81724
96	178	7.82807
96	179	8.4347
96	185	8.45638
96	191	8.51815
96	193	8.06683
97	11	5.69503
97	29	5.94881
97	48	7.95184
97	52	6.7662
97	57	6.18153
97	58	6.43389
97	77	6.68851
97	80	6.48485
97	83	4.12897
97	86	6.73199
97	95	6.72808
97	106	6.78038
97	108	7.22932
97	112	7.02685
97	128	7.66761
97	146	7.89842
97	154	8.20973
97	164	7.77588
97	165	8.0837
97	167	9.2588
97	172	8.23375
97	179	7.98132
97	191	8.48367
97	194	8.31841
97	198	8.71046
97	200	8.60813
98	11	5.39444
98	13	6.04584
98	16	5.89796
98	23	5.73672
98	41	5.87645
98	47	6.48505
98	48	8.12687
98	59	6.16029
98	79	6.59328
98	83	4.304
98	86	6.90702
98	104	6.8076
98	113	6.94064
98	120	7.64842
98	123	7.25701
98	131	7.83251
98	144	7.14609
98	155	8.15791
98	175	8.23522
98	181	7.72542
98	184	8.59685
98	185	8.26483
98	187	8.83692
98	191	8.6587
98	194	8.73024
98	199	9.07214
99	3	6.60059
99	19	5.38387
99	20	5.66933
99	25	6.2666
99	29	6.03539
99	51	6.63485
99	58	6.52048
99	60	6.45555
99	67	6.71649
99	75	6.52836
99	76	6.33113
99	80	6.57144
99	104	7.34797
99	106	6.86697
99	107	7.11409
99	113	6.86865
99	126	8.19258
99	128	7.7542
99	136	8.03004
99	138	7.90705
99	143	7.10854
99	165	8.17029
99	173	8.60592
99	181	9.0128
99	199	8.40841
99	200	8.69472
100	17	6.44014
100	22	5.70001
100	27	5.94045
100	28	7.85734
100	59	6.15458
100	72	7.43206
100	79	6.47487
100	83	9.05965
100	90	6.36444
100	113	7.5589
100	121	7.54073
100	125	7.51978
100	130	6.3969
100	139	7.13497
100	140	7.89605
100	143	9.10893
100	144	8.35258
100	145	7.29355
100	157	7.47616
100	159	7.77907
100	170	7.64692
100	173	7.56861
100	183	7.65152
100	185	8.15189
100	186	7.79861
100	191	8.21367
101	31	6.10484
101	32	5.76237
101	34	6.1369
101	56	6.79097
101	70	7.14135
101	72	4.92097
101	90	6.53796
101	97	6.57148
101	102	6.78839
101	104	7.03573
101	105	6.41919
101	111	7.40552
101	118	7.28626
101	120	7.26878
101	129	7.67914
101	130	8.14402
101	143	6.7963
101	150	7.82667
101	153	7.63134
101	156	9.27756
101	158	8.00284
101	164	8.15835
101	174	8.54338
101	177	8.44395
101	186	8.21956
101	190	8.53902
102	13	5.9836
102	31	5.97305
102	58	6.09141
102	61	6.31138
102	72	5.24295
102	75	6.82326
102	76	6.68383
102	77	6.60267
102	82	6.7066
102	83	4.24176
102	87	6.88403
102	92	6.62185
102	122	8.25178
102	126	7.47946
102	134	7.47984
102	135	7.75225
102	153	7.79059
102	165	8.15178
102	174	7.80354
102	178	7.88561
102	180	8.59097
102	193	8.12438
102	194	8.43121
102	196	8.32782
102	198	8.76496
102	200	8.46138
103	7	5.40892
103	17	4.96457
103	23	5.6821
103	33	6.22786
103	41	5.9407
103	46	6.08921
103	52	6.30462
103	54	6.65936
103	56	5.68073
103	70	5.73431
103	133	7.5743
103	136	7.51922
103	137	7.48297
103	141	7.78887
103	144	6.93795
103	145	8.15979
103	153	7.80743
103	155	8.01927
103	160	8.63016
103	161	8.09916
103	163	8.10031
103	179	8.36712
103	182	9.7273
103	191	8.42588
103	192	8.67997
103	200	8.31548
104	7	6.61157
104	11	5.3747
104	17	5.18671
104	19	5.93322
104	47	6.46531
104	49	5.6539
104	78	6.60384
104	82	6.41981
104	90	6.93618
104	95	7.13801
104	98	6.74168
104	110	7.11673
104	119	7.00149
104	128	7.33585
104	144	7.16009
104	146	8.09237
104	149	7.52668
104	175	8.21549
104	184	8.57711
104	185	8.24509
104	187	8.81719
104	190	8.93725
104	194	8.7105
104	197	8.46253
104	198	8.84121
104	199	9.0524
105	1	5.97076
105	31	6.10245
105	38	7.06111
105	62	6.31992
105	72	5.0042
105	90	6.62118
105	92	6.75125
105	96	6.91599
105	108	6.81355
105	114	7.03191
105	119	7.48733
105	123	7.5813
105	126	7.60886
105	131	7.53152
105	132	8.20933
105	134	7.60924
105	135	7.88165
105	142	8.39339
105	153	7.91999
105	160	8.5373
105	162	6.78296
105	163	7.90175
105	169	8.27936
105	180	8.72037
105	186	7.94265
105	198	8.52621
106	21	6.42299
106	23	5.86282
106	32	6.10526
106	34	6.03749
106	40	5.89302
106	42	6.30087
106	52	6.91382
106	53	6.02885
106	63	6.2706
106	92	7.06248
106	101	6.51466
106	108	7.14782
106	114	7.30549
106	118	7.64306
106	120	7.621
106	124	7.17791
106	128	7.58612
106	138	7.73897
106	175	7.98386
106	182	9.90802
106	183	8.38694
106	190	8.26125
106	192	8.27269
106	196	8.5993
106	197	8.42111
106	200	8.52664
107	6	5.99754
107	14	5.73789
107	18	5.9208
107	33	6.03495
107	52	6.11171
107	54	6.46645
107	93	6.86725
107	95	7.02068
107	106	7.23516
107	133	7.38139
107	136	7.3263
107	137	7.29006
107	140	7.46377
107	144	7.04277
107	147	7.77662
107	155	7.82636
107	160	8.73498
107	161	7.90625
107	168	7.99724
107	176	7.62835
107	177	7.33918
107	178	8.78096
107	183	7.99324
107	191	8.23296
107	192	8.48705
107	194	8.39013
108	24	5.92067
108	27	6.24462
108	34	5.92404
108	39	5.9822
108	40	6.1213
108	46	6.97451
108	53	6.25713
108	62	6.15078
108	66	6.12514
108	83	4.16314
108	88	6.58507
108	106	6.92717
108	128	7.8144
108	129	7.57279
108	136	7.96116
108	145	7.59772
108	146	8.04521
108	156	7.02104
108	165	8.23049
108	171	7.72953
108	173	8.66613
108	183	8.61522
108	188	8.87719
108	189	8.40615
108	196	8.82759
108	199	8.33953
109	7	6.29772
109	8	5.98728
109	14	6.13123
109	15	6.11304
109	16	5.96355
109	31	6.18923
109	43	6.62686
109	69	7.28409
109	73	6.38202
109	74	6.27621
109	84	6.74217
109	104	7.12012
109	120	7.39652
109	125	6.62258
109	130	8.27176
109	136	7.80219
109	146	7.77853
109	152	7.67621
109	164	8.2861
109	170	8.54656
109	174	8.67112
109	177	8.57169
109	185	8.29709
109	186	8.3473
109	187	7.85198
109	198	8.52737
110	6	6.00427
110	8	5.62686
110	17	5.07612
110	23	5.83528
110	31	6.39247
110	41	5.975
110	47	6.58361
110	50	5.76075
110	82	6.30921
110	98	6.85998
110	104	6.90616
110	115	7.2409
110	117	8.86686
110	119	7.11978
110	146	7.98178
110	159	8.12752
110	166	8.7171
110	175	8.33378
110	176	8.86121
110	181	7.82397
110	184	8.69541
110	185	8.36338
110	190	8.82665
110	194	8.8288
110	195	9.21081
110	199	9.1707
111	22	5.8761
111	25	5.88882
111	27	6.11654
111	40	6.29428
111	43	6.65774
111	51	5.81553
111	56	6.86158
111	65	6.72588
111	70	7.21196
111	71	6.64344
111	84	6.68504
111	93	6.68459
111	101	7.14987
111	113	6.67168
111	120	7.33939
111	151	7.93806
111	156	9.34817
111	158	8.11811
111	164	8.22896
111	174	8.61399
111	176	8.68885
111	177	8.51456
111	186	8.29017
111	187	7.88286
111	198	8.55825
111	200	8.25467
112	3	6.53141
112	5	5.62365
112	51	5.94332
112	55	6.47026
112	75	6.74434
112	79	6.77875
112	87	6.94787
112	89	6.86576
112	104	7.27879
112	114	7.42504
112	118	6.95638
112	127	8.1857
112	130	6.70078
112	140	7.42593
112	141	7.31765
112	148	8.14416
112	149	8.05832
112	151	8.06585
112	152	7.66562
112	154	8.24361
112	155	8.01675
112	157	8.08262
112	162	8.70194
112	171	8.56151
112	172	8.26763
112	185	8.45577
113	2	5.84024
113	9	6.24895
113	17	6.63642
113	34	5.80013
113	36	6.84597
113	59	6.35086
113	65	6.11116
113	67	6.5237
113	72	7.62834
113	84	6.42911
113	87	6.6815
113	94	6.82803
113	100	7.17747
113	101	6.2773
113	114	7.06813
113	121	7.73701
113	125	7.71606
113	127	8.06209
113	128	7.05707
113	140	8.09233
113	143	9.30521
113	144	8.54886
113	149	7.2479
113	153	7.75079
113	154	8.11999
113	183	7.83179
114	2	5.69657
114	6	5.78379
114	21	5.93618
114	43	6.85411
114	50	6.33222
114	61	6.44998
114	64	6.46135
114	68	7.86711
114	69	5.48729
114	78	6.75966
114	91	7.0095
114	100	6.35154
114	101	6.4695
114	107	7.11349
114	112	7.11054
114	118	7.26425
114	132	8.43774
114	141	7.62552
114	149	8.36619
114	152	7.97349
114	157	8.39049
114	158	7.99956
114	162	9.00981
114	165	8.14144
114	183	8.02398
114	186	8.17107
115	2	5.54144
115	9	5.95015
115	27	6.31213
115	36	6.54717
115	44	5.8919
115	47	5.90218
115	48	8.05351
115	67	6.71511
115	72	7.32954
115	74	6.50269
115	78	6.51647
115	83	8.95713
115	90	6.26192
115	100	6.87867
115	101	6.46872
115	104	7.34659
115	113	7.45638
115	121	7.4382
115	125	7.41726
115	129	7.99
115	140	7.79352
115	143	9.00641
115	144	8.25006
115	146	8.005
115	182	9.86208
115	193	8.56846
116	40	5.86924
116	62	6.2955
116	70	5.9463
116	82	6.40965
116	88	6.33301
116	95	6.62281
116	97	6.74863
116	99	6.91514
116	100	6.42798
116	104	7.4238
116	107	7.18992
116	127	8.33071
116	128	7.56234
116	146	7.79315
116	147	7.88379
116	149	7.51653
116	151	8.21086
116	160	7.8122
116	165	7.97843
116	170	8.09581
116	183	8.36316
116	186	8.2475
116	187	8.15566
116	190	8.23747
116	196	8.57552
116	198	8.60519
117	4	4.87399
117	32	6.91604
117	38	4.8125
117	48	4.3596
117	61	7.30592
117	68	5.00586
117	74	6.43268
117	94	6.59427
117	100	7.20749
117	101	7.32544
117	113	7.724
117	116	8.37645
117	127	6.73287
117	139	7.18789
117	142	6.97893
117	150	8.99426
117	151	7.31419
117	153	8.79893
117	166	7.06375
117	167	6.85375
117	169	9.14529
117	182	6.83069
117	188	7.69745
117	189	8.1784
117	195	7.7728
117	197	8.38903
118	2	5.81121
118	5	5.65845
118	20	6.0031
118	26	6.47426
118	34	6.10696
118	55	6.50505
118	88	7.02541
118	89	6.90056
118	91	6.73642
118	96	7.06406
118	99	7.19592
118	110	7.33308
118	112	6.83746
118	114	7.45984
118	129	8.10542
118	141	7.35244
118	148	8.17895
118	149	8.09311
118	152	7.70042
118	156	7.20396
118	158	7.72648
118	167	9.47589
118	168	8.14261
118	171	8.5963
118	180	8.20061
118	189	8.58907
119	3	5.13383
119	31	6.58847
119	41	5.87558
119	49	5.67277
119	61	6.62197
119	64	6.67046
119	66	6.36541
119	78	6.68924
119	79	6.59241
119	98	6.76055
119	101	6.64149
119	109	6.9699
119	110	7.1356
119	114	7.43231
119	116	7.69249
119	133	8.38292
119	163	8.40786
119	173	8.11305
119	174	7.96519
119	175	8.23436
119	181	7.72455
119	184	8.59598
119	185	8.26396
119	187	8.83606
119	194	8.72937
119	199	9.07127
120	11	5.89924
120	15	5.95192
120	30	6.22691
120	46	7.14455
120	49	6.74966
120	58	6.18283
120	66	6.29518
120	70	7.10797
120	71	6.53946
120	75	6.91468
120	76	6.43229
120	83	4.33318
120	87	6.97545
120	89	6.95314
120	109	7.49022
120	111	7.37215
120	123	7.28619
120	146	8.10754
120	156	9.24418
120	160	8.86748
120	164	8.12498
120	170	8.38544
120	174	8.51
120	177	8.41057
120	186	8.18618
120	191	8.68788
121	7	6.41065
121	9	6.1481
121	25	5.97087
121	26	6.24529
121	28	7.95277
121	36	6.74512
121	53	6.27037
121	57	6.65094
121	59	6.25
121	60	6.12223
121	72	7.52749
121	80	6.37939
121	83	9.15508
121	90	6.45986
121	113	7.65433
121	115	7.04158
121	118	7.48357
121	128	7.13493
121	140	7.99147
121	143	9.20435
121	144	8.44801
121	161	7.63915
121	168	7.91365
121	170	7.90505
121	197	8.26162
121	198	8.64029
122	8	6.05518
122	26	5.52885
122	33	5.83233
122	45	6.87313
122	46	5.69368
122	52	5.90909
122	54	6.26383
122	60	6.64087
122	73	7.01359
122	96	7.35374
122	107	6.80581
122	131	8.16425
122	133	7.17877
122	136	7.12369
122	137	7.08744
122	145	7.76425
122	150	7.52809
122	151	8.53875
122	155	7.62374
122	159	8.55584
122	161	7.70363
122	174	8.19752
122	176	7.42573
122	180	8.49029
122	192	8.28444
122	198	9.15894
123	23	5.68845
123	27	6.02971
123	43	5.96205
123	48	7.92509
123	61	6.40365
123	63	6.54575
123	66	6.97904
123	68	7.73791
123	72	5.10341
123	86	6.71692
123	92	6.71412
123	126	7.57173
123	132	8.30853
123	135	7.84452
123	147	7.99271
123	154	7.99086
123	157	7.71941
123	167	9.23205
123	168	8.34625
123	171	7.66861
123	177	7.24071
123	178	7.97788
123	182	9.73365
123	187	7.95003
123	193	8.21665
123	200	8.32183
124	22	6.16352
124	26	6.45949
124	30	5.65799
124	34	6.09219
124	39	5.85697
124	46	7.14266
124	51	6.56983
124	57	6.20309
124	58	6.45545
124	64	6.59834
124	81	8.05652
124	89	6.95124
124	90	6.94946
124	126	8.29185
124	129	7.44755
124	138	7.84202
124	146	7.91998
124	156	7.18919
124	160	7.93903
124	169	8.38921
124	173	8.5409
124	183	8.48999
124	187	8.1791
124	190	8.3643
124	192	8.32739
124	198	8.73202
125	2	5.72582
125	17	6.52199
125	28	7.9392
125	42	6.05815
125	65	6.01985
125	66	5.90992
125	80	6.21021
125	83	9.14151
125	90	6.44629
125	96	6.66592
125	100	7.06305
125	107	6.82999
125	113	7.64076
125	115	7.02801
125	121	7.62258
125	122	7.95793
125	135	7.5696
125	140	7.9779
125	143	9.19078
125	144	8.43444
125	157	7.56511
125	167	9.07775
125	182	9.57935
125	184	7.80947
125	192	7.94402
125	196	8.03398
126	1	5.90477
126	3	6.9026
126	12	5.75215
126	18	6.10326
126	19	5.68588
126	24	5.99596
126	27	6.00085
126	52	7.17127
126	54	6.66627
126	56	6.11889
126	63	6.97756
126	66	6.95018
126	86	6.68806
126	87	7.1763
126	92	6.68526
126	95	7.35403
126	100	6.65415
126	145	7.96861
126	147	7.96385
126	153	7.854
126	163	7.83576
126	168	8.31739
126	172	8.63881
126	180	8.65438
126	187	8.38184
126	193	8.18779
127	12	6.34722
127	22	6.43077
127	27	6.67121
127	48	4.7235
127	67	6.40772
127	68	5.36975
127	76	6.68883
127	81	5.36475
127	82	6.69152
127	113	7.22635
127	121	7.56623
127	132	7.41723
127	139	7.55178
127	142	7.34282
127	151	7.67809
127	158	8.67278
127	164	8.23664
127	166	7.42764
127	167	7.21765
127	182	7.19459
127	188	8.06135
127	189	8.5423
127	195	8.1367
127	197	8.75292
127	199	8.76611
127	200	8.80934
128	22	6.31567
128	29	6.12252
128	44	5.7503
128	51	6.72198
128	57	6.35525
128	64	6.35609
128	85	6.74
128	87	6.73131
128	91	6.42915
128	95	6.9018
128	102	6.95765
128	124	7.43312
128	129	7.59971
128	130	6.62698
128	139	7.36505
128	163	8.09349
128	165	8.25742
128	166	8.59873
128	173	8.69305
128	176	8.74284
128	179	8.15503
128	180	7.9436
128	183	8.64215
128	185	8.38197
128	198	8.88418
128	199	8.26543
129	5	6.38746
129	9	5.77491
129	12	6.19711
129	15	5.77965
129	23	6.02585
129	25	6.23932
129	51	6.60757
129	53	6.16965
129	57	6.24084
129	60	6.42827
129	80	6.54416
129	81	8.16484
129	95	6.78739
129	99	7.07972
129	104	7.55556
129	106	6.83969
129	122	8.44963
129	125	7.05803
129	128	7.72692
129	141	8.13262
129	147	8.01555
129	163	8.44406
129	179	8.04062
129	185	8.73254
129	196	8.7401
129	198	8.76977
130	7	6.16516
130	31	6.05666
130	32	6.0436
130	34	6.41813
130	37	7.4591
130	46	6.68297
130	49	6.28808
130	56	7.0722
130	65	6.9365
130	68	7.50729
130	71	6.85406
130	84	6.89565
130	101	7.36049
130	106	6.90608
130	117	8.53104
130	132	8.07792
130	133	7.85111
130	143	6.74812
130	148	7.12737
130	154	7.95237
130	156	9.55879
130	158	7.95466
130	164	8.43958
130	169	7.92952
130	174	8.82461
130	177	8.72518
131	7	6.6244
131	32	6.15952
131	51	6.53781
131	58	6.42343
131	63	6.34163
131	80	6.47439
131	81	8.05608
131	82	6.43265
131	85	6.55583
131	88	6.42782
131	90	6.94902
131	92	7.11674
131	95	6.71762
131	126	8.29141
131	129	7.41554
131	140	7.59393
131	159	8.25095
131	160	7.90701
131	165	8.07324
131	175	8.03812
131	177	7.46934
131	183	8.45797
131	189	8.57386
131	190	8.33228
131	198	8.7
131	199	8.50724
132	4	5.35922
132	19	5.76232
132	27	6.69195
132	36	6.25532
132	39	6.60634
132	48	4.84483
132	67	6.52905
132	80	6.87276
132	81	5.48608
132	91	6.95057
132	92	7.39636
132	127	7.2181
132	139	7.67312
132	149	7.81914
132	151	7.79942
132	152	8.28251
132	156	7.46837
132	166	7.54898
132	167	7.33898
132	168	8.40702
132	172	8.0118
132	182	7.31592
132	188	8.18268
132	189	8.66363
132	194	8.79991
132	195	8.25803
133	14	5.69263
133	17	5.37302
133	36	6.14917
133	41	6.34915
133	52	6.06645
133	54	6.42119
133	59	6.36061
133	84	6.89419
133	85	6.90989
133	93	6.822
133	107	6.96317
133	117	9.16376
133	122	6.85993
133	125	7.12273
133	128	7.52216
133	136	7.28104
133	137	7.2448
133	145	7.92161
133	150	7.68545
133	159	8.42442
133	161	7.86099
133	167	9.63415
133	176	7.58309
133	183	8.29688
133	191	8.1877
133	192	8.4418
134	42	6.29723
134	43	5.88746
134	44	5.84825
134	73	6.52096
134	82	6.72427
134	105	7.25372
134	107	7.06906
134	123	7.46957
134	132	8.39331
134	135	7.76992
134	141	7.88
134	143	7.06351
134	147	7.91812
134	149	7.39567
134	151	8.09
134	153	7.80826
134	154	7.91627
134	159	7.67643
134	162	6.96694
134	163	7.79002
134	172	8.29178
134	178	7.90328
134	180	8.60865
134	182	9.81843
134	184	8.04855
134	192	8.1831
135	12	5.83288
135	18	6.184
135	27	6.08159
135	29	6.15905
135	30	5.65748
135	31	6.1172
135	36	5.97564
135	65	6.40271
135	76	6.82798
135	77	6.74682
135	89	6.95073
135	94	7.11958
135	97	6.98248
135	99	7.18065
135	102	7.04141
135	134	7.62399
135	144	7.17286
135	147	8.04459
135	155	8.18469
135	159	7.80291
135	164	7.97769
135	168	8.39813
135	178	8.02976
135	180	8.73512
135	195	9.33418
135	196	8.41684
136	18	6.13896
136	26	5.66176
136	36	6.0637
136	46	5.82659
136	52	6.042
136	63	6.86238
136	93	6.79755
136	103	7.31225
136	120	7.76326
136	121	7.39535
136	122	6.83548
136	133	7.31168
136	140	7.68193
136	145	7.89716
136	148	7.67461
136	150	7.661
136	151	8.32185
136	155	7.75665
136	157	8.03604
136	158	8.5019
136	161	7.83654
136	168	8.2154
136	176	7.55864
136	191	8.16325
136	192	8.41735
136	196	8.50491
137	7	5.12781
137	23	6.07649
137	46	5.8081
137	51	6.27074
137	55	6.27576
137	57	7.02411
137	79	7.10617
137	93	6.77906
137	107	6.92024
137	122	6.81699
137	123	7.44327
137	131	8.01877
137	133	7.29319
137	136	7.23811
137	139	7.76626
137	145	7.87868
137	150	7.64251
137	155	7.73817
137	161	7.81806
137	173	8.1999
137	175	8.19753
137	176	7.54015
137	178	9.07054
137	184	8.35182
137	191	8.14477
137	192	8.39886
138	13	6.23525
138	24	5.97142
138	29	6.14634
138	59	6.00012
138	60	6.5665
138	63	6.54963
138	79	6.75975
138	85	6.76382
138	88	6.63581
138	98	7.13213
138	108	7.42686
138	124	7.45695
138	127	8.16669
138	129	7.62353
138	130	6.68177
138	146	8.09596
138	152	7.81588
138	156	7.00174
138	175	7.85111
138	179	8.17886
138	184	8.00539
138	187	7.99165
138	188	8.85789
138	189	8.38685
138	192	8.13994
138	196	8.87833
139	38	5.36788
139	62	6.15793
139	67	6.5992
139	74	6.98806
139	82	6.27208
139	105	6.66969
139	106	7.20476
139	127	7.28825
139	134	7.48228
139	150	8.07717
139	151	7.86957
139	165	8.0803
139	166	7.61913
139	167	7.40913
139	172	8.08195
139	173	7.87993
139	174	7.73207
139	181	8.95107
139	182	7.38607
139	188	8.25283
139	189	8.73378
139	190	8.78952
139	194	8.35973
139	195	8.32818
139	197	8.94441
139	200	8.3899
140	9	6.17716
140	17	6.56462
140	28	7.98183
140	41	5.97376
140	59	6.27906
140	72	7.55655
140	90	6.48892
140	100	7.10568
140	105	6.62834
140	111	6.76071
140	113	7.68339
140	115	7.07064
140	116	7.41801
140	118	7.49541
140	121	7.66521
140	125	7.64427
140	127	8.15179
140	130	6.66687
140	139	7.40493
140	144	8.47707
140	145	7.56351
140	163	8.13338
140	165	8.03895
140	173	7.83857
140	175	7.8362
140	192	8.12503
141	35	6.10661
141	36	5.96212
141	55	6.508
141	63	6.7608
141	78	6.48953
141	87	6.98561
141	88	6.99662
141	108	7.1278
141	112	6.84041
141	114	7.46278
141	118	6.99413
141	124	7.74604
141	126	8.27783
141	146	8.09163
141	148	8.1819
141	149	8.09606
141	157	8.12036
141	158	7.72943
141	162	8.73968
141	163	8.32171
141	171	8.59925
141	175	8.02454
141	177	7.45576
141	180	8.17182
141	183	8.10983
141	184	8.17882
142	28	4.52393
142	41	6.48822
142	48	4.77101
142	53	6.79666
142	67	6.45522
142	68	5.41726
142	70	6.28183
142	74	6.84408
142	94	7.00568
142	119	8.1277
142	124	8.07216
142	127	7.14427
142	133	8.62289
142	143	7.5199
142	151	7.72559
142	162	7.42333
142	166	7.47515
142	167	7.26515
142	168	8.43994
142	177	7.78188
142	182	7.2421
142	188	8.10886
142	189	8.5898
142	190	9.26262
142	195	8.18421
142	197	8.80043
143	2	6.26359
143	4	6.49976
143	6	5.79372
143	11	5.56292
143	13	5.73869
143	15	5.3369
143	18	5.71698
143	35	5.7855
143	39	5.99273
143	44	5.65812
143	50	6.09766
143	54	6.1291
143	59	6.7742
143	72	8.05168
143	90	6.98406
143	100	7.60082
143	115	7.56578
143	121	8.16035
143	125	8.1394
143	140	8.51567
143	144	8.97221
143	156	6.85476
143	171	7.56325
143	177	7.13535
143	179	8.26812
143	186	7.93651
144	1	5.30635
144	2	5.97475
144	12	5.69574
144	17	6.77093
144	22	5.77928
144	36	6.98048
144	44	5.59949
144	57	6.47209
144	59	6.48537
144	90	6.69523
144	100	7.31199
144	113	7.88969
144	115	7.27694
144	117	8.59768
144	121	7.87152
144	122	7.94825
144	125	7.85057
144	126	7.8988
144	140	8.22684
144	143	9.43972
144	158	8.02129
144	160	8.47253
144	167	9.06807
144	182	9.56967
144	185	8.23116
144	196	8.0243
145	3	6.52853
145	14	5.8817
145	26	5.87527
145	39	6.15583
145	52	6.25552
145	73	6.53781
145	81	7.88519
145	93	7.01106
145	103	7.52576
145	107	7.15224
145	122	7.049
145	123	7.11297
145	124	7.58874
145	139	7.43596
145	141	7.85296
145	150	7.87451
145	155	7.97017
145	161	8.05006
145	176	7.77216
145	179	8.43122
145	181	8.94074
145	186	8.09961
145	191	8.37677
145	192	8.63086
145	193	8.49778
145	195	9.16336
146	2	5.77742
146	13	6.18253
146	15	5.65231
146	24	5.9187
146	34	6.07317
146	48	8.13514
146	51	6.69309
146	53	6.25516
146	56	5.89713
146	75	6.5866
146	79	6.92818
146	84	6.70215
146	94	7.10107
146	97	6.99872
146	99	7.16523
146	116	7.04979
146	129	7.57081
146	137	8.26027
146	141	8.00528
146	150	8.21916
146	158	8.39533
146	160	8.06229
146	173	8.66415
146	183	8.61325
146	189	8.55529
146	196	8.82561
147	9	5.55862
147	31	6.0973
147	62	6.31477
147	73	6.62753
147	76	6.80808
147	78	6.50915
147	84	6.6132
147	92	6.7461
147	96	6.91084
147	101	6.4614
147	102	7.0215
147	135	7.87649
147	138	7.44236
147	140	7.48641
147	142	8.6137
147	143	7.09984
147	149	7.432
147	159	7.783
147	161	7.74538
147	163	7.89659
147	168	8.37823
147	173	7.93297
147	178	8.00985
147	180	8.71522
147	182	9.85476
147	192	8.21942
148	1	5.45563
148	5	5.98217
148	16	5.68148
148	52	6.72475
148	53	6.24079
148	55	6.82877
148	64	6.51199
148	65	6.15945
148	78	6.8103
148	87	7.30638
148	89	7.22427
148	91	7.06014
148	95	6.90752
148	112	7.16118
148	139	7.36352
148	152	8.02413
148	157	8.44113
148	162	9.06045
148	164	7.73443
148	165	7.99754
148	167	9.21735
148	171	8.92002
148	185	8.38045
148	191	8.44222
148	193	8.42534
148	198	8.61072
149	10	6.20748
149	40	6.32527
149	63	6.50957
149	64	6.4739
149	78	6.77221
149	83	4.06604
149	87	7.2683
149	102	6.93464
149	112	7.12309
149	114	7.74547
149	115	7.09952
149	116	7.35512
149	119	7.55036
149	141	7.63808
149	148	8.46458
149	150	7.97293
149	152	7.98605
149	157	8.40304
149	158	8.01211
149	166	8.57573
149	170	7.854
149	171	8.88193
149	173	7.77568
149	188	8.78009
149	196	8.1521
149	199	8.24243
150	14	5.77271
150	26	5.76628
150	45	6.61242
150	46	5.93111
150	52	6.14652
150	54	6.50126
150	62	6.36268
150	85	6.78061
150	97	7.02673
150	102	7.24363
150	103	7.41677
150	107	7.04324
150	127	8.39789
150	136	7.36112
150	137	7.32487
150	152	8.04708
150	154	8.45579
150	155	7.86117
150	156	7.23294
150	161	7.94106
150	173	8.08467
150	176	7.66316
150	180	8.22958
150	191	8.26777
150	192	8.52187
150	193	8.71285
151	13	6.11178
151	25	6.22372
151	32	6.19861
151	40	6.62917
151	57	6.90379
151	62	6.35759
151	81	5.52819
151	94	7.12161
151	112	7.26783
151	115	7.40343
151	127	7.2602
151	132	7.58067
151	142	7.50626
151	143	7.24646
151	147	7.94588
151	152	8.04199
151	153	8.08151
151	166	7.59108
151	167	7.38109
151	172	8.05391
151	182	7.35803
151	184	8.2315
151	188	8.22479
151	189	8.70574
151	195	8.30014
151	197	8.91636
152	10	6.03933
152	11	5.83247
152	20	6.12057
152	24	5.72834
152	25	6.12018
152	35	6.22114
152	54	6.39865
152	76	6.36552
152	91	6.85389
152	108	7.07694
152	111	6.89819
152	112	6.95493
152	114	7.57731
152	118	7.10865
152	127	8.28927
152	134	7.5784
152	136	8.06443
152	141	7.46992
152	148	8.29642
152	149	8.21059
152	157	8.23488
152	162	8.8542
152	166	8.7761
152	171	8.71378
152	192	8.26251
152	195	9.26981
153	18	6.11485
153	25	6.1379
153	43	5.94479
153	45	6.52151
153	59	6.14041
153	64	6.55117
153	77	6.67767
153	82	6.78159
153	86	6.69965
153	87	6.92639
153	106	7.3186
153	108	7.09466
153	134	7.55484
153	135	7.82725
153	136	8.08214
153	138	7.50315
153	151	8.18713
153	159	7.73376
153	161	7.80618
153	163	7.84735
153	166	8.79381
153	168	8.32898
153	169	8.22496
153	180	8.66597
153	193	8.19938
153	194	8.47357
154	1	5.91821
154	31	6.0499
154	32	6.23818
154	42	6.51975
154	51	6.18999
154	62	6.26737
154	76	6.76068
154	77	6.67952
154	78	6.69534
154	93	7.05906
154	96	6.86344
154	99	7.25938
154	105	7.31289
154	115	7.443
154	124	7.83829
154	127	8.43237
154	134	7.55669
154	135	7.8291
154	136	8.20753
154	147	7.97729
154	148	7.66528
154	153	7.86743
154	156	7.26742
154	163	7.8492
154	169	8.22681
154	193	8.20123
155	26	5.77154
155	33	6.07502
155	55	6.08964
155	65	6.37607
155	92	7.09004
155	93	6.90733
155	103	7.42203
155	109	6.87063
155	113	6.94078
155	122	6.94526
155	127	8.327
155	128	7.32198
155	132	8.51046
155	133	7.42146
155	136	7.36637
155	137	7.33013
155	144	7.14623
155	145	8.00694
155	161	7.94632
155	176	7.66842
155	185	8.59707
155	191	8.27303
155	192	8.52713
155	194	8.49359
155	196	8.3902
155	197	8.44867
156	2	5.38531
156	15	6.5219
156	28	3.8007
156	30	6.79689
156	34	6.6735
156	60	5.92529
156	67	6.40463
156	72	4.92135
156	77	6.4797
156	84	7.15103
156	85	6.32573
156	89	6.54011
156	101	7.61586
156	111	7.94213
156	112	6.81804
156	113	6.55679
156	130	8.68063
156	148	7.17592
156	159	7.84026
156	163	7.92461
156	168	7.71671
156	174	9.07998
156	177	8.98055
156	178	8.50044
156	181	8.70094
156	186	8.75616
157	5	5.92017
157	9	5.53444
157	20	6.26482
157	24	5.66107
157	35	6.36538
157	50	6.29994
157	70	5.83758
157	71	6.96349
157	78	6.7483
157	87	7.24438
157	89	7.16228
157	112	7.09918
157	114	7.72156
157	118	7.2529
157	123	7.15215
157	127	8.222
157	132	8.40545
157	135	7.82082
157	140	7.46222
157	146	7.9735
157	148	8.44067
157	158	7.9882
157	162	8.99845
157	171	8.85802
157	178	8.77941
157	181	8.97992
158	20	6.09274
158	35	6.1933
158	49	6.82061
158	54	6.53637
158	55	6.59469
158	64	6.2779
158	85	6.80971
158	86	7.00715
158	87	7.0723
158	93	7.05368
158	107	7.28621
158	109	6.97062
158	112	6.9271
158	114	7.54947
158	116	7.69322
158	118	7.08081
158	128	7.42198
158	138	7.62317
158	141	7.44208
158	147	7.98007
158	148	8.26859
158	149	8.18275
158	152	7.79005
158	162	8.82637
158	189	8.64715
158	196	8.4902
159	10	6.12438
159	18	6.01704
159	40	6.5917
159	50	6.43327
159	67	6.81694
159	75	6.91397
159	77	6.57987
159	92	6.59905
159	102	6.87445
159	107	7.21454
159	125	6.95088
159	126	7.45666
159	134	7.45704
159	137	8.28047
159	147	7.87764
159	152	8.00451
159	153	7.76778
159	154	7.87579
159	160	8.86676
159	163	7.74954
159	168	8.23118
159	169	8.12716
159	181	9.11325
159	184	8.19402
159	192	8.32857
159	193	8.10157
160	2	6.067
160	13	6.15151
160	23	6.18809
160	25	6.29381
160	26	6.73006
160	30	5.92855
160	40	6.08831
160	41	6.44669
160	42	6.49617
160	59	6.45814
160	60	6.48276
160	61	6.82041
160	75	6.55558
160	83	4.60185
160	93	7.2514
160	96	7.31986
160	97	6.9677
160	105	7.10126
160	124	7.37321
160	129	7.53979
160	131	7.39295
160	136	8.39988
160	166	9.11155
160	190	8.45654
160	196	8.79459
160	198	8.82426
161	14	5.81168
161	33	6.10874
161	46	5.97009
161	54	6.54024
161	62	6.14709
161	103	7.45574
161	109	6.72593
161	117	8.81888
161	122	6.97898
161	136	7.40009
161	137	7.36385
161	142	8.54982
161	145	8.04066
161	150	7.8045
161	151	8.06245
161	152	7.83149
161	154	8.24021
161	160	8.69374
161	172	8.26423
161	176	7.70214
161	182	9.79088
161	185	8.45237
161	190	8.77868
161	191	8.30675
161	192	8.56084
161	199	8.33583
162	49	6.27621
162	55	7.0049
162	64	6.68811
162	66	5.82173
162	80	6.12202
162	87	7.48251
162	96	6.57773
162	105	6.35913
162	112	7.3373
162	114	7.95968
162	118	7.49102
162	122	7.86974
162	126	7.82029
162	141	7.85229
162	144	6.70181
162	148	8.6788
162	152	8.20026
162	158	8.22633
162	159	7.77983
162	163	7.86417
162	170	7.64769
162	171	9.09615
162	173	7.56937
162	179	8.13098
162	197	8.00425
162	200	8.07934
163	31	6.0002
163	43	5.89693
163	65	6.44167
163	76	6.71098
163	77	6.62982
163	82	6.73374
163	88	7.04909
163	101	6.60782
163	103	7.05088
163	105	7.26319
163	107	7.25181
163	116	7.65882
163	123	7.47905
163	125	6.98816
163	134	7.50699
163	138	7.58878
163	147	7.92759
163	154	7.92574
163	162	7.14969
163	164	8.01666
163	178	7.91275
163	180	8.61812
163	192	8.36585
163	193	8.15152
163	195	9.37314
163	196	8.45581
164	1	5.58074
164	6	6.00948
164	15	6.09855
164	30	6.37354
164	32	5.87562
164	37	7.29112
164	56	6.90422
164	61	6.43118
164	65	6.76852
164	66	6.17463
164	67	6.69709
164	70	7.2546
164	84	6.72768
164	106	7.2471
164	130	8.25727
164	140	7.47571
164	149	7.4213
164	152	7.88467
164	156	9.39081
164	165	8.12264
164	170	8.53207
164	174	8.65663
164	178	8.7929
164	184	8.07418
164	186	8.33281
164	187	8.06043
165	21	6.64661
165	25	6.32213
165	39	5.97753
165	72	5.28881
165	97	6.99602
165	103	6.96876
165	106	6.9225
165	107	7.16969
165	108	7.37144
165	111	6.91941
165	116	7.04709
165	124	7.40153
165	125	6.90604
165	131	7.42128
165	138	7.96258
165	145	7.72221
165	154	8.36839
165	156	7.14553
165	166	8.79731
165	175	7.9949
165	177	7.42612
165	179	8.12344
165	183	8.61055
165	188	9.00168
165	194	8.47707
165	200	8.75025
166	4	5.19281
166	37	5.32076
166	38	5.13132
166	60	6.57443
166	67	6.36264
166	94	6.91309
166	131	8.09781
166	132	7.37215
166	134	7.88129
166	135	8.19098
166	139	7.5067
166	142	7.29774
166	143	7.44582
166	146	8.34366
166	151	7.63301
166	167	7.17257
166	172	7.84539
166	175	8.27657
166	182	7.14951
166	184	8.43086
166	186	8.50895
166	188	8.01627
166	189	8.49722
166	195	8.09162
166	196	8.65536
166	197	8.70784
167	29	6.70073
167	38	5.01339
167	46	7.68382
167	56	6.45732
167	60	6.87759
167	68	5.20675
167	81	5.20174
167	88	7.55181
167	94	6.79516
167	117	6.13711
167	127	6.93376
167	130	7.41039
167	132	7.25422
167	139	7.38877
167	142	7.17982
167	148	8.12822
167	151	7.51508
167	156	7.73036
167	159	8.79256
167	172	7.72746
167	175	8.57973
167	182	7.03158
167	188	7.89834
167	189	8.37929
167	195	7.97369
167	197	8.58992
168	1	6.03601
168	12	5.88339
168	16	5.83242
168	32	6.06713
168	53	6.39173
168	55	6.02395
168	64	6.5055
168	66	7.08142
168	82	6.90125
168	86	6.8193
168	92	6.8165
168	96	6.98124
168	97	6.89015
168	102	7.09191
168	129	7.99781
168	134	7.67449
168	140	7.50154
168	148	7.49422
168	154	8.09325
168	159	7.85341
168	163	7.967
168	179	8.50971
168	181	9.01924
168	185	8.53139
168	190	8.85769
168	193	8.31903
169	35	6.14035
169	37	5.10318
169	43	6.01936
169	53	6.50499
169	54	6.48395
169	60	6.35685
169	61	6.46096
169	62	6.3401
169	63	6.79524
169	66	7.03635
169	86	6.77423
169	102	7.04683
169	103	7.03285
169	106	7.38619
169	119	7.83603
169	123	7.60148
169	126	7.62904
169	135	7.90182
169	153	7.94016
169	157	7.96891
169	159	7.80833
169	164	7.99863
169	175	8.05899
169	178	8.03518
169	189	8.59473
169	193	8.27395
170	10	6.03046
170	16	6.01458
170	21	5.9433
170	26	6.36675
170	31	6.42361
170	32	5.94115
170	35	6.02719
170	50	6.33935
170	56	6.96975
170	69	7.33512
170	74	6.51059
170	84	6.79321
170	97	6.89024
170	101	7.25804
170	109	7.70238
170	113	6.87518
170	120	7.44756
170	130	8.3228
170	145	7.67313
170	146	8.01291
170	156	9.45634
170	160	8.77284
170	172	8.34333
170	174	8.72216
170	186	8.39834
170	188	8.9526
171	5	6.07421
171	6	5.92647
171	10	6.33761
171	14	6.27446
171	33	6.54548
171	35	6.51942
171	55	6.92081
171	64	6.60403
171	69	5.40326
171	73	6.52525
171	89	7.31632
171	91	7.15218
171	118	7.40694
171	121	7.1239
171	123	7.10041
171	124	7.57617
171	149	8.50887
171	150	8.05428
171	151	8.0504
171	153	7.85896
171	157	8.53317
171	158	8.14224
171	172	8.25218
171	174	7.70917
171	180	8.00195
171	200	8.36701
172	3	6.68519
172	15	5.65666
172	35	6.10526
172	38	5.29556
172	46	7.12799
172	67	6.52688
172	81	5.48392
172	88	6.99597
172	94	7.07734
172	98	7.30492
172	103	6.99776
172	110	7.30365
172	117	6.41928
172	132	7.5364
172	137	8.26462
172	151	7.79725
172	154	8.39739
172	163	8.32107
172	166	7.54681
172	167	7.33681
172	188	8.18052
172	189	8.66146
172	195	8.25587
172	197	8.87209
172	198	8.83982
173	8	5.52917
173	21	6.7315
173	39	6.06242
173	55	5.89522
173	69	5.36559
173	75	6.66879
173	77	6.66926
173	85	6.7933
173	88	6.66529
173	95	6.9551
173	97	7.08091
173	102	6.97833
173	111	6.74151
173	120	7.45414
173	131	7.50617
173	134	7.42172
173	138	8.04748
173	146	8.12543
173	150	8.01661
173	169	8.16764
173	180	7.96428
173	190	8.56976
173	193	8.44754
173	197	8.25425
173	200	8.83515
174	8	5.99316
174	16	5.96942
174	30	6.3939
174	32	5.89599
174	40	6.30748
174	53	6.20153
174	71	6.70645
174	80	6.31055
174	84	6.74804
174	91	6.38836
174	94	6.83705
174	99	6.89812
174	109	7.65722
174	120	7.4024
174	121	7.02476
174	141	7.74126
174	151	7.95126
174	156	9.41118
174	164	8.29197
174	166	8.55794
174	170	8.55244
174	175	7.75553
174	177	8.57757
174	181	8.82903
174	197	8.19278
175	11	5.54549
175	19	6.10401
175	23	5.88777
175	30	5.4379
175	44	6.40171
175	45	5.90981
175	50	5.81324
175	57	6.64506
175	93	6.76075
175	103	6.79234
175	110	7.28751
175	134	7.4232
175	135	7.73289
175	139	7.38721
175	149	7.31988
175	150	8.01809
175	159	8.03131
175	163	8.11565
175	166	8.6209
175	181	7.87646
175	185	8.41587
175	187	8.98797
175	191	8.46591
175	194	8.88129
175	199	9.22319
176	7	5.03006
176	14	5.55195
176	18	6.23568
176	33	5.84901
176	46	5.71036
176	58	6.36521
176	78	6.80139
176	103	7.19601
176	112	7.41344
176	122	6.71925
176	129	8.27492
176	133	7.19545
176	137	7.10412
176	138	7.73459
176	145	7.78093
176	150	7.54476
176	155	7.64042
176	161	7.72031
176	169	8.57348
176	180	8.37011
176	191	8.04702
176	192	8.30111
176	194	8.705
176	198	9.03876
176	200	8.73517
177	5	5.82018
177	8	5.95125
177	15	6.077
177	34	6.22861
177	37	7.26958
177	56	6.88268
177	65	6.74698
177	108	6.68287
177	109	7.61531
177	115	6.90582
177	120	7.36049
177	122	7.88235
177	126	7.8329
177	132	8.07865
177	138	7.09136
177	147	7.44827
177	156	9.36927
177	160	8.40663
177	164	8.25006
177	170	8.51053
177	178	8.45261
177	179	8.14359
177	186	8.31126
177	193	8.21015
177	198	8.39553
178	5	6.42062
178	12	5.63053
178	24	5.93471
178	30	5.79947
178	35	6.26142
178	56	6.05764
178	61	6.25318
178	66	6.82857
178	73	6.44509
178	79	7.08869
178	82	6.64839
178	90	7.09095
178	102	6.83906
178	105	7.17784
178	123	7.3937
178	126	7.42126
178	129	8.23213
178	146	8.24714
178	147	7.84224
178	153	7.73239
178	155	8.32668
178	159	7.60056
178	169	8.09176
178	183	8.26534
178	186	8.41242
179	28	4.18398
179	29	5.91204
179	34	6.06433
179	48	8.1263
179	58	6.39713
179	60	6.3322
179	75	6.40501
179	76	6.40255
179	97	6.81713
179	103	6.98457
179	108	7.19255
179	116	6.8682
179	120	7.64785
179	128	7.63085
179	131	7.24239
179	141	7.99644
179	147	7.87937
179	165	8.04694
179	168	8.09999
179	170	8.09139
179	186	8.24308
179	192	8.29953
179	196	8.64403
179	198	8.6737
179	200	8.57137
180	12	5.88016
180	24	5.59518
180	27	6.12886
180	47	5.80479
180	58	5.9829
180	59	5.98954
180	61	6.5028
180	62	6.38195
180	76	6.87525
180	82	6.89802
180	96	6.97801
180	100	6.25337
180	103	6.81438
180	105	7.42746
180	123	7.64332
180	126	7.67088
180	132	8.33957
180	146	7.90761
180	150	8.04014
180	153	7.98201
180	169	8.34138
180	177	7.27174
180	182	9.76469
180	187	7.98106
180	189	8.37627
181	1	5.89531
181	11	5.28399
181	23	5.62627
181	41	5.766
181	45	5.64831
181	59	6.38349
181	61	6.74575
181	67	7.01167
181	68	8.16289
181	71	7.29155
181	74	6.79924
181	91	6.86731
181	98	6.65097
181	104	6.69715
181	108	7.33774
181	110	7.02602
181	119	6.91078
181	138	7.74623
181	175	8.12477
181	184	8.4864
181	185	8.15438
181	187	8.72647
181	188	9.24125
181	194	8.61979
181	199	8.96169
182	4	4.91388
182	11	6.53407
182	38	4.85238
182	67	6.0837
182	68	5.04574
182	69	6.22387
182	74	6.47256
182	81	5.04074
182	94	6.63416
182	102	7.83661
182	105	7.46741
182	117	5.9761
182	127	6.77275
182	132	7.09321
182	135	8.58969
182	139	7.22777
182	142	7.01881
182	147	8.54394
182	166	7.10363
182	169	9.02592
182	172	7.56645
182	188	7.73734
182	189	8.21828
182	193	9.30582
182	195	7.81269
183	39	5.99775
183	40	6.13685
183	50	6.20842
183	51	6.71061
183	57	6.34387
183	60	6.53131
183	74	6.37967
183	75	6.60412
183	84	6.4975
183	99	7.18275
183	104	7.22357
183	108	7.39166
183	109	6.67411
183	112	7.00551
183	125	6.72604
183	129	7.58833
183	130	6.64556
183	137	8.05562
183	146	8.06076
183	149	7.3163
183	167	9.23746
183	178	8.6879
183	182	9.73906
183	198	8.8728
183	200	8.77047
184	3	5.39382
184	10	5.92825
184	11	5.65356
184	21	5.8411
184	23	5.99584
184	44	6.50978
184	49	5.93276
184	50	5.92131
184	77	6.69588
184	95	6.95634
184	98	7.02054
184	110	7.39559
184	114	7.16524
184	128	7.15418
184	130	6.67427
184	161	7.6584
184	168	7.93289
184	169	8.19426
184	177	7.27483
184	185	8.52395
184	187	9.09604
184	188	8.85039
184	194	8.98936
184	197	8.28086
184	199	9.33126
185	3	5.22025
185	11	5.47999
185	19	6.03852
185	32	6.09971
185	75	6.85255
185	79	6.67883
185	80	6.53334
185	85	6.67662
185	90	6.88922
185	104	6.89316
185	105	6.77045
185	110	7.22202
185	112	7.16893
185	113	6.90768
185	118	7.63752
185	119	7.10678
185	123	7.22406
185	146	8.0454
185	175	8.32078
185	176	8.92484
185	181	7.81097
185	184	8.6824
185	187	8.92248
185	194	8.81579
185	199	9.15769
186	7	6.42136
186	8	5.78094
186	32	5.68377
186	34	6.0583
186	69	7.07774
186	70	7.06275
186	87	6.77007
186	93	6.77735
186	99	6.97767
186	109	7.445
186	115	7.16129
186	120	7.19018
186	122	8.13782
186	128	7.14565
186	156	9.19896
186	157	7.745
186	158	8.21086
186	164	8.07975
186	165	8.03782
186	170	8.34022
186	174	8.46478
186	177	8.36535
186	181	8.90859
186	185	8.42073
186	189	8.37082
187	3	5.40611
187	6	5.85514
187	11	5.66585
187	23	6.00813
187	29	5.88656
187	41	6.14786
187	49	5.94505
187	50	5.9336
187	64	6.32534
187	71	6.82264
187	98	7.03283
187	108	6.86883
187	117	8.71773
187	119	7.29264
187	126	8.01885
187	133	8.03779
187	137	8.00629
187	146	7.83265
187	181	7.99683
187	182	9.68972
187	184	8.86826
187	185	8.53624
187	192	8.05439
187	198	8.58149
187	199	9.34356
188	36	6.05317
188	48	4.75098
188	67	6.4352
188	78	6.69414
188	81	5.39223
188	88	7.08766
188	117	6.3276
188	119	7.89263
188	127	7.12424
188	131	7.93682
188	132	7.44471
188	136	8.20633
188	139	7.57926
188	142	7.3703
188	143	7.28483
188	151	7.70557
188	157	8.0255
188	167	7.24513
188	168	8.20486
188	172	7.91795
188	180	8.26286
188	182	7.22207
188	189	8.56978
188	197	8.78041
188	199	8.5847
189	19	5.3639
189	21	5.91681
189	29	6.04032
189	31	6.39711
189	59	6.06834
189	67	6.63441
189	68	5.59644
189	71	6.97641
189	117	6.5268
189	123	7.16506
189	132	7.64392
189	138	7.43108
189	139	7.77847
189	142	7.56951
189	151	7.90478
189	153	7.92361
189	166	7.65433
189	167	7.44434
189	172	8.11716
189	185	8.50498
189	187	8.05986
189	194	8.4015
189	195	8.36339
189	196	8.29811
189	197	8.97961
190	3	6.73089
190	4	6.86522
190	8	5.78176
190	16	5.95628
190	22	6.17536
190	40	6.00791
190	42	6.41577
190	55	6.14782
190	63	6.38549
190	69	5.61819
190	75	6.47518
190	77	6.92186
190	96	7.08033
190	97	6.8873
190	108	7.26272
190	128	7.70102
190	129	7.4594
190	131	7.31256
190	158	8.44538
190	160	7.95087
190	165	8.1171
190	170	8.15028
190	173	8.55274
190	194	8.55177
190	195	9.36572
191	4	6.75961
191	54	6.42633
191	56	5.84157
191	84	6.64659
191	93	6.82714
191	103	7.34184
191	105	6.75612
191	107	6.96831
191	114	7.28561
191	122	6.86507
191	130	6.79465
191	133	7.34127
191	136	7.28619
191	137	7.24994
191	145	7.92675
191	150	7.69059
191	153	7.96827
191	155	7.78624
191	162	7.03666
191	165	8.16673
191	167	9.38655
191	176	7.58823
191	192	8.44694
191	193	8.59453
191	197	8.40124
192	16	5.70845
192	54	6.52699
192	60	6.11963
192	77	6.67403
192	80	6.37679
192	103	7.44249
192	107	7.06897
192	108	6.92503
192	110	7.10152
192	117	8.77393
192	129	7.87385
192	130	6.65243
192	133	7.44193
192	136	7.38684
192	137	7.3506
192	144	6.95658
192	145	8.02741
192	150	7.79124
192	155	7.8869
192	161	7.96679
192	176	7.68889
192	191	8.2935
192	195	9.11789
192	198	8.63769
192	200	8.33411
193	27	5.86369
193	33	6.6485
193	51	6.0309
193	67	6.73489
193	73	6.42954
193	75	6.83192
193	92	6.54811
193	96	6.71285
193	105	7.1623
193	108	7.06095
193	111	6.8822
193	134	7.4061
193	138	7.46945
193	154	7.82485
193	159	7.58501
193	163	7.6986
193	168	8.18024
193	169	8.07622
193	170	8.03838
193	177	7.38891
193	178	7.81187
193	180	8.51723
193	181	9.0312
193	183	8.04298
193	194	8.43986
194	3	5.33154
194	41	6.07329
194	42	6.25948
194	45	5.9556
194	47	6.6819
194	49	5.87048
194	50	5.85903
194	79	6.79012
194	81	7.87447
194	83	4.14924
194	98	6.95826
194	103	6.83038
194	108	6.95978
194	116	7.43833
194	123	7.10226
194	160	8.68354
194	166	8.65894
194	169	8.20716
194	175	8.43207
194	181	7.92226
194	184	8.79369
194	185	8.46167
194	193	8.48707
194	196	8.23531
194	199	9.26898
195	4	5.25902
195	38	5.19753
195	47	6.15256
195	48	4.74463
195	68	5.39088
195	81	5.38588
195	89	7.10097
195	94	6.9793
195	98	7.46932
195	101	6.71909
195	106	7.5155
195	139	7.57291
195	142	7.36395
195	149	7.68969
195	166	7.44877
195	168	8.27757
195	172	7.9116
195	174	8.0428
195	177	7.61951
195	182	7.21572
195	186	8.42066
195	188	8.08248
195	189	8.56343
195	191	8.83572
195	197	8.77405
196	14	6.23995
196	22	6.27142
196	27	6.19437
196	32	5.94155
196	37	4.86434
196	63	6.48155
196	85	6.69575
196	95	6.85754
196	101	6.35096
196	107	6.99495
196	124	7.38887
196	127	8.13574
196	131	7.40861
196	138	7.94992
196	145	7.54747
196	157	7.73008
196	169	8.1708
196	173	8.64879
196	179	8.11078
196	180	7.96744
196	186	8.05253
196	187	7.96069
196	190	8.4722
196	198	8.83992
196	200	8.73759
197	1	5.4989
197	4	5.51323
197	48	4.99884
197	68	5.64509
197	74	7.07191
197	81	5.64009
197	103	6.81192
197	105	6.63019
197	117	6.57545
197	118	7.49726
197	127	7.3721
197	133	8.11029
197	135	7.75246
197	137	8.07878
197	139	7.82712
197	151	7.95342
197	160	8.66508
197	165	8.0408
197	172	8.1658
197	186	8.07043
197	188	8.33669
197	189	8.81763
197	190	8.75002
197	195	8.41204
197	200	8.3504
198	1	5.6131
198	18	5.96511
198	24	5.87731
198	31	6.43005
198	36	5.88985
198	38	7.30309
198	55	6.03049
198	57	6.28496
198	58	6.53732
198	68	7.88068
198	74	6.51703
198	95	6.83151
198	99	7.12384
198	106	6.88381
198	112	7.14287
198	131	7.38259
198	136	8.04301
198	157	7.86218
198	160	8.0209
198	179	8.08475
198	183	8.57186
198	187	8.0928
198	188	8.95904
198	196	8.78423
198	200	8.71156
199	19	6.2357
199	21	5.81986
199	23	6.01945
199	41	6.15918
199	44	6.5334
199	45	6.04149
199	49	5.95637
199	50	5.94492
199	73	6.49296
199	79	6.87601
199	96	6.83311
199	104	7.09034
199	111	6.74689
199	122	8.12512
199	126	8.07567
199	138	7.33414
199	139	7.39111
199	144	6.95719
199	166	8.62479
199	172	8.21989
199	175	8.51796
199	181	8.00815
199	187	9.11966
199	191	8.46981
199	193	8.45292
200	15	5.46922
200	20	5.5665
200	42	6.44546
200	53	6.17343
200	61	6.34773
200	98	7.11748
200	99	7.0835
200	116	6.96806
200	124	7.3225
200	125	6.74759
200	128	7.7307
200	131	7.34225
200	136	7.9272
200	139	7.40518
200	157	7.74637
200	160	7.98056
200	165	8.14679
200	171	7.69557
200	179	8.04441
200	183	8.53152
200	185	8.42211
200	187	7.97699
200	192	8.12528
200	193	8.467
200	196	8.74389
