in-degree distribution (probability density function of the degree in logarithmic bins) 
17.4259	0.177786
19.4583	0.072536
21	0.0360682
22.45	0.050939
25.0385	0.0607901
27.3333	0.0257561
29.4286	0.0275845
32.2727	0.0198961
35.1667	0.0298873
38.5	0.0121939

in-degree distribution (degree-occurrences) 
17	0.155
18	0.115
19	0.065
20	0.055
21	0.065
22	0.055
23	0.045
24	0.04
25	0.045
26	0.045
27	0.04
28	0.02
29	0.04
30	0.03
31	0.01
32	0.02
33	0.025
34	0.02
35	0.035
36	0.035
37	0.01
38	0.01
39	0.01
40	0.01


--------------------------------------
out-degree distribution (probability density function of the degree in logarithmic bins) 
24	9.32028
25	0.831185

out-degree distribution (degree-occurrences) 
24	0.915
25	0.085


--------------------------------------
community distribution (size-occurrences)
23	0.142857
25	0.142857
26	0.142857
27	0.285714
34	0.142857
38	0.142857


--------------------------------------
mixing parameter (in-links)
0.647059	0.015
0.666667	0.08
0.681119	0.065
0.684511	0.075
0.689116	0.04
0.694342	0.095
0.699369	0.12
0.703453	0.04
0.70644	0.2
0.71389	0.095
0.71875	0.01
0.721818	0.11
0.726019	0.025
0.730769	0.025
0.736842	0.005

--------------------------------------
mixing parameter (out-links)
0.541667	0.01
0.625	0.035
0.666667	0.185
0.68	0.03
0.708333	0.605
0.72	0.045
0.750667	0.075
0.795833	0.01
0.833333	0.005

--------------------------------------
mixing parameter (weights)
0.699533	0.005
0.699615	0.005
0.699679	0.005
0.699717	0.005
0.699747	0.015
0.699803	0.06
0.699851	0.065
0.699908	0.09
0.699956	0.085
0.699997	0.135
0.700046	0.1
0.700098	0.095
0.700151	0.105
0.7002	0.065
0.700238	0.04
0.700291	0.065
0.700343	0.03
0.700399	0.015
0.70042	0.005
0.700496	0.01

--------------------------------------
internal weights (weight-occurrences)
3.14477	0.001386
4.00948	0.003465
4.4087	0.004851
4.76605	0.011781
5.0945	0.027027
5.44208	0.0561331
5.8278	0.0762301
6.1648	0.118503
6.54391	0.142065
6.88854	0.110187
7.27081	0.0928621
7.60524	0.0970201
7.99142	0.0990991
8.34665	0.0734581
8.71351	0.042966
9.08365	0.025641
9.44576	0.010395
9.81789	0.00554401
10.2085	0.001386

--------------------------------------
external weights (weight-occurrences)
4.98781	0.00237107
5.20673	0.0074096
5.43305	0.0237107
5.65398	0.0527564
5.8803	0.0758743
6.10529	0.0975104
6.32814	0.0743924
6.5643	0.0803201
6.79842	0.0829876
7.01442	0.0669828
7.26419	0.0729105
7.48514	0.0732069
7.72008	0.0806165
7.94548	0.0726141
8.18615	0.0545347
8.40873	0.0403082
8.61455	0.0180794
8.87126	0.0074096
9.10563	0.0112626
9.30568	0.00474215
