1	29	6.77335
1	31	9.37496
1	44	6.15476
1	46	5.71342
1	55	8.25447
1	62	6.5062
1	64	10.2244
1	65	7.27071
1	67	7.58665
1	76	2.82385
1	87	10.0255
1	96	2.44651
1	101	7.42866
1	103	3.10033
1	105	8.16008
1	114	6.99622
1	116	2.67133
1	130	9.77395
1	135	9.11163
1	155	5.49945
1	169	6.30234
1	183	8.55135
1	187	9.2282
1	191	9.29217
1	193	8.38594
1	197	9.60473
2	7	5.62735
2	24	4.13113
2	44	4.60436
2	77	6.1702
2	87	0.118866
2	94	5.76703
2	98	7.99795
2	107	5.34984
2	111	5.69839
2	112	6.64295
2	115	7.03307
2	139	5.87294
2	154	6.11508
2	162	7.13043
2	164	7.15343
2	167	9.34453
2	168	7.08143
2	177	9.14299
2	179	7.81261
2	186	8.59716
2	189	8.07888
2	190	8.22736
2	191	8.65813
2	195	8.93352
2	197	8.75942
2	199	8.62843
3	5	5.57817
3	35	2.48316
3	61	0.306157
3	72	2.57008
3	81	6.64936
3	82	6.93455
3	84	6.23597
3	87	0.000794466
3	96	4.10267
3	97	6.72135
3	98	6.81984
3	115	7.2742
3	122	8.62914
3	123	7.13784
3	137	6.83209
3	146	7.38001
3	147	6.10336
3	151	7.67255
3	155	8.36324
3	160	7.93962
3	163	8.45507
3	170	8.68413
3	171	8.3246
3	179	12.3751
3	182	11.0435
3	192	9.55947
4	6	3.54545
4	15	7.84097
4	36	3.2872
4	51	2.77864
4	69	5.49256
4	79	5.92656
4	87	1.45329
4	125	5.76349
4	144	5.69582
4	149	7.39742
4	153	7.27965
4	157	6.48551
4	158	6.33338
4	159	6.50704
4	162	13.2514
4	178	8.1472
4	180	8.14997
4	181	7.62811
4	182	7.27854
4	185	7.9832
4	187	8.04493
4	192	8.61152
4	194	8.5615
4	196	8.43843
4	198	7.63443
4	200	8.52321
5	3	5.71645
5	12	1.7006
5	50	6.33985
5	58	3.16203
5	65	1.71771
5	76	6.44395
5	77	6.62545
5	82	6.73543
5	89	6.62989
5	98	6.62072
5	113	5.74189
5	115	7.07508
5	119	4.90748
5	123	6.93872
5	137	6.63297
5	146	7.18089
5	148	14.6468
5	151	7.47343
5	155	8.16413
5	160	7.7405
5	163	8.25595
5	165	8.86665
5	170	8.48501
5	171	8.12548
5	190	12.267
5	192	9.95196
6	4	3.63116
6	20	3.29749
6	25	3.54612
6	42	3.76128
6	74	9.25947
6	88	4.56273
6	104	4.67707
6	122	5.23559
6	125	5.31484
6	131	5.19725
6	143	5.69319
6	144	5.24717
6	156	6.23326
6	157	6.03686
6	159	6.05839
6	170	11.977
6	178	7.69855
6	180	7.70132
6	181	7.17946
6	182	6.82989
6	187	7.59628
6	192	8.16287
6	194	8.11285
6	196	7.98977
6	198	7.18578
6	200	8.07456
7	11	5.14368
7	15	5.20009
7	16	4.88449
7	35	2.66168
7	72	2.74859
7	83	5.74948
7	85	1.70795
7	99	7.29424
7	107	10.996
7	109	6.43322
7	128	7.19763
7	129	3.6036
7	132	6.99497
7	133	6.74654
7	141	6.86104
7	147	7.13176
7	165	8.03987
7	167	8.03859
7	169	7.97325
7	175	8.79014
7	177	8.67987
7	183	8.64915
7	184	8.95647
7	188	8.96041
7	191	11.1269
7	193	9.08888
8	15	4.38866
8	31	1.27417e-05
8	33	7.04164
8	38	7.13934
8	45	4.09073
8	58	6.37204
8	61	7.12009
8	86	7.60051
8	91	7.23602
8	96	6.59911
8	98	5.88006
8	103	7.9193
8	108	6.97107
8	113	6.94925
8	116	7.97619
8	120	7.63582
8	124	8.36237
8	127	8.31281
8	129	7.04182
8	138	9.12089
8	139	11.0333
8	141	6.73996
8	151	5.23636
8	155	6.19722
8	163	5.83812
8	196	8.89469
9	15	5.04519
9	23	5.27633
9	27	5.40959
9	32	5.01154
9	75	6.17603
9	83	5.59458
9	87	0.00260575
9	109	6.27832
9	114	4.45321
9	115	5.58196
9	147	6.97686
9	152	7.18939
9	159	8.78417
9	164	9.87708
9	165	7.88497
9	167	7.88369
9	169	7.81835
9	173	8.0599
9	174	12.3195
9	175	8.63524
9	177	8.52497
9	183	8.49425
9	184	8.80157
9	188	8.8055
9	193	8.93398
9	195	10.3272
10	1	0.000416241
10	21	6.37831
10	41	6.4282
10	48	6.43141
10	53	6.91126
10	80	6.39107
10	94	4.3357
10	97	3.18346
10	100	6.97291
10	110	11.2486
10	118	6.93262
10	119	7.64907
10	133	7.46608
10	136	7.96798
10	138	1.98491
10	140	8.44701
10	144	9.83713
10	145	9.8711
10	149	7.8128
10	150	8.80611
10	152	7.95023
10	153	8.95545
10	176	11.1577
10	185	8.89945
10	189	10.8641
10	191	9.23533
11	27	5.29926
11	43	5.41435
11	48	4.09308
11	63	5.70638
11	70	5.8148
11	71	5.84275
11	75	6.0657
11	87	0.000264398
11	106	5.88676
11	109	6.16798
11	128	6.9324
11	135	3.14313
11	143	11.5723
11	147	6.86652
11	149	5.65188
11	165	7.77464
11	167	7.77335
11	168	11.6496
11	169	7.70801
11	175	8.52491
11	177	8.41463
11	181	10.6982
11	184	8.69123
11	187	11.6327
11	188	8.69517
11	193	8.82364
12	16	5.55098
12	18	5.61993
12	50	0.976265
12	51	7.12096
12	53	6.89884
12	72	7.17777
12	89	2.97757
12	99	5.3382
12	100	6.96049
12	118	6.9202
12	119	7.63665
12	133	7.45366
12	136	7.95556
12	140	8.43459
12	145	9.85868
12	149	7.80038
12	150	8.79368
12	152	7.9378
12	153	8.94303
12	155	5.37809
12	161	7.97377
12	169	6.18098
12	172	8.4336
12	187	9.10684
12	191	9.17081
12	199	8.66019
13	10	1.82707
13	11	5.03729
13	15	5.0937
13	29	3.63748
13	32	5.06005
13	34	5.56126
13	70	5.97365
13	74	6.4252
13	75	6.22455
13	98	7.25409
13	99	7.53135
13	115	6.28921
13	141	6.75465
13	147	7.02537
13	149	5.31913
13	165	7.93349
13	167	7.9322
13	173	8.10842
13	175	8.68376
13	177	8.57348
13	183	8.54277
13	184	8.85008
13	185	11.0281
13	187	11.3
13	188	8.85402
13	193	8.98249
14	7	5.41764
14	13	5.24842
14	20	7.75978
14	30	2.14301
14	34	5.51718
14	37	6.49166
14	43	5.52912
14	45	5.44776
14	71	5.95752
14	106	6.00153
14	132	6.84451
14	142	7.47477
14	147	6.98129
14	157	8.2671
14	166	11.9682
14	167	7.88812
14	169	7.82278
14	173	8.06434
14	174	10.9484
14	175	8.63968
14	177	8.5294
14	180	8.25931
14	183	8.49869
14	184	8.806
14	188	8.80994
14	193	8.93841
15	1	2.09017
15	7	5.33829
15	13	5.16906
15	24	10.1001
15	29	3.94974
15	32	4.93662
15	45	5.3684
15	63	5.7418
15	64	1.39896
15	70	5.85022
15	74	6.30176
15	75	6.10111
15	106	5.92217
15	107	11.5453
15	119	5.24288
15	121	10.8845
15	165	7.81005
15	167	7.80877
15	169	7.74343
15	175	8.56032
15	177	8.45005
15	178	9.45654
15	183	8.41933
15	184	8.72664
15	188	8.73058
15	193	8.85906
16	10	5.84866
16	12	5.82999
16	43	3.8438
16	48	6.01375
16	51	6.71573
16	53	6.4936
16	59	6.01878
16	66	7.87395
16	80	5.97342
16	86	3.3855
16	100	6.55525
16	117	12.1438
16	118	6.51496
16	119	7.23141
16	130	2.23217
16	133	7.04843
16	136	7.55033
16	140	8.02936
16	145	9.45345
16	149	7.39514
16	150	8.38845
16	152	7.53257
16	153	8.53779
16	160	6.38985
16	169	8.28594
16	188	7.63624
17	8	5.4024
17	24	3.74741
17	38	2.6333
17	40	3.66857
17	47	4.46927
17	57	3.89843
17	94	5.38332
17	111	5.31467
17	121	5.51689
17	154	5.73136
17	161	6.85562
17	162	6.74672
17	164	6.76972
17	166	6.1401
17	167	10.9628
17	168	6.69771
17	172	7.44353
17	174	6.77557
17	179	7.4289
17	186	8.21345
17	189	7.69517
17	191	8.27442
17	195	8.5498
17	197	8.37571
17	199	8.24471
17	200	13.6189
18	10	5.88133
18	21	5.99332
18	27	5.17945
18	40	0.524312
18	41	6.04321
18	48	6.04642
18	53	6.52627
18	54	2.61372
18	59	6.05145
18	72	6.8052
18	99	6.74925
18	100	6.58792
18	118	6.54763
18	119	7.26408
18	136	7.583
18	140	8.06203
18	145	9.48612
18	149	7.42781
18	150	8.42112
18	151	5.82829
18	152	7.56524
18	153	8.57046
18	164	9.80223
18	178	8.36219
18	196	9.48661
18	198	12.5547
19	1	6.74172
19	35	6.93266
19	46	5.3689
19	52	6.32271
19	55	7.90996
19	62	6.16169
19	65	6.9262
19	66	6.59466
19	67	7.24213
19	68	4.20792
19	85	7.24081
19	87	9.681
19	92	8.28659
19	101	7.08415
19	105	7.81557
19	114	6.6517
19	130	9.42943
19	133	5.61618
19	135	8.76712
19	137	3.99838
19	153	3.83388
19	156	7.80734
19	162	9.80564
19	188	6.35695
19	192	8.60762
19	199	9.48586
20	6	3.26699
20	26	4.08941
20	44	11.3644
20	49	4.38863
20	52	6.34085
20	66	4.70692
20	79	5.6481
20	81	8.1576
20	93	5.18784
20	97	8.44993
20	125	5.48503
20	131	5.36744
20	143	5.86338
20	156	6.40345
20	158	6.05492
20	178	7.86874
20	180	7.87151
20	181	7.34965
20	182	7.00008
20	185	7.70474
20	187	7.76647
20	192	8.33306
20	194	8.28304
20	196	8.15996
20	198	7.35597
20	200	8.24475
21	11	4.89734
21	12	6.29855
21	16	5.6143
21	41	6.4791
21	64	0.187694
21	65	0.841851
21	67	0.0026396
21	72	7.24109
21	80	6.44198
21	97	4.41309
21	100	7.02381
21	108	3.37231
21	115	5.3902
21	117	11.333
21	118	6.98352
21	119	7.69997
21	125	8.65106
21	133	7.51699
21	140	8.49792
21	143	10.3406
21	145	9.92201
21	149	7.8637
21	150	8.85701
21	152	8.00113
21	153	9.00635
21	198	12.4378
22	12	4.853
22	25	3.8973
22	26	4.2704
22	61	3.85105
22	66	4.88791
22	69	5.39508
22	104	5.02825
22	109	9.91237
22	122	5.58677
22	131	5.54842
22	143	6.04437
22	144	5.59834
22	145	1.66795
22	158	6.23591
22	159	6.40956
22	178	8.04973
22	180	8.05249
22	181	7.53064
22	185	7.88573
22	186	13.0633
22	187	7.94745
22	192	8.51405
22	194	8.46402
22	196	8.34095
22	198	7.53696
22	200	8.42574
23	2	6.27252
23	9	5.23269
23	14	5.23036
23	27	5.47927
23	32	5.08122
23	43	5.59436
23	71	6.02276
23	73	6.96126
23	77	5.29651
23	79	6.42261
23	83	5.66426
23	93	7.27101
23	95	3.80901
23	128	7.11241
23	132	6.90975
23	147	7.04653
23	156	9.045
23	165	7.95465
23	173	8.12958
23	175	8.70492
23	177	8.59465
23	180	10.2079
23	183	8.56393
23	184	8.87124
23	188	8.87518
23	193	9.00366
24	37	4.48704
24	44	4.04841
24	59	5.8746
24	96	7.48518
24	106	8.82995
24	111	5.14244
24	117	4.98658
24	135	5.77726
24	139	5.317
24	148	5.29044
24	154	5.55913
24	161	6.68339
24	162	6.57449
24	166	5.96787
24	168	6.52548
24	169	11.341
24	172	7.2713
24	176	6.86287
24	179	7.25667
24	186	8.04122
24	189	7.52294
24	190	7.67141
24	191	8.10219
24	195	8.37757
24	197	8.20348
24	199	8.07248
25	6	3.48114
25	22	3.95369
25	49	4.60278
25	66	4.92107
25	69	5.42825
25	104	5.06141
25	122	5.61993
25	125	5.69918
25	131	5.58159
25	134	10.994
25	147	7.28371
25	157	6.4212
25	158	6.26907
25	178	8.08289
25	181	7.5638
25	182	7.21423
25	185	7.91889
25	186	10.6987
25	187	7.98062
25	192	8.54721
25	194	8.49719
25	195	11.7992
25	196	8.37411
25	197	12.4412
25	198	7.57012
25	200	8.4589
26	4	4.26189
26	49	4.84917
26	74	4.4168
26	75	6.93343
26	78	4.94375
26	79	6.10864
26	93	5.64838
26	98	7.78243
26	104	5.3078
26	126	8.87358
26	131	5.82797
26	137	5.8942
26	144	5.87789
26	157	6.66759
26	161	10.6953
26	178	8.32928
26	180	8.33204
26	181	7.81019
26	182	7.46061
26	187	8.227
26	192	8.7936
26	193	10.9861
26	194	8.74357
26	196	8.6205
26	198	7.81651
26	200	8.70529
27	11	5.0906
27	15	5.14701
27	32	5.11336
27	34	5.61457
27	59	3.29397
27	63	5.91854
27	65	2.1271
27	70	6.02696
27	75	6.27785
27	88	11.4877
27	102	3.29424
27	120	5.53107
27	132	6.94189
27	140	5.46942
27	143	11.6258
27	147	7.07868
27	165	7.98679
27	167	7.98551
27	169	7.92017
27	173	8.16172
27	177	8.62679
27	183	8.59607
27	184	8.90339
27	188	8.90732
27	191	11.7502
27	193	9.0358
28	1	1.57686
28	23	5.58902
28	27	5.72228
28	43	5.83737
28	63	6.12941
28	70	6.23783
28	71	6.26577
28	75	6.48872
28	80	4.23791
28	93	7.19979
28	106	6.30978
28	124	2.76939
28	136	4.38005
28	141	7.01883
28	146	5.49714
28	147	7.28955
28	153	5.00031
28	156	8.97378
28	165	8.19766
28	167	8.19638
28	169	8.13104
28	175	8.94793
28	182	11.2581
28	183	8.80694
28	184	9.11425
28	188	9.11819
29	1	6.88667
29	6	11.9074
29	13	4.27209
29	23	4.06956
29	31	9.17538
29	35	7.07761
29	46	5.51385
29	47	8.96619
29	55	8.0549
29	62	6.30663
29	67	7.38708
29	68	4.58726
29	84	4.30688
29	85	7.38575
29	87	9.82595
29	92	8.43153
29	95	2.95069
29	101	7.22909
29	105	7.96051
29	108	3.28316
29	114	6.79664
29	127	3.1401
29	130	9.57437
29	135	8.91206
29	177	7.41098
29	196	9.28056
30	5	5.37041
30	10	1.13416
30	50	6.33121
30	54	2.70291
30	68	5.96466
30	73	6.4314
30	74	3.19555
30	76	6.43531
30	82	6.72679
30	89	6.62125
30	95	7.39994
30	98	6.61208
30	117	11.5391
30	122	8.35186
30	123	6.93008
30	137	6.62434
30	143	10.5467
30	146	7.17225
30	151	7.46479
30	155	8.15549
30	160	7.73187
30	163	8.24731
30	164	9.89142
30	170	8.47637
30	171	8.11684
30	199	10.1604
31	5	2.559
31	19	7.22575
31	29	7.58517
31	35	8.08899
31	60	1.97145
31	74	1.2272
31	82	1.49291
31	85	8.39714
31	87	10.8373
31	92	9.44292
31	95	1.27758
31	101	8.24048
31	105	8.9719
31	113	3.10377
31	118	3.77153
31	123	3.20929
31	130	10.5858
31	131	8.3274
31	135	9.92345
31	144	9.30451
31	150	2.77607
31	165	6.22854
31	179	10.1295
31	185	8.36683
31	194	8.03876
31	197	9.01527
32	7	5.26
32	9	5.00981
32	13	5.09078
32	27	5.25639
32	39	5.86614
32	43	5.37148
32	45	5.29012
32	57	12.7465
32	64	2.27465
32	75	6.02283
32	82	5.34212
32	108	5.45927
32	118	7.62075
32	128	6.88953
32	141	6.55293
32	149	6.50709
32	165	7.73177
32	167	7.73048
32	169	7.66514
32	173	7.9067
32	175	8.48204
32	177	8.37176
32	183	8.34105
32	184	8.64836
32	188	8.6523
32	193	8.78077
33	38	7.38388
33	50	0.985721
33	60	2.44901
33	86	7.84505
33	89	2.98703
33	91	7.48057
33	102	8.19729
33	103	8.16384
33	108	7.21561
33	113	7.1938
33	116	8.22073
33	120	7.88036
33	122	6.86107
33	124	8.60691
33	127	8.55735
33	129	7.28636
33	138	9.36543
33	139	10.2236
33	150	3.25363
33	153	3.01766
33	161	7.98323
33	163	5.02845
33	167	6.41697
33	176	11.1026
33	193	8.27404
33	194	8.51631
34	9	5.27956
34	13	5.36052
34	23	5.39287
34	45	5.55986
34	52	3.75149
34	63	5.93326
34	64	1.63517
34	75	6.29257
34	79	7.10091
34	83	5.71112
34	94	7.01281
34	97	5.86057
34	109	6.39486
34	128	7.15927
34	135	3.35885
34	147	7.0934
34	154	14.1164
34	157	10.894
34	165	8.00151
34	167	8.00023
34	173	8.17644
34	175	8.75178
34	177	8.64151
34	183	8.61079
34	184	8.91811
34	193	9.05052
35	1	7.07479
35	10	0.453721
35	22	8.54071
35	33	0.000217194
35	37	7.1967
35	43	2.55865
35	46	5.70198
35	52	6.65578
35	64	10.2129
35	65	7.25927
35	67	7.57521
35	73	5.71774
35	74	2.51511
35	85	7.57388
35	87	10.0141
35	92	8.61966
35	101	7.41722
35	105	8.14864
35	114	6.98477
35	130	9.7625
35	135	9.10019
35	150	4.06398
35	174	11.6534
35	179	11.4174
35	191	9.99062
35	196	8.89537
36	28	2.75705
36	33	7.57476
36	41	0.894448
36	54	6.87879
36	55	0.000217943
36	61	7.65321
36	68	3.32875
36	73	4.84444
36	91	7.76915
36	96	7.13223
36	108	7.50419
36	112	4.46119
36	113	7.48238
36	116	8.50931
36	120	8.16894
36	124	8.89549
36	127	8.84593
36	129	7.57494
36	138	9.65401
36	158	9.67601
36	165	6.64315
36	183	8.3765
36	190	10.0435
36	192	7.72845
36	193	8.21109
36	195	8.78782
37	30	6.17952
37	47	4.79251
37	57	4.22167
37	91	7.03944
37	94	5.70656
37	107	5.28936
37	110	4.98135
37	117	5.48204
37	130	4.2785
37	142	6.26954
37	148	5.7859
37	150	7.39546
37	162	7.06995
37	166	6.46334
37	167	10.5588
37	168	7.02095
37	172	7.76677
37	176	7.35834
37	177	10.3573
37	179	7.75213
37	186	8.53668
37	189	8.0184
37	190	8.16688
37	195	8.87304
37	197	8.69895
37	199	8.56795
38	33	7.32422
38	40	7.03513
38	86	7.88309
38	91	7.51861
38	96	6.88169
38	103	8.20188
38	105	1.33422
38	108	7.25366
38	113	7.23184
38	114	2.30916
38	116	8.25877
38	120	7.91841
38	124	8.64495
38	127	8.5954
38	129	7.32441
38	138	9.40347
38	143	8.38829
38	145	0.00196748
38	155	4.71996
38	158	9.07137
38	176	10.435
38	181	7.51415
38	184	6.78689
38	185	8.17679
38	195	8.18318
38	200	8.40547
39	12	1.29116
39	30	5.63316
39	43	3.49942
39	60	6.48829
39	77	6.81575
39	81	6.64055
39	84	6.22715
39	91	4.64873
39	97	6.71253
39	98	6.81102
39	109	6.35053
39	113	5.33245
39	115	7.26538
39	123	7.12902
39	126	6.85837
39	131	10.5561
39	137	6.82327
39	151	7.66373
39	155	8.35443
39	160	7.93081
39	163	8.44625
39	167	8.16809
39	170	8.67531
39	171	8.31578
39	181	9.93286
39	188	7.29185
40	8	6.36205
40	22	7.58512
40	31	0.000321731
40	36	7.753
40	54	6.47172
40	86	7.72656
40	88	8.77255
40	91	7.36207
40	96	6.72516
40	102	8.0788
40	103	8.04534
40	108	7.09712
40	110	11.0484
40	113	7.0753
40	116	8.10224
40	119	2.60169
40	124	8.48841
40	127	8.43886
40	128	2.54079
40	129	7.16787
40	138	9.24694
40	179	10.4618
40	185	8.69916
40	192	7.64617
40	194	8.37108
40	195	8.70554
41	10	6.24474
41	16	5.54182
41	45	4.15162
41	48	6.40982
41	53	6.88967
41	55	0.494159
41	72	7.1686
41	80	6.36949
41	100	6.95132
41	118	6.91104
41	119	7.62748
41	133	7.4445
41	134	8.9162
41	140	8.42543
41	141	6.80085
41	145	9.84952
41	149	7.79121
41	150	8.78452
41	152	7.92864
41	153	8.93386
41	162	9.85999
41	169	7.061
41	170	5.29289
41	181	9.0523
41	197	10.3634
41	198	12.0237
42	7	8.73304
42	22	3.97173
42	25	3.9485
42	38	4.1207
42	78	4.7154
42	88	4.9651
42	90	5.07826
42	92	4.98681
42	93	5.42003
42	100	7.79704
42	125	5.71722
42	129	7.69027
42	144	5.64954
42	156	6.63564
42	158	6.28711
42	178	8.10093
42	180	8.10369
42	181	7.58184
42	182	7.23226
42	185	7.93693
42	187	7.99865
42	192	8.56525
42	194	8.51522
42	196	8.39215
42	198	7.58816
42	200	8.47694
43	14	5.28106
43	15	5.16556
43	27	5.52997
43	34	5.63312
43	63	5.93709
43	77	4.53367
43	83	5.71495
43	109	6.39869
43	128	7.1631
43	132	6.96044
43	134	9.33667
43	136	3.68844
43	141	6.82651
43	146	4.80553
43	148	13.7773
43	165	8.00534
43	169	7.93872
43	173	8.18028
43	175	8.75561
43	180	9.44503
43	182	10.5665
43	183	8.61462
43	184	8.92194
43	188	8.92588
43	191	10.4713
43	193	9.05435
44	3	6.34068
44	47	4.51919
44	56	4.46584
44	78	12.6193
44	94	5.43324
44	98	9.03822
44	111	5.36459
44	112	6.30915
44	124	4.75457
44	131	12.7728
44	134	5.76897
44	142	5.99622
44	162	6.79663
44	164	6.81963
44	166	6.19002
44	168	6.74763
44	172	7.49345
44	174	6.82548
44	176	7.08501
44	179	7.47881
44	186	8.26336
44	189	7.74508
44	190	7.89356
44	195	8.59972
44	197	8.42562
44	199	8.29463
45	11	5.06223
45	13	5.31743
45	15	5.11863
45	34	5.58619
45	63	5.89017
45	104	10.9409
45	106	6.07054
45	109	6.35176
45	120	5.17371
45	123	5.89943
45	124	2.99932
45	132	6.91352
45	135	2.83926
45	141	6.77958
45	157	10.3744
45	165	7.95842
45	169	7.8918
45	173	8.13335
45	175	8.70869
45	177	8.59842
45	183	8.5677
45	184	8.87501
45	188	8.87895
45	193	9.00743
45	196	10.2976
45	198	13.3657
46	19	5.55179
46	29	5.91121
46	31	8.51281
46	35	6.41504
46	52	5.80508
46	55	7.39233
46	62	5.64406
46	64	9.36225
46	65	6.40857
46	67	6.72451
46	85	6.72319
46	87	9.16338
46	92	7.76896
46	101	6.56652
46	105	7.29794
46	110	11.9646
46	114	6.13407
46	115	4.87653
46	121	9.15961
46	127	2.71557
46	130	8.91181
46	135	8.24949
46	156	7.76215
46	186	8.52133
46	190	10.8775
46	199	9.44067
47	17	4.20248
47	18	6.72759
47	37	4.81487
47	39	7.41594
47	70	9.15085
47	94	5.53893
47	99	5.46638
47	111	5.47028
47	121	5.67249
47	123	8.60831
47	128	7.60749
47	134	5.87466
47	142	6.10191
47	148	5.61827
47	161	7.01122
47	164	6.92532
47	168	6.85332
47	174	6.93117
47	176	7.1907
47	179	7.5845
47	189	7.85077
47	190	7.99925
47	191	8.43003
47	195	8.70541
47	197	8.53131
47	199	8.40032
48	7	3.86523
48	18	5.58759
48	21	6.33355
48	41	6.38344
48	53	6.8665
48	72	7.14543
48	76	3.87739
48	78	9.81689
48	80	6.34631
48	91	4.06306
48	100	6.92815
48	118	6.88786
48	119	7.60431
48	133	7.42132
48	136	7.92322
48	140	8.40225
48	145	9.82634
48	149	7.76804
48	150	8.76135
48	152	7.90547
48	153	8.91069
48	161	9.14868
48	163	6.1939
48	185	10.0098
48	186	8.91575
48	192	8.95685
49	20	3.97362
49	22	4.24547
49	37	10.0614
49	39	6.1695
49	42	4.4374
49	63	5.68039
49	78	4.98915
49	104	5.3532
49	106	7.35439
49	129	5.33204
49	131	5.87337
49	143	6.36932
49	144	5.92329
49	156	6.90939
49	158	6.56086
49	175	8.95806
49	178	8.37467
49	180	8.37744
49	181	7.85558
49	185	8.21068
49	187	8.2724
49	192	8.839
49	194	8.78897
49	196	8.6659
49	198	7.86191
49	200	8.75069
50	3	6.13781
50	68	6.39466
50	73	6.8614
50	77	7.04681
50	82	7.15679
50	84	6.45821
50	95	7.82994
50	97	6.94359
50	98	7.04208
50	105	2.82065
50	109	5.41825
50	111	7.25145
50	123	7.36008
50	126	7.08943
50	137	7.05433
50	146	7.60225
50	148	13.3051
50	152	6.53178
50	160	8.16186
50	161	8.80206
50	163	8.67731
50	170	8.90637
50	171	8.54684
50	176	11.9215
50	177	7.03427
50	190	10.9253
51	1	0.000168209
51	16	5.84675
51	18	5.9157
51	22	7.20436
51	41	6.71155
51	44	5.51686
51	72	7.47354
51	100	7.25625
51	118	7.21597
51	119	7.93242
51	133	7.74943
51	136	8.25133
51	140	8.73036
51	145	10.1544
51	149	8.09615
51	150	9.08945
51	152	8.23357
51	153	9.2388
51	155	4.86155
51	158	9.21297
51	166	11.3369
51	171	4.9893
51	174	10.3171
51	183	7.91345
51	189	10.2831
51	196	7.55902
52	19	6.05668
52	23	3.73794
52	29	6.4161
52	31	9.01771
52	35	6.91993
52	53	0.757437
52	55	7.89723
52	62	6.14895
52	64	9.86714
52	67	7.2294
52	85	7.22808
52	87	9.66827
52	92	8.27386
52	101	7.07141
52	105	7.80284
52	114	6.63897
52	130	9.4167
52	135	8.75438
52	142	8.23338
52	145	3.42938e-05
52	151	5.29062
52	159	8.17165
52	172	9.30699
52	178	7.82452
52	195	9.7147
52	200	9.93699
53	3	2.69328
53	10	6.41926
53	12	6.40059
53	39	2.81491
53	41	6.58114
53	48	6.58435
53	59	6.58938
53	80	6.54402
53	114	3.29719
53	117	10.3687
53	118	7.08556
53	126	6.48197
53	133	7.61903
53	136	8.12093
53	140	8.59996
53	142	7.68989
53	145	10.024
53	149	7.96574
53	150	8.95905
53	152	8.10317
53	153	9.10839
53	188	5.86117
53	189	11.1295
53	191	9.5007
53	193	8.59447
53	198	11.4736
54	4	7.36705
54	36	7.51116
54	38	7.02354
54	40	6.63675
54	41	1.96704
54	45	4.2907
54	61	7.00429
54	86	7.48471
54	91	7.12023
54	96	6.48331
54	102	7.83695
54	103	7.8035
54	108	6.85528
54	113	6.83346
54	116	7.86039
54	124	8.24657
54	127	8.19702
54	129	6.92603
54	138	9.0051
54	144	10.7917
54	145	1.60043e-05
54	148	13.4959
54	169	7.20008
54	170	5.43197
54	180	9.16364
54	194	9.52596
55	19	6.83548
55	29	7.19491
55	31	9.79651
55	42	9.56105
55	46	6.13497
55	52	7.08878
55	61	0.00282898
55	64	10.6459
55	65	7.69227
55	67	8.0082
55	73	5.14385
55	85	8.00688
55	105	8.58164
55	114	7.41777
55	125	7.60283
55	130	10.1955
55	132	2.906
55	135	9.53318
55	140	3.13594
55	151	4.66315
55	161	8.21968
55	170	4.65878
55	175	5.5195
55	181	8.4182
55	194	8.75277
55	197	9.72929
56	2	4.69286
56	46	5.5058
56	94	5.48179
56	99	5.40924
56	107	5.06459
56	110	4.75658
56	114	7.59625
56	117	5.25727
56	139	5.58769
56	144	14.4016
56	147	8.95479
56	148	5.56113
56	154	5.82983
56	161	6.95408
56	162	6.84518
56	164	6.86818
56	166	6.23857
56	168	6.79618
56	176	7.13356
56	186	8.31191
56	189	7.79363
56	190	7.94211
56	191	8.37289
56	195	8.64827
56	197	8.47417
56	199	8.34318
57	9	8.01838
57	17	3.83299
57	37	4.44538
57	56	4.20204
57	111	5.10079
57	112	6.04535
57	117	4.94492
57	121	5.303
57	134	5.50517
57	142	5.73242
57	154	5.51748
57	161	6.64173
57	163	11.076
57	164	6.55583
57	172	7.22965
57	174	6.56168
57	176	6.82121
57	179	7.21501
57	183	14.487
57	186	7.99956
57	189	7.48128
57	190	7.62976
57	191	8.06054
57	195	8.33592
57	197	8.16183
57	199	8.03083
58	27	4.60505
58	33	6.97141
58	36	7.55672
58	38	7.06911
58	40	6.68232
58	46	1.71351
58	54	6.27544
58	86	7.53028
58	91	7.1658
58	96	6.52888
58	97	3.9556
58	102	7.88252
58	108	6.90084
58	113	6.87903
58	116	7.90596
58	120	7.56559
58	124	8.29214
58	127	8.24258
58	129	6.97159
58	138	9.05066
58	154	12.2115
58	158	10.5662
58	169	7.01764
58	175	6.11024
58	180	8.9812
58	196	8.91222
59	11	4.27694
59	12	6.20448
59	18	5.58919
59	41	6.38503
59	45	3.94535
59	51	7.09022
59	53	6.86809
59	80	6.34791
59	89	3.65132
59	100	6.92974
59	104	9.39257
59	118	6.88946
59	119	7.60591
59	128	3.35032
59	133	7.42292
59	136	7.92482
59	140	8.40385
59	145	9.82794
59	148	13.1505
59	149	7.76963
59	150	8.76294
59	152	7.90706
59	153	8.91229
59	177	6.87972
59	184	8.11877
59	198	11.8174
60	3	6.05678
60	30	5.7832
60	31	0.000466355
60	32	6.68981
60	76	6.78428
60	82	7.07577
60	84	6.37719
60	89	6.97023
60	94	5.93243
60	97	6.86256
60	98	6.96106
60	123	7.27906
60	126	7.00841
60	131	10.4567
60	145	0.000162994
60	146	7.52123
60	151	7.81377
60	155	8.50446
60	157	9.81358
60	160	8.08084
60	163	8.59629
60	170	8.82535
60	171	8.46582
60	179	12.2588
60	180	9.80579
60	193	9.92583
61	38	7.35704
61	42	8.86171
61	54	6.56337
61	58	6.58974
61	91	7.45373
61	96	6.81681
61	102	8.17045
61	103	8.137
61	107	8.5865
61	108	7.18877
61	113	7.16696
61	116	8.19389
61	118	3.78621
61	120	7.85352
61	124	8.58007
61	127	8.53051
61	129	7.25952
61	133	4.33708
61	138	9.33859
61	150	2.79074
61	180	7.69111
61	182	8.81256
61	183	7.97656
61	189	10.3462
61	198	10.6902
61	200	8.61017
62	9	3.23893
62	19	5.90216
62	29	6.26158
62	31	8.86319
62	35	6.76541
62	41	2.22546
62	52	6.15545
62	55	7.7427
62	64	9.71262
62	65	6.75894
62	66	7.0465
62	67	7.07488
62	75	5.48945
62	85	7.07356
62	87	9.51375
62	92	8.11933
62	101	6.91689
62	114	6.48445
62	130	9.26218
62	135	8.59986
62	137	4.45022
62	165	7.97415
62	172	9.71112
62	189	12.0771
62	192	9.05946
62	199	9.93771
63	2	5.62019
63	23	5.46581
63	28	5.94432
63	34	5.70222
63	45	5.6328
63	71	6.14256
63	75	6.36551
63	83	5.78405
63	106	6.18657
63	107	10.4509
63	109	6.46779
63	111	7.83416
63	119	4.14847
63	128	7.23221
63	132	7.02955
63	138	3.33139
63	141	6.89561
63	158	11.1405
63	165	8.07445
63	168	10.5347
63	173	8.24938
63	177	8.71444
63	182	10.677
63	183	8.68373
63	188	8.99498
63	193	9.12346
64	19	7.34761
64	43	2.03949
64	48	1.86783
64	51	0.000482139
64	52	7.6009
64	53	0.184701
64	65	8.20439
64	67	8.52033
64	73	5.19858
64	87	10.9592
64	105	9.09377
64	108	2.37881
64	109	4.8906
64	114	7.9299
64	122	7.15227
64	126	6.45273
64	128	2.97722
64	130	10.7076
64	135	10.0453
64	140	3.19067
64	153	3.30886
64	165	6.99729
64	168	9.42439
64	185	9.13558
64	187	9.40749
64	191	9.47146
65	1	6.90192
65	31	9.19063
65	35	7.09286
65	46	5.5291
65	55	8.07015
65	57	9.58008
65	62	6.32188
65	64	10.0401
65	78	8.85668
65	85	7.401
65	92	8.44678
65	101	7.24434
65	103	3.19367
65	104	8.93352
65	105	7.97576
65	108	2.29286
65	111	6.63786
65	114	6.81189
65	130	9.58962
65	132	2.87479
65	135	8.92731
65	163	5.23369
65	164	8.60588
65	166	12.0681
65	170	4.62757
65	184	7.65972
66	14	3.44449
66	20	4.10878
66	25	4.35742
66	26	4.73052
66	60	6.06473
66	78	5.12432
66	90	5.48718
66	94	7.89636
66	101	5.75043
66	131	6.00854
66	143	6.50449
66	144	6.05846
66	156	7.04456
66	178	8.50984
66	180	8.51261
66	181	7.99075
66	182	7.64118
66	185	8.34585
66	187	8.40757
66	188	9.15646
66	192	8.97417
66	194	8.92414
66	196	8.80107
66	198	7.99708
66	199	12.2854
66	200	8.88586
67	5	2.79046
67	29	6.6748
67	52	6.56867
67	55	8.15592
67	56	6.86613
67	64	10.1258
67	65	7.17216
67	84	2.86523
67	85	7.48677
67	87	9.92696
67	92	8.53255
67	101	7.3301
67	105	8.06153
67	114	6.89766
67	122	6.61497
67	130	9.67539
67	133	4.55386
67	135	9.01308
67	138	1.68375
67	139	9.97754
67	165	6.45999
67	172	8.19695
67	174	10.597
67	178	6.71448
67	180	7.90789
67	185	8.59828
68	20	9.83823
68	50	6.4989
68	60	6.45704
68	76	6.603
68	81	6.60929
68	82	6.89448
68	84	6.1959
68	97	6.68128
68	98	6.77977
68	105	4.18558
68	115	7.23413
68	116	4.74319
68	123	7.09777
68	126	6.82712
68	137	6.79202
68	138	4.11362
68	146	7.33994
68	151	7.63248
68	155	8.32317
68	163	8.415
68	170	8.64406
68	171	8.28453
68	175	7.46681
68	192	9.97517
68	194	10.7001
68	197	11.6766
69	22	4.63731
69	25	4.61409
69	55	3.18079
69	78	5.38099
69	79	6.54587
69	81	6.39326
69	86	4.84719
69	88	5.63069
69	90	5.74385
69	93	6.08562
69	143	6.76116
69	146	7.07168
69	147	7.89248
69	150	6.81082
69	156	7.30123
69	157	7.10483
69	158	6.9527
69	174	14.4003
69	178	8.76651
69	181	8.24742
69	182	7.89785
69	185	8.60252
69	194	9.18081
69	196	9.05774
69	198	8.25375
69	200	9.14253
70	4	8.9701
70	7	5.62381
70	11	5.19938
70	25	6.84161
70	38	0.700141
70	43	5.73528
70	45	5.65392
70	50	3.59841
70	83	5.80518
70	88	11.5305
70	101	4.7474
70	102	3.33699
70	106	6.20769
70	109	6.48891
70	141	6.91674
70	147	7.18746
70	162	11.6021
70	165	8.09557
70	169	8.02895
70	173	8.2705
70	175	8.84584
70	177	8.73557
70	183	8.70485
70	184	9.01216
70	188	9.0161
70	193	9.14458
71	13	5.46901
71	27	5.63463
71	30	3.73715
71	32	5.23657
71	63	6.04175
71	70	6.15017
71	72	2.50147
71	74	6.60171
71	77	4.9421
71	128	7.26776
71	132	7.0651
71	141	6.93117
71	144	11.4815
71	147	7.20189
71	154	13.0837
71	165	8.11
71	167	8.10872
71	169	8.04338
71	173	8.28493
71	177	8.75
71	178	8.66005
71	183	8.71928
71	188	9.03054
71	193	9.15901
71	197	11.1923
71	199	10.3691
72	13	3.86874
72	16	5.78008
72	18	5.84903
72	19	1.66122
72	21	6.59498
72	52	1.81152
72	53	7.12794
72	69	6.66297
72	100	7.18958
72	118	7.1493
72	119	7.86575
72	122	7.65328
72	133	7.68276
72	136	8.18466
72	140	8.66369
72	141	6.72249
72	145	10.0878
72	148	13.2784
72	149	8.02948
72	150	9.02278
72	152	8.1669
72	153	9.17213
72	155	6.17975
72	156	7.78333
72	161	8.77543
72	190	10.8987
73	3	6.094
73	5	5.7566
73	13	6.0654
73	30	5.82042
73	39	6.24165
73	58	3.99034
73	59	3.71289
73	66	8.76731
73	77	7.003
73	80	5.24412
73	81	6.8278
73	89	7.00745
73	97	6.89978
73	98	6.99827
73	99	8.33652
73	120	5.94999
73	137	7.01053
73	142	10.3583
73	146	7.55845
73	147	7.32416
73	151	7.85099
73	155	8.54168
73	160	8.11806
73	163	8.63351
73	170	8.86257
73	171	8.50303
74	28	6.1923
74	53	1.13258
74	57	10.6139
74	61	0.00726199
74	70	6.36259
74	71	6.39054
74	101	3.37377
74	103	4.2275
74	106	6.43455
74	109	6.71577
74	132	7.27752
74	141	7.14359
74	147	7.41431
74	157	9.40086
74	159	8.54679
74	166	13.1019
74	169	8.2558
74	173	8.49736
74	175	9.07269
74	177	8.96242
74	183	8.9317
74	184	9.23902
74	186	8.98937
74	188	9.24296
74	193	9.37143
74	199	9.90872
75	9	5.46359
75	23	5.57691
75	28	6.05543
75	43	5.82526
75	63	6.1173
75	71	6.25367
75	74	6.67726
75	83	5.89516
75	90	9.72122
75	109	6.5789
75	116	5.11903
75	128	7.34331
75	132	7.14065
75	145	0.0143584
75	147	7.27744
75	152	8.27255
75	160	6.85395
75	164	10.9602
75	167	8.18427
75	169	8.11893
75	177	8.82555
75	183	8.79483
75	184	9.10214
75	188	9.10608
75	193	9.23456
75	196	10.6446
76	30	5.75588
76	60	6.61101
76	62	3.44854
76	68	6.28631
76	73	6.75306
76	77	6.93846
76	81	6.76326
76	84	6.34987
76	95	7.7216
76	106	5.42335
76	111	8.1766
76	113	5.32531
76	115	7.3881
76	123	7.25174
76	126	6.98109
76	146	7.49391
76	152	7.45692
76	154	13.1282
76	155	8.47714
76	160	8.05352
76	163	8.56897
76	170	8.79803
76	171	8.4385
76	177	7.95941
76	184	9.19846
76	198	12.8971
77	3	6.12583
77	10	1.68668
77	18	3.84944
77	34	6.18794
77	48	3.61994
77	60	6.70738
77	76	6.85334
77	82	7.14482
77	84	6.44624
77	95	7.81797
77	115	7.48447
77	123	7.34811
77	130	2.17998
77	137	7.04236
77	146	7.59028
77	151	7.88282
77	155	8.57351
77	160	8.14989
77	163	8.66534
77	165	8.7494
77	167	8.46028
77	170	8.8944
77	171	8.53487
77	172	10.4864
77	193	10.3173
77	200	11.1164
78	3	7.5631
78	20	3.87093
78	28	8.01025
78	42	4.33471
78	49	4.79188
78	58	6.19173
78	66	5.11017
78	79	6.05135
78	90	5.24932
78	122	5.80903
78	131	5.77068
78	143	6.26663
78	156	6.8067
78	157	6.6103
78	158	6.45817
78	159	6.63182
78	168	14.3235
78	178	8.27199
78	180	8.27475
78	181	7.7529
78	182	7.40332
78	192	8.73631
78	194	8.68628
78	196	8.56321
78	198	7.75922
78	200	8.648
79	15	6.21613
79	17	9.22059
79	20	4.56519
79	42	5.02898
79	49	5.48614
79	69	6.31161
79	93	6.28535
79	104	5.94477
79	115	6.74265
79	122	6.50329
79	125	6.58254
79	135	3.26383
79	144	6.51487
79	150	5.89077
79	153	5.65481
79	159	7.32609
79	180	8.96902
79	181	8.44716
79	182	8.09759
79	185	8.80225
79	187	8.86398
79	190	12.7436
79	192	9.43057
79	197	12.13
79	198	8.45348
79	200	9.34226
80	8	2.33402
80	12	6.02912
80	16	5.34487
80	17	8.06092
80	18	5.41382
80	21	6.15978
80	41	6.20967
80	53	6.69273
80	59	6.2179
80	76	4.18942
80	100	6.75437
80	118	6.71409
80	119	7.43054
80	131	10.2824
80	133	7.24755
80	136	7.74945
80	140	8.22848
80	145	9.65257
80	149	7.59427
80	150	8.58757
80	152	7.73169
80	153	8.73692
80	168	10.6107
80	169	7.66791
80	184	8.93195
80	189	12.2865
81	3	6.03377
81	5	5.69637
81	16	4.7488
81	39	6.18142
81	73	6.75737
81	76	6.76127
81	77	6.94277
81	82	7.05276
81	89	6.94722
81	94	6.09153
81	113	5.39222
81	115	7.39241
81	120	4.77201
81	135	2.43757
81	137	6.9503
81	146	7.49822
81	151	7.79076
81	155	8.48145
81	156	8.80201
81	160	8.05783
81	163	8.57328
81	170	8.80234
81	171	8.44281
81	176	12.9135
81	188	7.35162
81	200	10.8839
82	3	6.16924
82	5	5.83184
82	14	1.20211
82	25	5.60226
82	39	6.31689
82	68	6.42609
82	69	7.2441
82	73	6.89283
82	77	7.07824
82	95	7.86137
82	106	5.05271
82	107	10.4227
82	115	7.52787
82	126	7.12087
82	146	7.63369
82	150	4.62697
82	151	7.92623
82	155	8.61692
82	160	8.1933
82	163	8.70874
82	170	8.93781
82	171	8.57827
82	178	8.33393
82	181	9.55508
82	186	9.12365
82	195	10.2241
83	12	1.83668
83	43	5.50443
83	45	5.42307
83	70	5.90489
83	74	6.35643
83	75	6.15578
83	90	9.45825
83	106	5.97684
83	127	4.24119
83	128	7.02248
83	132	6.81982
83	141	6.68589
83	144	12.0787
83	146	5.81113
83	147	6.95661
83	165	7.86472
83	167	7.86344
83	169	7.7981
83	173	8.03965
83	175	8.61499
83	176	13.3993
83	183	8.474
83	184	8.78132
83	188	8.78526
83	193	8.91373
83	196	10.3816
84	21	3.47368
84	39	5.96083
84	50	6.43658
84	55	1.56985
84	68	6.07003
84	74	3.65101
84	81	6.54698
84	89	6.72662
84	95	7.50531
84	97	6.61896
84	98	6.71745
84	107	10.9956
84	109	6.54566
84	115	7.17181
84	123	7.03545
84	126	6.76481
84	146	7.27763
84	151	7.57017
84	154	13.3305
84	155	8.26086
84	160	7.83724
84	163	8.35268
84	170	8.58175
84	171	8.22221
84	185	10.7906
84	191	11.1265
85	1	6.97231
85	29	6.65942
85	31	9.26103
85	35	7.16325
85	37	6.60677
85	52	6.55329
85	62	6.39227
85	64	10.1105
85	65	7.15678
85	87	9.91159
85	88	9.13821
85	89	3.20746
85	92	8.51718
85	101	7.31473
85	105	8.04615
85	114	6.88229
85	116	2.77985
85	130	9.66002
85	135	8.9977
85	159	7.52815
85	166	12.0833
85	176	11.3231
85	183	8.65988
85	186	7.97074
85	188	5.76117
85	200	9.29349
86	33	7.3874
86	35	1.73143
86	36	7.97272
86	54	6.69144
86	58	6.71781
86	61	7.46585
86	67	0.00163741
86	71	3.62449
86	73	5.92372
86	91	7.58179
86	102	8.29852
86	103	8.26506
86	108	7.31684
86	113	7.29502
86	116	8.32196
86	120	7.98159
86	124	8.70813
86	125	8.3827
86	129	7.38759
86	136	3.41373
86	138	9.46666
86	158	10.7553
86	168	10.1495
86	175	6.29937
86	180	9.17033
86	189	11.8254
87	1	7.6723
87	6	10.1275
87	46	6.29948
87	55	8.84054
87	62	7.09227
87	65	7.85678
87	78	8.06707
87	79	3.78437
87	81	2.2517
87	85	8.17139
87	88	8.33341
87	89	2.40266
87	92	9.21717
87	101	8.01472
87	121	7.80422
87	123	3.10248
87	130	10.36
87	135	9.6977
87	138	1.34548
87	155	4.80318
87	163	4.44408
87	168	8.54883
87	174	10.2587
87	181	7.59737
87	193	7.68967
87	194	7.93195
88	6	3.75002
88	25	4.19934
88	26	4.57244
88	51	3.79658
88	66	5.18995
88	82	7.2504
88	84	8.39126
88	90	5.3291
88	104	5.33029
88	122	5.88881
88	129	6.93695
88	131	5.85047
88	143	6.34641
88	144	5.90039
88	158	6.53795
88	178	8.35177
88	180	8.35454
88	181	7.83268
88	182	7.48311
88	185	8.18777
88	187	8.2495
88	192	8.81609
88	194	8.76607
88	196	8.64299
88	198	7.839
88	200	8.72778
89	47	9.6181
89	55	1.47105
89	60	6.66713
89	76	6.81308
89	77	6.99458
89	95	7.77772
89	97	6.89136
89	98	6.98986
89	109	6.44687
89	112	6.3716
89	115	7.44422
89	123	7.30786
89	126	7.03721
89	137	7.00211
89	146	7.55003
89	149	4.98289
89	151	7.84257
89	155	8.53326
89	159	9.15517
89	160	8.10964
89	162	10.8369
89	163	8.62509
89	166	13.7103
89	170	8.85415
89	171	8.49462
89	183	10.2869
90	2	8.47106
90	4	4.36835
90	6	3.83398
90	23	7.12642
90	25	4.28331
90	49	4.95563
90	78	5.05021
90	88	5.29991
90	122	5.97278
90	131	5.93443
90	143	6.43038
90	144	5.98435
90	158	6.62192
90	159	6.79557
90	173	9.8256
90	178	8.43573
90	181	7.91664
90	182	7.56707
90	185	8.27174
90	186	12.0027
90	187	8.33346
90	192	8.90006
90	194	8.85003
90	196	8.72696
90	198	7.92297
90	200	8.81175
91	8	6.4065
91	13	4.93247
91	26	5.76663
91	31	0.000290386
91	33	7.21213
91	36	7.79744
91	40	6.92303
91	53	1.74945
91	54	6.51616
91	61	7.29058
91	85	1.6173
91	86	7.771
91	102	8.12324
91	103	8.08979
91	108	7.14156
91	116	8.14668
91	120	7.80631
91	127	8.4833
91	129	7.21231
91	138	9.29138
91	141	7.78622
91	153	4.8736
91	156	8.84707
91	158	11.5949
91	186	9.60624
91	187	10.9722
92	29	7.08315
92	46	6.02322
92	52	6.97702
92	55	8.56427
92	57	9.33673
92	62	6.816
92	67	7.89645
92	76	2.67383
92	79	4.33063
92	85	7.89513
92	87	10.3353
92	97	3.09029
92	101	7.73846
92	104	8.69017
92	105	8.46988
92	114	7.30602
92	121	8.35047
92	130	10.0837
92	135	9.42143
92	142	7.33135
92	143	9.01778
92	153	2.97955
92	165	6.66799
92	171	5.47719
92	178	6.92248
92	200	9.03495
93	22	4.5254
93	31	0.969169
93	42	4.71733
93	78	5.26908
93	79	6.43396
93	82	5.04814
93	90	5.63193
93	104	5.63312
93	125	6.27089
93	134	11.1233
93	144	6.20322
93	156	7.18931
93	157	6.99291
93	158	6.84078
93	173	8.65086
93	180	8.65737
93	182	7.78594
93	185	8.4906
93	187	8.55233
93	192	9.11892
93	194	9.0689
93	196	8.94582
93	197	12.5705
93	198	8.14183
93	199	11.7473
93	200	9.03061
94	22	10.2692
94	34	6.68349
94	37	5.19601
94	63	4.54422
94	88	11.4566
94	107	5.50287
94	110	5.19485
94	121	6.05363
94	127	4.4834
94	134	6.2558
94	154	6.2681
94	157	10.7006
94	161	7.39236
94	162	7.28346
94	168	7.23445
94	174	7.31231
94	176	7.57184
94	179	7.96564
94	186	8.75019
94	189	8.23191
94	190	8.38038
94	191	8.81116
94	195	9.08654
94	197	8.91245
94	198	13.692
94	199	8.78145
95	47	9.03018
95	68	6.71563
95	76	7.18628
95	77	7.36778
95	82	7.47776
95	84	6.77918
95	97	7.26456
95	105	3.26135
95	112	5.78368
95	119	4.00646
95	120	4.22067
95	121	9.64812
95	123	7.68105
95	126	7.4104
95	130	1.39621
95	137	7.3753
95	146	7.92322
95	151	8.21576
95	160	8.48283
95	163	8.99828
95	170	9.22734
95	171	8.86781
95	173	6.83273
95	183	9.69899
95	191	10.4398
95	194	9.77585
96	1	1.07399
96	8	6.10013
96	24	9.08389
96	33	6.90576
96	38	7.00346
96	54	6.20979
96	58	6.23616
96	61	6.9842
96	79	5.84852
96	86	7.46463
96	91	7.10014
96	102	7.81687
96	103	7.78342
96	108	6.83519
96	110	12.6734
96	113	6.81337
96	116	7.84031
96	120	7.49994
96	124	8.22648
96	127	8.17693
96	129	6.90594
96	137	4.66195
96	138	8.98501
96	158	11.2187
96	161	9.46301
96	171	6.99508
97	5	5.64532
97	7	4.57881
97	39	6.13036
97	47	9.64967
97	50	6.60612
97	68	6.23956
97	71	4.48718
97	76	6.71021
97	77	6.89171
97	82	7.0017
97	89	6.89616
97	98	6.88699
97	115	7.34135
97	126	6.93434
97	146	7.44716
97	149	5.01446
97	151	7.7397
97	155	8.43039
97	160	8.00677
97	163	8.52222
97	170	8.75128
97	171	8.39175
97	172	10.3221
97	183	10.3185
97	196	9.96404
97	198	13.0322
98	3	6.03565
98	45	6.18899
98	48	4.48457
98	50	6.65906
98	60	6.6172
98	67	1.47769
98	68	6.2925
98	76	6.76315
98	81	6.76945
98	82	7.05464
98	84	6.35606
98	95	7.72779
98	97	6.84143
98	101	5.04264
98	115	7.39429
98	123	7.25793
98	130	3.04461
98	137	6.95218
98	151	7.79264
98	155	8.48333
98	159	10.2157
98	160	8.05971
98	167	9.32491
98	170	8.80422
98	171	8.44469
98	192	10.6993
99	27	6.86504
99	70	7.31658
99	110	5.1027
99	112	6.70382
99	121	5.96148
99	139	5.93381
99	148	5.90725
99	149	6.22262
99	154	6.17595
99	162	7.1913
99	164	7.2143
99	166	6.58469
99	168	7.1423
99	171	8.60248
99	172	7.88812
99	176	7.47969
99	178	10.0478
99	179	7.87348
99	186	8.65804
99	189	8.13975
99	190	8.28823
99	191	8.71901
99	195	8.99439
99	197	8.8203
99	198	14.2403
99	199	8.6893
100	2	5.45436
100	12	6.21207
100	19	2.10473
100	21	6.34273
100	32	6.27374
100	48	6.39583
100	51	7.0978
100	53	6.87568
100	59	6.40085
100	83	4.98504
100	110	12.4293
100	118	6.89704
100	119	7.61349
100	123	4.92256
100	124	2.02245
100	133	7.4305
100	136	7.9324
100	140	8.41143
100	145	9.83552
100	149	7.77722
100	150	8.77053
100	152	7.91465
100	153	8.91987
100	166	13.0986
100	172	9.67877
100	200	10.3088
101	1	6.8869
101	9	3.3709
101	19	6.2146
101	29	6.57402
101	35	7.07784
101	46	5.51408
101	62	6.30687
101	64	10.0251
101	65	7.07138
101	67	7.38731
101	71	4.00819
101	85	7.38599
101	87	9.82618
101	92	8.43177
101	105	7.96075
101	112	5.92417
101	114	6.79688
101	118	5.64912
101	121	9.78862
101	130	9.57461
101	135	8.9123
101	151	5.82672
101	155	6.78758
101	163	6.42848
101	164	9.80066
101	195	10.2508
102	8	6.65404
102	9	2.75642
102	38	7.55737
102	58	6.79007
102	60	3.23456
102	61	7.53812
102	69	6.65632
102	70	5.01495
102	86	8.01854
102	93	6.0027
102	96	7.01714
102	103	8.33733
102	113	7.36728
102	116	8.39422
102	120	8.05385
102	123	4.4724
102	124	8.7804
102	125	8.15193
102	127	8.73084
102	129	7.45985
102	138	9.53892
102	177	7.00098
102	184	8.24003
102	193	9.05959
102	194	9.30187
102	195	9.63632
103	8	6.69325
103	11	5.50963
103	18	3.70311
103	36	8.0842
103	40	7.20979
103	58	6.82929
103	61	7.57733
103	62	3.60153
103	64	0.799978
103	76	4.60892
103	86	8.05776
103	87	0.00411581
103	91	7.69327
103	96	7.05636
103	102	8.41
103	112	6.42112
103	115	6.00249
103	116	8.43344
103	124	8.81961
103	127	8.77006
103	129	7.49907
103	133	6.69694
103	138	9.57814
103	166	13.7598
103	167	8.31395
103	193	10.171
104	22	4.25585
104	26	4.60572
104	67	3.61892
104	69	5.73041
104	78	4.99953
104	83	8.7985
104	93	5.70415
104	107	14.0986
104	122	5.92209
104	124	5.83591
104	125	6.00134
104	143	6.37969
104	144	5.93367
104	156	6.91976
104	157	6.72336
104	158	6.57123
104	178	8.38505
104	180	8.38782
104	181	7.86596
104	182	7.51639
104	185	8.22105
104	187	8.28278
104	192	8.84937
104	196	8.67627
104	198	7.87228
104	200	8.76106
105	1	7.21866
105	19	6.54635
105	29	6.90578
105	31	9.50738
105	35	7.4096
105	40	0.533259
105	41	2.36794
105	46	5.84584
105	49	7.19158
105	52	6.79965
105	62	6.63863
105	64	10.3568
105	65	7.40314
105	68	4.80225
105	86	2.70055
105	92	8.76353
105	114	7.12864
105	118	5.65964
105	127	3.3551
105	130	9.90637
105	135	9.24406
105	139	11.6342
105	161	9.39377
105	164	9.81118
105	187	10.5268
105	199	10.0802
106	7	5.52656
106	11	5.10213
106	27	5.52295
106	70	6.03849
106	71	6.06644
106	75	6.28939
106	85	1.93029
106	117	12.2172
106	128	7.15609
106	132	6.95343
106	146	5.68342
106	147	7.09021
106	165	7.99833
106	167	7.99704
106	169	7.9317
106	171	7.68422
106	173	8.17326
106	175	8.7486
106	177	8.63832
106	181	10.3507
106	182	11.4444
106	183	8.60761
106	184	8.91492
106	188	8.91886
106	192	9.96033
106	193	9.04733
107	30	7.329
107	44	4.42414
107	47	4.67277
107	57	4.10193
107	96	7.62592
107	99	5.51427
107	117	5.3623
107	139	5.69272
107	142	6.1498
107	148	5.66616
107	154	5.93486
107	161	7.05911
107	162	6.95021
107	164	6.97321
107	166	6.3436
107	168	6.90121
107	172	7.64702
107	174	6.97906
107	179	7.63239
107	186	8.41694
107	188	10.832
107	189	7.89866
107	190	8.04714
107	191	8.47791
107	195	8.7533
107	199	8.44821
108	8	6.23736
108	36	7.6283
108	40	6.7539
108	42	10.6747
108	54	6.34702
108	56	8.46233
108	58	6.37339
108	61	7.12144
108	86	7.60186
108	96	6.60046
108	102	7.9541
108	103	7.92065
108	110	12.5437
108	112	5.87424
108	113	6.95061
108	116	7.97754
108	120	7.63717
108	124	8.36372
108	127	8.31416
108	129	7.04317
108	138	9.12224
108	140	4.24957
108	141	7.28038
108	143	10.406
108	164	9.75073
108	199	10.0197
109	9	5.38045
109	27	5.62703
109	28	5.97228
109	43	5.74212
109	86	3.8964
109	102	3.3307
109	106	6.21453
109	127	4.55095
109	128	7.26017
109	130	2.74307
109	132	7.05751
109	142	9.97585
109	147	7.19429
109	156	9.59752
109	165	8.10241
109	167	8.10112
109	169	8.03579
109	173	8.27734
109	175	8.85268
109	176	13.709
109	177	8.74241
109	183	8.71169
109	184	9.019
109	188	9.02294
109	193	9.15142
109	194	11.1227
110	2	4.57429
110	47	4.44916
110	85	6.23926
110	107	4.94602
110	111	5.29456
110	112	6.23912
110	117	5.1387
110	121	5.49678
110	134	5.69895
110	142	5.92619
110	154	5.71125
110	161	6.83551
110	162	6.72661
110	168	6.6776
110	172	7.42342
110	174	6.75545
110	176	7.01499
110	179	7.40879
110	180	14.6319
110	186	8.19334
110	189	7.67505
110	190	7.82353
110	191	8.25431
110	195	8.52969
110	197	8.3556
110	199	8.2246
111	2	4.99047
111	44	4.61671
111	49	9.4121
111	83	7.38039
111	94	5.77939
111	99	5.70685
111	112	6.6553
111	117	5.55488
111	125	10.9974
111	142	6.34237
111	161	7.25169
111	162	7.14279
111	168	7.09379
111	172	7.8396
111	173	9.20426
111	174	7.17164
111	176	7.43117
111	179	7.82497
111	186	8.60952
111	187	12.7474
111	189	8.09124
111	190	8.23971
111	191	8.67049
111	195	8.94587
111	197	8.77178
111	199	8.64078
112	2	5.50394
112	21	4.09577
112	57	4.80797
112	78	11.2198
112	99	6.22032
112	106	6.24771
112	110	5.56765
112	111	6.22421
112	125	9.93471
112	134	6.6286
112	138	4.49819
112	139	6.39877
112	154	6.6409
112	161	7.76516
112	162	7.65626
112	172	8.35307
112	174	7.6851
112	176	7.94464
112	178	9.52893
112	182	11.8438
112	189	8.6047
112	190	8.75318
112	191	9.18396
112	195	9.45934
112	197	9.28525
112	199	9.15425
113	15	5.66897
113	34	6.23462
113	36	7.57508
113	38	7.08747
113	40	6.70067
113	49	7.87102
113	54	6.2938
113	58	6.32017
113	71	4.69814
113	86	7.54864
113	91	7.18415
113	96	6.54724
113	100	3.85377
113	102	7.90088
113	103	7.86743
113	108	6.9192
113	110	13.2836
113	116	7.92432
113	120	7.58395
113	122	8.95106
113	124	8.31049
113	127	8.26094
113	129	6.98995
113	131	10.8949
113	138	9.06902
113	173	7.66318
114	1	6.63028
114	31	8.919
114	34	5.92529
114	35	6.82122
114	36	0.805871
114	46	5.25746
114	52	6.21127
114	55	7.79852
114	62	6.05024
114	64	9.76843
114	65	6.81476
114	67	7.13069
114	85	7.12937
114	87	9.56956
114	90	8.94227
114	92	8.17515
114	101	6.9727
114	105	7.70413
114	121	10.1692
114	130	9.31799
114	134	9.82629
114	135	8.65567
114	150	5.03428
114	157	9.94245
114	179	12.3877
114	188	7.32139
115	5	5.8297
115	30	5.89351
115	49	8.1014
115	50	6.7905
115	60	6.74864
115	71	4.92853
115	73	6.89069
115	81	6.9009
115	82	7.18608
115	84	6.4875
115	89	7.08054
115	93	7.53751
115	97	6.97288
115	100	4.08415
115	105	4.32218
115	118	6.56946
115	123	7.38937
115	126	7.11872
115	137	7.08363
115	151	7.92408
115	156	9.3115
115	163	8.7066
115	170	8.93567
115	171	8.57613
115	186	10.0707
115	190	12.4268
116	8	6.62276
116	19	2.46277
116	33	7.42839
116	40	7.1393
116	54	6.73243
116	61	7.50684
116	68	4.98547
116	75	5.81515
116	91	7.62278
116	98	6.66415
116	102	8.33951
116	103	8.30605
116	108	7.35783
116	113	7.33601
116	119	4.34069
116	120	8.02258
116	124	8.74912
116	127	8.69957
116	129	7.42858
116	138	9.50765
116	140	4.49324
116	163	6.62221
116	169	7.78419
116	188	7.1345
116	189	12.4028
116	190	11.7002
117	24	3.98155
117	44	4.45478
117	47	4.70342
117	49	11.3893
117	52	6.62759
117	94	5.61746
117	99	5.54492
117	107	5.20027
117	139	5.72337
117	148	5.69681
117	149	8.74371
117	154	5.9655
117	161	7.08976
117	166	6.37425
117	168	6.93186
117	172	7.67767
117	174	7.00971
117	176	7.26924
117	179	7.66304
117	186	8.44759
117	189	7.92931
117	190	8.07778
117	191	8.50856
117	195	8.78394
117	197	8.60985
117	199	8.47885
118	10	6.15462
118	13	5.45874
118	16	5.4517
118	18	5.52065
118	21	6.26661
118	48	6.31971
118	51	7.02168
118	59	6.32473
118	72	7.07849
118	80	6.27937
118	81	5.21827
118	90	9.54382
118	100	6.8612
118	105	4.38402
118	112	6.90634
118	119	7.53737
118	133	7.35438
118	136	7.85628
118	140	8.33531
118	144	12.1643
118	145	9.7594
118	150	8.6944
118	152	7.83852
118	153	8.84375
118	185	11.2266
118	190	12.4887
119	4	8.05678
119	10	6.4745
119	48	6.63958
119	51	7.34156
119	52	2.71869
119	59	6.64461
119	72	7.39837
119	80	6.59925
119	91	4.59698
119	95	3.45451
119	100	7.18108
119	106	5.37874
119	116	4.25879
119	133	7.67426
119	136	8.17616
119	139	11.923
119	140	8.65519
119	141	7.62965
119	145	10.0793
119	149	8.02097
119	150	9.01428
119	152	8.1584
119	153	9.16363
119	174	12.5424
119	178	8.65995
119	184	9.15385
120	8	6.47437
120	19	2.62803
120	33	7.28
120	38	7.3777
120	40	6.99091
120	58	6.61041
120	72	2.56103
120	86	7.83887
120	91	7.47439
120	92	0.712574
120	93	6.97616
120	96	6.83747
120	101	3.89373
120	102	8.19111
120	108	7.20944
120	111	8.19163
120	113	7.18762
120	116	8.21455
120	124	8.60073
120	127	8.55118
120	129	7.28019
120	138	9.35926
120	148	14.2452
120	159	9.06674
120	173	7.33221
120	185	10.6034
121	4	10.9407
121	57	4.28955
121	92	3.53686
121	110	5.04923
121	111	5.70579
121	112	6.65035
121	118	8.8324
121	134	6.11018
121	139	5.88035
121	148	5.85379
121	154	6.12248
121	161	7.24674
121	162	7.13784
121	166	6.53123
121	168	7.08884
121	172	7.83465
121	174	7.16669
121	176	7.42622
121	179	7.82002
121	184	12.0378
121	186	8.60457
121	190	8.23476
121	191	8.66554
121	195	8.94092
121	197	8.76683
121	199	8.63583
122	20	4.18473
122	26	4.80646
122	46	4.61431
122	79	6.36515
122	90	5.56312
122	93	5.90489
122	104	5.56431
122	143	6.58043
122	157	6.9241
122	158	6.77197
122	159	6.94563
122	160	8.02235
122	167	10.145
122	178	8.58579
122	180	8.58856
122	181	8.0667
122	182	7.71713
122	185	8.42179
122	187	8.48352
122	192	9.05011
122	194	9.00009
122	196	8.87701
122	197	13.2208
122	198	8.07302
122	199	12.3977
122	200	8.9618
123	5	5.71821
123	29	3.51094
123	30	5.78202
123	66	7.8356
123	68	6.31246
123	73	6.7792
123	81	6.78941
123	82	7.07459
123	89	6.96905
123	95	7.74774
123	115	7.41424
123	126	7.00723
123	133	6.85711
123	134	10.1028
123	137	6.97214
123	140	4.95663
123	146	7.52005
123	148	14.5434
123	151	7.81259
123	155	8.50329
123	160	8.07967
123	163	8.59511
123	164	10.4578
123	170	8.82417
123	171	8.46464
123	197	11.55
124	8	6.6843
124	23	3.67438
124	35	1.51547
124	36	8.07525
124	38	7.58763
124	54	6.79397
124	58	6.82034
124	61	7.56838
124	82	2.77084
124	85	0.561734
124	96	7.04741
124	102	8.40105
124	103	8.36759
124	113	7.39755
124	117	10.8487
124	120	8.08412
124	126	6.96191
124	127	8.76111
124	129	7.49012
124	131	9.60533
124	133	5.60033
124	138	9.56919
124	183	9.23982
124	189	11.6094
124	190	10.9068
124	193	9.07441
125	14	3.82171
125	22	4.49212
125	26	4.84199
125	42	4.68404
125	53	3.88645
125	66	5.4595
125	69	5.96668
125	93	5.94042
125	104	5.59984
125	117	14.0412
125	152	9.70589
125	156	7.15603
125	157	6.95963
125	159	6.98115
125	175	9.27599
125	178	8.62132
125	180	8.62409
125	181	8.10223
125	182	7.75266
125	185	8.45732
125	187	8.51905
125	192	9.08564
125	194	9.03562
125	196	8.91254
125	198	8.10855
125	200	8.99733
126	5	5.5896
126	10	2.9213
126	30	5.65342
126	63	5.2833
126	68	6.18385
126	73	6.6506
126	76	6.6545
126	77	6.836
126	84	6.24741
126	95	7.61913
126	97	6.73278
126	115	7.28563
126	116	5.83735
126	137	6.84353
126	146	7.39145
126	147	7.61323
126	151	7.68399
126	153	6.29559
126	155	8.37468
126	160	7.95106
126	163	8.46651
126	169	9.46837
126	170	8.69557
126	171	8.33603
126	181	11.4597
126	187	12.3942
127	20	8.9873
127	33	7.49418
127	36	8.07949
127	38	7.59188
127	40	7.20509
127	54	6.79821
127	61	7.57263
127	64	0.235839
127	70	5.56223
127	78	9.98428
127	85	1.0942
127	86	8.05305
127	91	7.68857
127	102	8.40529
127	103	8.37184
127	113	7.4018
127	120	8.08837
127	126	7.49437
127	128	4.01886
127	129	7.49436
127	138	9.57343
127	146	4.84733
127	158	11.0718
127	175	6.61588
127	197	10.8257
127	200	10.4059
128	9	5.66608
128	27	5.91266
128	34	6.01581
128	43	6.02775
128	63	6.31979
128	72	2.37999
128	83	6.09764
128	90	8.7396
128	120	4.53911
128	132	7.34314
128	161	9.56121
128	165	8.38804
128	167	8.38675
128	169	8.32142
128	173	8.56297
128	175	9.13831
128	177	9.02803
128	178	8.53857
128	182	10.8534
128	183	8.99732
128	184	9.30463
128	187	10.6943
128	188	9.30857
128	193	9.43705
128	194	10.0943
128	198	12.7311
129	8	6.1206
129	17	7.68019
129	29	2.55053
129	33	6.92623
129	36	7.51155
129	40	6.63714
129	58	6.25664
129	86	7.48511
129	91	7.12062
129	96	6.4837
129	102	7.83735
129	103	7.80389
129	108	6.85567
129	113	6.83385
129	116	7.86078
129	120	7.52042
129	124	8.24696
129	127	8.19741
129	138	9.00549
129	140	3.99622
129	162	10.0862
129	181	9.27848
129	182	10.3722
129	187	10.213
129	192	8.88814
129	195	9.94751
130	1	7.57726
130	19	6.90495
130	32	5.77821
130	52	7.15824
130	56	7.85242
130	58	1.74166
130	62	6.99722
130	65	7.76173
130	67	8.07767
130	81	3.57625
130	85	8.07635
130	90	7.9018
130	92	9.12213
130	101	7.91968
130	102	1.46449
130	108	2.8278
130	114	7.48724
130	128	3.42621
130	132	3.40973
130	135	9.60265
130	141	6.67047
130	154	12.1244
130	180	8.89418
130	183	9.17963
130	196	8.8252
130	200	9.81324
131	4	4.47078
131	25	4.38574
131	69	5.88352
131	72	5.60611
131	78	5.15264
131	79	6.31752
131	81	7.64017
131	90	5.51549
131	100	6.56789
131	122	6.07521
131	125	6.15446
131	143	6.5328
131	157	6.87647
131	158	6.72434
131	159	6.898
131	160	9.09845
131	178	8.53816
131	180	8.54093
131	181	8.01907
131	182	7.6695
131	187	8.43589
131	192	9.00248
131	194	8.95246
131	196	8.82939
131	198	8.0254
131	200	8.91418
132	6	12.2396
132	7	5.77716
132	14	5.52464
132	18	3.33386
132	28	6.1188
132	63	6.18067
132	70	6.28909
132	71	6.31704
132	74	6.74063
132	106	6.36104
132	141	7.07009
132	154	12.912
132	159	8.83545
132	165	8.24892
132	167	8.24764
132	173	8.42385
132	175	8.99919
132	176	12.6304
132	177	8.88892
132	183	8.8582
132	184	9.16551
132	188	9.16945
132	193	9.29793
132	196	9.61275
132	198	12.6809
132	200	10.6008
133	5	5.605
133	10	6.32912
133	16	5.6262
133	18	5.69515
133	21	6.44111
133	35	3.28354
133	48	6.49421
133	51	7.19619
133	68	5.96015
133	72	7.25299
133	85	2.3298
133	93	7.78558
133	100	7.03571
133	118	6.99542
133	119	7.71187
133	136	8.03079
133	140	8.50981
133	145	9.93391
133	149	7.8756
133	150	8.86891
133	152	8.01303
133	153	9.01825
133	177	8.78387
133	179	13.1755
133	192	10.3598
133	194	11.0848
134	2	5.05799
134	24	4.211
134	43	6.05043
134	44	4.68423
134	56	4.87951
134	75	8.52353
134	99	5.77437
134	111	5.77826
134	139	5.95282
134	142	6.40989
134	154	6.19495
134	162	7.21031
134	164	7.23331
134	168	7.1613
134	170	8.72446
134	172	7.90712
134	174	7.23916
134	176	7.49869
134	179	7.89249
134	182	13.5776
134	189	8.15876
134	190	8.30723
134	191	8.73801
134	195	9.01339
134	197	8.8393
134	199	8.7083
135	9	2.83286
135	19	6.6337
135	20	8.51646
135	31	9.59472
135	35	7.49694
135	44	6.90485
135	46	5.93318
135	50	1.84772
135	51	0.000480724
135	55	8.47424
135	62	6.72597
135	64	10.4442
135	67	7.80641
135	77	4.10463
135	87	10.2453
135	90	8.02361
135	101	7.64842
135	105	8.37985
135	114	7.21598
135	126	7.02353
135	140	3.76147
135	145	0.000873231
135	166	12.7249
135	176	11.9646
135	179	11.469
135	191	10.0423
136	12	6.50395
136	21	6.63461
136	40	0.606659
136	48	6.68771
136	51	7.38969
136	53	7.16756
136	72	7.44649
136	75	5.70534
136	118	7.18892
136	119	7.90537
136	130	1.62062
136	132	4.15349
136	133	7.72239
136	139	11.7076
136	140	8.70332
136	145	10.1274
136	149	8.0691
136	150	9.06241
136	152	8.20653
136	153	9.21175
136	157	9.64574
136	170	5.90627
136	178	8.44453
136	182	10.7594
136	190	11.5904
136	192	9.27535
137	50	6.44073
137	73	6.54092
137	76	6.54482
137	77	6.72632
137	81	6.55112
137	89	6.73077
137	95	7.50946
137	97	6.6231
137	98	6.7216
137	123	7.0396
137	126	6.76895
137	136	4.13331
137	141	7.66619
137	146	7.28177
137	151	7.57431
137	155	8.265
137	160	7.84138
137	163	8.35683
137	170	8.58589
137	171	8.22636
137	172	10.179
137	182	11.0114
137	185	10.5803
137	195	10.5867
137	200	10.809
138	7	4.13697
138	26	5.34788
138	33	7.57491
138	36	8.16022
138	38	7.67261
138	40	7.28581
138	50	2.42291
138	54	6.87894
138	56	8.54942
138	58	6.90531
138	61	7.65336
138	82	3.40766
138	96	7.13238
138	108	7.50434
138	120	8.16909
138	124	8.89564
138	130	1.57386
138	140	4.33667
138	153	4.45485
138	160	5.73153
138	173	7.01038
138	180	9.59119
138	185	10.2816
138	189	12.2462
138	195	10.288
139	12	4.95847
139	24	3.96445
139	44	4.43768
139	107	5.18316
139	110	4.87514
139	112	6.47626
139	117	5.37584
139	121	5.73392
139	148	5.6797
139	160	9.71277
139	161	7.07265
139	162	6.96375
139	164	6.98675
139	168	6.91475
139	172	7.66056
139	174	6.9926
139	176	7.25213
139	179	7.64593
139	186	8.43048
139	189	7.9122
139	190	8.06067
139	191	8.49145
139	195	8.76684
139	197	8.59274
139	199	8.46175
140	16	5.94069
140	21	6.75559
140	25	5.89465
140	41	6.80548
140	51	7.51067
140	80	6.76836
140	91	4.56334
140	100	7.35019
140	106	5.34511
140	113	5.24707
140	116	4.22516
140	118	7.30991
140	119	8.02635
140	123	5.35258
140	125	9.03211
140	128	4.35176
140	133	7.84337
140	145	10.2484
140	149	8.19008
140	150	9.18339
140	152	8.32751
140	153	9.33273
140	174	12.5088
140	187	10.782
140	191	10.846
141	7	5.62448
141	13	5.45525
141	24	10.6131
141	32	5.22281
141	34	5.72402
141	47	10.7796
141	48	4.58559
141	54	4.22107
141	70	6.13641
141	71	6.16436
141	74	6.58795
141	83	5.80585
141	106	6.20836
141	122	9.87003
141	134	11.0546
141	160	7.3033
141	167	8.09496
141	169	8.02962
141	173	8.27117
141	175	8.84651
141	177	8.73624
141	183	8.70552
141	184	9.01284
141	188	9.01678
141	193	9.14525
142	62	5.42582
142	84	6.8326
142	86	5.01127
142	107	5.48721
142	117	5.67989
142	120	6.6824
142	139	6.01031
142	148	5.98375
142	162	7.2678
142	164	7.2908
142	166	6.66119
142	168	7.2188
142	171	9.23657
142	172	7.96461
142	174	7.29665
142	176	7.55618
142	179	7.94998
142	184	11.1757
142	186	8.73453
142	189	8.21625
142	190	8.36472
142	191	8.7955
142	195	9.07089
142	197	8.89679
142	199	8.7658
143	25	4.46626
143	26	4.83936
143	49	5.13858
143	66	5.45687
143	69	5.96405
143	88	5.48286
143	90	5.59602
143	95	6.32959
143	125	6.23498
143	144	6.16731
143	145	0.929432
143	156	7.1534
143	158	6.80487
143	159	6.97852
143	175	9.85748
143	178	8.61869
143	182	7.75002
143	185	8.45469
143	187	8.51642
143	188	10.1152
143	192	9.08301
143	194	9.03298
143	196	8.90991
143	198	8.10592
143	200	8.9947
144	4	4.31465
144	6	3.78029
144	28	7.89007
144	66	5.22022
144	69	5.72739
144	78	4.99651
144	79	6.16139
144	90	5.35937
144	102	5.79437
144	122	5.91908
144	125	5.99833
144	131	5.88073
144	156	6.91675
144	157	6.72035
144	159	6.74187
144	180	8.3848
144	181	7.86295
144	182	7.51337
144	185	8.21804
144	187	8.27976
144	192	8.84636
144	194	8.79633
144	196	8.67326
144	198	7.86927
144	200	8.75805
145	6	10.138
145	10	6.42306
145	27	3.204
145	59	6.59317
145	62	1.1307
145	69	5.29691
145	75	3.64754
145	80	6.54781
145	133	7.62282
145	134	7.47178
145	136	8.12472
145	139	9.6498
145	143	8.48204
145	148	11.9124
145	149	7.96954
145	150	8.96284
145	152	8.10696
145	153	9.11219
145	154	10.8104
145	158	9.16511
145	163	4.4546
145	171	4.94145
145	176	10.5288
145	179	10.0332
145	184	6.88063
146	3	5.98138
146	30	5.7078
146	39	6.12904
146	50	6.60479
146	60	6.56293
146	73	6.70498
146	76	6.70889
146	81	6.71518
146	82	7.00037
146	98	6.88566
146	123	7.20366
146	126	6.93301
146	131	10.6563
146	136	4.2487
146	147	6.1866
146	151	7.73837
146	155	8.42906
146	160	8.00544
146	163	8.52089
146	170	8.74995
146	172	10.2944
146	183	10.2908
146	185	10.6957
146	186	9.60161
146	200	10.9244
147	9	5.41848
147	11	5.24425
147	14	5.41616
147	59	2.89942
147	71	6.20856
147	74	6.63215
147	75	6.4315
147	83	5.85005
147	89	5.16242
147	104	10.9037
147	111	8.60801
147	128	7.2982
147	133	6.97535
147	165	8.14044
147	167	8.13916
147	168	11.3086
147	169	8.07382
147	173	8.31537
147	175	8.89071
147	177	8.78044
147	183	8.74972
147	184	9.05703
147	188	9.06097
147	193	9.18945
147	197	11.6682
148	24	3.85911
148	44	4.33234
148	47	4.58097
148	56	4.52762
148	57	4.01013
148	99	5.42247
148	111	5.42637
148	112	6.37093
148	134	5.83075
148	139	5.60092
148	154	5.84306
148	161	6.96731
148	162	6.85841
148	164	6.88141
148	166	6.2518
148	172	7.55522
148	174	6.88726
148	176	7.14679
148	179	7.54059
148	186	8.32514
148	190	7.95534
148	191	8.38611
148	195	8.6615
148	197	8.4874
148	199	8.35641
149	10	6.29006
149	12	6.27139
149	20	9.31846
149	33	0.779914
149	41	6.45194
149	42	10.9886
149	48	6.45515
149	51	7.15713
149	59	6.46018
149	72	7.21393
149	80	6.41481
149	93	6.88113
149	119	7.67281
149	132	4.33353
149	133	7.48982
149	135	2.29067
149	136	7.99173
149	139	11.8876
149	140	8.47075
149	145	9.89485
149	150	8.82985
149	152	7.97397
149	153	8.97919
149	181	9.84573
149	187	10.7803
150	5	4.78209
150	17	8.32897
150	18	6.01891
150	26	5.65622
150	41	6.81476
150	42	11.0701
150	48	6.81797
150	51	7.51994
150	59	6.82299
150	72	7.57675
150	77	4.98817
150	80	6.77763
150	83	5.49485
150	100	7.35946
150	118	7.31918
150	126	7.90706
150	136	8.35454
150	138	3.67538
150	145	10.2577
150	149	8.19936
150	151	6.17222
150	152	8.33678
150	153	9.34201
150	163	6.77397
150	190	11.852
151	39	6.17943
151	60	6.61333
151	68	6.28863
151	73	6.75538
151	77	6.94078
151	81	6.76558
151	84	6.35219
151	92	1.14184
151	98	6.93606
151	115	7.39042
151	123	7.25406
151	126	6.98341
151	132	4.85783
151	137	6.94831
151	146	7.49623
151	155	8.47946
151	160	8.05584
151	165	8.89439
151	166	14.0512
151	170	8.80035
151	171	8.44082
151	177	8.40372
151	179	12.7953
151	196	10.2733
151	199	10.8579
152	8	3.60755
152	10	6.32555
152	12	6.30688
152	18	5.69158
152	21	6.43754
152	30	4.7887
152	39	5.24549
152	50	3.73673
152	51	7.19261
152	53	6.97049
152	59	6.49566
152	69	8.62177
152	72	7.24942
152	80	6.4503
152	95	4.50615
152	118	6.99185
152	119	7.7083
152	129	4.40802
152	136	8.02721
152	140	8.50624
152	145	9.93033
152	149	7.87203
152	153	9.01468
152	170	7.17333
152	173	8.3242
153	12	6.63989
153	16	5.95564
153	18	6.02459
153	34	5.77929
153	36	0.659865
153	41	6.82044
153	53	7.3035
153	59	6.82868
153	72	7.58243
153	80	6.78331
153	95	3.38979
153	99	6.9823
153	100	7.36515
153	125	9.00102
153	133	7.85832
153	136	8.36023
153	144	11.4167
153	147	5.96994
153	149	8.20504
153	150	9.19835
153	151	6.06134
153	152	8.34247
153	189	12.4437
153	191	10.8149
153	193	9.90869
154	24	3.92104
154	37	4.8329
154	56	4.58955
154	94	5.55695
154	107	5.13976
154	110	4.83174
154	117	5.33244
154	121	5.69052
154	134	5.89269
154	142	6.11993
154	161	7.02925
154	164	6.94335
154	166	6.31373
154	168	6.87134
154	172	7.61716
154	174	6.94919
154	176	7.20873
154	179	7.60253
154	186	8.38708
154	189	7.86879
154	190	8.01727
154	191	8.44805
154	195	8.72343
154	197	8.54934
154	199	8.41834
155	3	6.24546
155	16	5.47168
155	30	5.97187
155	39	6.39311
155	46	3.42007
155	48	4.1104
155	50	6.86886
155	60	6.82701
155	68	6.50231
155	69	8.40453
155	73	6.96906
155	81	6.97926
155	89	7.15891
155	95	7.93759
155	97	7.05124
155	105	4.53558
155	123	7.46773
155	126	7.19709
155	160	8.26952
155	162	11.5232
155	163	8.78497
155	171	8.65449
155	173	8.10696
155	179	13.1408
155	189	13.3428
156	2	7.46743
156	28	6.06878
156	70	7.47817
156	71	5.85694
156	86	4.53878
156	88	5.61313
156	90	5.72629
156	104	5.72748
156	122	6.286
156	143	6.7436
156	144	6.29757
156	157	7.08727
156	159	7.10879
156	178	8.74896
156	179	13.8558
156	180	8.75172
156	181	8.22986
156	182	7.88029
156	185	8.58496
156	187	8.64668
156	192	9.21328
156	194	9.16325
156	196	9.04018
156	198	8.23619
156	200	9.12497
157	4	4.57092
157	20	4.23725
157	22	4.50911
157	26	4.85898
157	40	2.96398
157	63	5.84663
157	90	5.61564
157	104	5.61683
157	131	6.13701
157	143	6.63295
157	158	6.82449
157	159	6.99815
157	177	10.0567
157	178	8.63831
157	180	8.64108
157	181	8.11922
157	182	7.76965
157	185	8.47431
157	187	8.53604
157	192	9.10263
157	194	9.05261
157	196	8.92953
157	198	8.12554
157	199	12.5109
157	200	9.01432
158	4	4.47678
158	6	3.94242
158	25	4.39174
158	49	5.06406
158	78	5.15864
158	79	6.32352
158	125	6.16046
158	131	6.04286
158	137	7.81425
158	156	7.07888
158	157	6.88248
158	159	6.904
158	167	11.0491
158	171	10.1474
158	178	8.54416
158	180	8.54693
158	181	8.02507
158	182	7.6755
158	185	8.38017
158	187	8.44189
158	192	9.00849
158	194	8.95846
158	196	8.83539
158	198	8.0314
158	200	8.92018
159	27	7.19548
159	49	5.18318
159	66	5.50147
159	69	6.00865
159	84	6.52896
159	88	5.52747
159	93	5.98239
159	128	6.10366
159	131	6.16199
159	144	6.21191
159	156	7.19801
159	158	6.84947
159	177	9.63306
159	178	8.66329
159	180	8.66606
159	181	8.1442
159	182	7.79463
159	185	8.49929
159	187	8.56102
159	192	9.12761
159	194	9.07759
159	196	8.95451
159	197	12.9105
159	198	8.15052
159	200	9.0393
160	39	6.16956
160	50	6.64531
160	60	6.60345
160	66	7.80864
160	76	6.74941
160	80	4.28545
160	81	6.75571
160	84	6.34231
160	89	6.93535
160	95	7.71404
160	97	6.82769
160	98	6.92618
160	99	7.37784
160	103	5.01862
160	108	4.1178
160	115	7.38054
160	126	6.97354
160	151	7.7789
160	155	8.46959
160	163	8.56141
160	170	8.79048
160	171	8.43094
160	172	10.4732
160	180	10.1842
160	200	11.1032
161	32	8.73594
161	47	5.13886
161	56	5.08551
161	57	4.56802
161	58	4.6994
161	88	12.6157
161	94	6.05291
161	99	5.98036
161	121	6.18648
161	134	6.38865
161	142	6.61589
161	154	6.40095
161	164	7.43931
161	166	6.80969
161	168	7.3673
161	169	9.88835
161	176	7.70469
161	179	8.09849
161	186	8.88304
161	189	8.36475
161	190	8.51323
161	191	8.94401
161	195	9.21939
161	197	9.0453
161	199	8.9143
162	8	4.88584
162	17	4.64458
162	57	4.49614
162	61	2.56738
162	62	5.73384
162	111	5.91238
162	112	6.85694
162	129	5.68631
162	139	6.08694
162	148	6.06038
162	154	6.32907
162	160	8.32364
162	161	7.45333
162	168	7.29542
162	172	8.04124
162	174	7.37328
162	176	7.63281
162	179	8.02661
162	186	8.81116
162	189	8.29288
162	190	8.44135
162	191	8.87213
162	195	9.14751
162	197	8.97342
162	199	8.84242
163	29	3.77856
163	39	6.33392
163	50	6.80967
163	56	9.43701
163	73	6.90986
163	76	6.91377
163	82	7.20525
163	83	6.0741
163	84	6.50667
163	89	7.09971
163	95	7.8784
163	100	4.08856
163	115	7.5449
163	126	7.13789
163	132	4.99431
163	137	7.10279
163	146	7.65071
163	149	5.46021
163	155	8.63394
163	159	9.63249
163	162	11.3142
163	165	9.03087
163	170	8.95483
163	171	8.5953
163	198	13.4779
164	17	4.65842
164	37	5.27081
164	94	5.99486
164	96	6.10582
164	101	5.90592
164	107	5.57767
164	112	6.87077
164	121	6.12843
164	134	6.3306
164	151	8.1979
164	161	7.46716
164	162	7.35826
164	166	6.75165
164	167	10.1882
164	168	7.30926
164	170	8.19354
164	174	7.38711
164	176	7.64664
164	186	8.82499
164	189	8.30671
164	190	8.45518
164	191	8.88596
164	195	9.16135
164	197	8.98725
164	199	8.85626
165	9	5.56488
165	15	5.44705
165	23	5.67819
165	27	5.81146
165	28	6.15671
165	34	5.91461
165	38	1.04272
165	74	6.77854
165	83	5.99644
165	109	6.68018
165	114	5.93203
165	119	5.7022
165	121	11.3439
165	147	7.37872
165	167	8.28555
165	169	8.22021
165	170	7.3776
165	173	8.46177
165	175	9.0371
165	177	8.92683
165	184	9.20343
165	188	9.20737
165	189	13.7643
165	193	9.33584
165	199	11.6249
166	2	4.81478
166	17	4.26725
166	37	4.87965
166	57	4.11881
166	107	5.18651
166	112	6.47961
166	121	5.73727
166	139	5.70961
166	142	6.16668
166	148	5.68305
166	161	7.076
166	162	6.9671
166	164	6.9901
166	168	6.91809
166	172	7.66391
166	174	6.99595
166	176	7.25548
166	179	7.64928
166	186	8.43383
166	189	7.91555
166	190	8.06402
166	191	8.4948
166	195	8.77018
166	197	8.59609
166	199	8.46509
167	9	5.52684
167	14	5.52451
167	15	5.40901
167	23	5.64016
167	28	6.11867
167	45	5.80715
167	51	1.30691
167	56	9.9025
167	63	6.18055
167	71	6.31691
167	87	0.00138808
167	127	4.73481
167	128	7.40656
167	136	5.18766
167	141	7.06996
167	152	8.5032
167	165	8.2488
167	169	8.18218
167	173	8.42373
167	175	8.99907
167	176	13.8929
167	183	8.85808
167	184	9.16539
167	188	9.16933
167	193	9.2978
168	2	5.07252
168	47	4.94739
168	57	4.37655
168	110	5.13623
168	111	5.79279
168	117	5.63693
168	121	5.99501
168	134	6.19718
168	142	6.42442
168	144	13.8802
168	148	5.94079
168	154	6.20948
168	162	7.22484
168	164	7.24784
168	166	6.61822
168	172	7.92165
168	175	9.38121
168	176	7.51322
168	186	8.69157
168	189	8.17329
168	190	8.32176
168	191	8.75254
168	195	9.02792
168	197	8.85383
168	199	8.72283
169	11	5.32653
169	14	5.49844
169	19	3.56726
169	43	5.86244
169	70	6.26289
169	71	6.29084
169	83	5.93233
169	98	7.76864
169	106	6.33485
169	109	6.61607
169	114	5.675
169	116	5.25767
169	128	7.38049
169	141	7.04389
169	162	11.6877
169	165	8.22273
169	167	8.22144
169	175	8.973
169	177	8.86272
169	183	8.83201
169	184	9.13932
169	186	10.4486
169	188	9.14326
169	193	9.27173
169	198	13.8514
170	3	6.1964
170	5	5.859
170	11	5.62345
170	23	4.88481
170	24	9.6149
170	30	5.92282
170	37	8.39714
170	39	6.34405
170	60	6.77795
170	77	7.1054
170	81	6.9302
170	84	6.51681
170	89	7.10985
170	92	0.964352
170	98	7.10067
170	104	10.7391
170	126	7.14803
170	137	7.11293
170	146	7.66085
170	160	8.22046
170	161	9.99403
170	163	8.73591
170	171	8.60543
170	186	9.7611
170	194	10.5271
171	5	5.72628
171	30	5.7901
171	33	1.54185
171	39	6.21133
171	60	6.64523
171	68	6.32053
171	73	6.78728
171	77	6.97268
171	89	6.97713
171	94	6.70657
171	95	7.75581
171	97	6.86946
171	102	3.15023
171	112	6.95007
171	115	7.42231
171	137	6.98021
171	151	7.82067
171	154	13.8102
171	155	8.51136
171	160	8.08774
171	163	8.60319
171	170	8.83225
171	172	10.869
171	184	9.88041
171	193	10.7
172	17	4.81105
172	24	4.51159
172	36	2.67479
172	47	5.23345
172	94	6.14749
172	103	6.638
172	107	5.7303
172	110	5.42228
172	111	6.07885
172	117	5.92298
172	121	6.28106
172	134	6.48323
172	148	6.22684
172	162	7.51089
172	166	6.90428
172	174	7.53974
172	179	8.19307
172	181	11.8313
172	186	8.97762
172	188	9.19031
172	189	8.45934
172	191	9.03859
172	195	9.31398
172	197	9.13988
172	199	9.00889
173	6	13.051
173	7	5.73723
173	11	5.3128
173	28	6.07887
173	34	5.83677
173	52	3.35854
173	57	11.7141
173	74	6.70071
173	75	6.50006
173	102	3.06352
173	109	6.60234
173	132	7.1641
173	141	7.03016
173	147	7.30088
173	156	9.33035
173	160	6.63356
173	167	8.20771
173	169	8.14238
173	175	8.95927
173	177	8.84899
173	181	10.521
173	183	8.81828
173	184	9.12559
173	188	9.12953
173	193	9.258
174	44	4.60144
174	56	4.79672
174	99	5.69157
174	110	5.03891
174	112	6.64003
174	117	5.5396
174	121	5.89768
174	139	5.87002
174	142	6.3271
174	148	5.84346
174	152	10.4347
174	154	6.11216
174	161	7.23641
174	162	7.12751
174	164	7.15051
174	166	6.5209
174	176	7.4159
174	179	7.80969
174	186	8.59424
174	189	8.07596
174	190	8.22444
174	191	8.65522
174	195	8.9306
174	197	8.75651
174	199	8.62551
175	13	5.7496
175	14	5.66631
175	28	6.26047
175	32	5.51716
175	34	6.01837
175	45	5.94895
175	51	0.71509
175	103	5.18687
175	104	10.9267
175	109	6.78394
175	127	4.14299
175	128	7.54836
175	141	7.21176
175	146	5.71293
175	167	8.38931
175	169	8.32397
175	171	7.71373
175	173	8.56553
175	174	13.0415
175	177	9.03059
175	183	8.99987
175	184	9.30719
175	188	9.31113
175	193	9.4396
175	196	10.2835
176	56	4.87553
176	75	8.91131
176	80	6.94518
176	94	5.84292
176	99	5.77038
176	111	5.77428
176	112	6.71884
176	117	5.61841
176	134	6.17866
176	139	5.94883
176	142	6.40591
176	148	5.92227
176	154	6.19097
176	162	7.20632
176	164	7.22932
176	166	6.59971
176	168	7.15732
176	172	7.90314
176	174	7.23517
176	179	7.8885
176	186	8.67305
176	189	8.15477
176	191	8.73403
176	195	9.00941
176	197	8.83531
177	3	4.88898
177	14	5.58752
177	17	9.09958
177	23	5.70316
177	26	6.42683
177	32	5.43837
177	34	5.93957
177	36	1.54135
177	63	6.24355
177	70	6.35197
177	74	6.80351
177	75	6.60286
177	109	6.70514
177	128	7.46956
177	132	7.2669
177	141	7.13297
177	142	9.88559
177	152	8.22908
177	157	10.6779
177	165	8.3118
177	168	11.6493
177	173	8.48673
177	175	9.06207
177	184	9.22839
177	193	9.36081
178	6	4.37357
178	58	3.75819
178	76	5.46865
178	79	6.75468
178	93	6.29442
178	104	5.95384
178	122	6.51237
178	131	6.47402
178	132	5.42625
178	139	12.9804
178	143	6.96996
178	151	7.1834
178	156	7.51004
178	158	7.1615
178	159	7.33516
178	171	8.27201
178	174	13.5998
178	180	8.97809
178	185	8.81133
178	187	8.87305
178	192	9.43964
178	194	9.38962
178	196	9.26655
178	198	8.46256
178	200	9.35134
179	17	4.61668
179	37	5.22908
179	44	4.79045
179	56	4.98573
179	99	5.88059
179	101	6.40908
179	107	5.53594
179	110	5.22792
179	117	5.72862
179	129	5.93139
179	134	6.28887
179	142	6.51611
179	148	6.03248
179	164	7.33953
179	166	6.70991
179	168	7.26752
179	174	7.34538
179	186	8.78326
179	189	8.26498
179	190	8.41345
179	191	8.84423
179	195	9.11961
179	196	12.3594
179	197	8.94552
179	199	8.81452
180	20	4.5727
180	22	4.84456
180	33	2.31757
180	54	4.41376
180	84	6.31298
180	88	5.83794
180	93	6.29287
180	96	5.53625
180	111	9.63426
180	122	6.51081
180	125	6.59006
180	147	7.53694
180	156	7.50848
180	158	7.15995
180	159	7.3336
180	175	8.48468
180	181	8.45467
180	182	8.1051
180	185	8.80977
180	187	8.87149
180	192	9.43809
180	194	9.38806
180	196	9.26499
180	198	8.461
180	200	9.34978
181	42	4.78204
181	66	5.5575
181	69	6.06467
181	78	5.33379
181	104	5.69783
181	122	6.25636
181	125	6.33561
181	131	6.21801
181	156	7.25403
181	157	7.05762
181	158	6.90549
181	159	7.07915
181	172	11.706
181	177	9.47833
181	178	8.71931
181	180	8.72208
181	182	7.85065
181	185	8.55532
181	187	8.61704
181	190	13.3694
181	192	9.18363
181	194	9.13361
181	196	9.01054
181	198	8.20655
181	200	9.09533
182	25	4.42288
182	49	5.0952
182	79	6.35466
182	88	5.43948
182	93	5.8944
182	104	5.55382
182	122	6.11235
182	125	6.1916
182	143	6.56995
182	144	6.12392
182	156	7.11002
182	157	6.91361
182	158	6.76148
182	159	6.93514
182	168	12.8733
182	174	14.5832
182	178	8.5753
182	180	8.57807
182	185	8.41131
182	187	8.47303
182	192	9.03962
182	194	8.9896
182	196	8.86653
182	198	8.06254
182	200	8.95132
183	7	5.75589
183	13	5.58667
183	14	5.50337
183	15	5.38787
183	21	4.78679
183	28	6.09754
183	45	5.78601
183	54	4.47148
183	60	5.70836
183	74	6.71937
183	92	2.21291
183	109	6.621
183	113	6.84069
183	128	7.38542
183	132	7.18276
183	147	7.31954
183	152	8.9723
183	162	12.2488
183	169	8.16104
183	173	8.40259
183	175	8.97793
183	177	8.86766
183	184	9.14425
183	188	9.14819
183	193	9.27667
184	9	5.61701
184	11	5.44277
184	13	5.69797
184	32	5.46553
184	38	0.989521
184	45	5.89732
184	59	3.6261
184	63	6.27071
184	79	7.27081
184	86	4.19207
184	106	6.45109
184	109	6.73231
184	132	7.29407
184	135	3.52876
184	141	7.16013
184	147	7.43085
184	159	10.2098
184	165	8.33897
184	167	8.33768
184	173	8.5139
184	177	8.97896
184	183	8.94824
184	188	9.2595
184	193	9.38797
184	194	11.4184
185	4	4.78787
185	8	4.32579
185	42	4.91798
185	49	5.37515
185	79	6.63461
185	88	5.71943
185	92	2.4228
185	93	6.17435
185	122	6.3923
185	123	7.1561
185	125	6.47155
185	156	7.38997
185	157	7.19356
185	164	11.8699
185	173	9.04244
185	178	8.85525
185	180	8.85802
185	181	8.33616
185	182	7.98659
185	187	8.75298
185	192	9.31957
185	194	9.26955
185	196	9.14648
185	198	8.34249
185	200	9.23127
186	17	4.87434
186	21	4.51996
186	25	7.22144
186	44	5.04811
186	57	4.7259
186	99	6.13825
186	109	7.59194
186	110	5.48558
186	121	6.34436
186	134	6.54653
186	136	5.38993
186	148	6.29014
186	154	6.55883
186	161	7.68309
186	164	7.59719
186	166	6.96757
186	172	8.271
186	176	7.86257
186	179	8.25637
186	182	12.268
186	190	8.67111
186	191	9.10189
186	195	9.37727
186	197	9.20318
186	199	9.07218
187	4	4.78387
187	20	4.4502
187	42	4.91398
187	49	5.37115
187	70	7.73568
187	78	5.46573
187	89	6.49332
187	90	5.82859
187	93	6.17036
187	131	6.34995
187	136	5.90369
187	137	6.68845
187	144	6.39987
187	156	7.38597
187	157	7.18957
187	158	7.03744
187	159	7.21109
187	173	9.07948
187	178	8.85126
187	180	8.85402
187	182	7.98259
187	185	8.68726
187	194	9.26555
187	196	9.14248
187	200	9.22727
188	7	5.8331
188	11	5.40867
188	14	5.58058
188	15	5.46508
188	23	5.69622
188	41	3.13758
188	45	5.86322
188	74	6.79657
188	83	6.01447
188	106	6.41699
188	141	7.12603
188	143	11.2361
188	154	13.5645
188	155	7.56774
188	167	8.30358
188	169	8.23824
188	170	6.60251
188	173	8.4798
188	175	9.05514
188	177	8.94486
188	183	8.91415
188	186	9.93049
188	192	9.97159
188	193	9.35387
188	195	11.031
189	2	5.19324
189	37	5.25811
189	44	4.81949
189	80	6.49512
189	91	7.13746
189	94	5.98217
189	99	5.90962
189	107	5.56497
189	110	5.25696
189	111	5.91352
189	134	6.3179
189	137	7.42202
189	139	6.08807
189	142	6.54515
189	161	7.45446
189	164	7.36856
189	166	6.73895
189	168	7.29656
189	174	7.37441
189	179	8.02774
189	190	8.44249
189	191	8.87327
189	195	9.14865
189	197	8.97455
189	199	8.84356
190	2	5.23495
190	14	3.69048
190	22	11.5921
190	37	5.29982
190	47	5.10983
190	56	5.05648
190	60	6.31072
190	107	5.60668
190	110	5.29866
190	117	5.79936
190	121	6.15744
190	138	5.79156
190	139	6.12978
190	148	6.10322
190	162	7.38727
190	166	6.78066
190	172	8.08408
190	174	7.41612
190	179	8.06945
190	186	8.854
190	189	8.33572
190	191	8.91497
190	195	9.19036
190	197	9.01626
190	199	8.88527
191	2	5.39886
191	37	5.46373
191	56	5.22039
191	57	4.7029
191	63	5.4922
191	94	6.18778
191	97	6.61524
191	111	6.11914
191	112	7.0637
191	114	6.46359
191	117	5.96327
191	121	6.32135
191	137	6.669
191	142	6.75077
191	164	7.57418
191	166	6.94457
191	172	8.24799
191	174	7.58003
191	176	7.83956
191	179	8.23336
191	184	10.9413
191	186	9.01791
191	190	8.64811
191	197	9.18017
191	199	9.04918
192	4	4.93476
192	6	4.40039
192	16	5.83889
192	42	5.06487
192	59	3.62501
192	66	5.84033
192	69	6.3475
192	80	5.15624
192	88	5.86632
192	125	6.61844
192	143	6.99679
192	157	7.34045
192	159	7.36198
192	165	9.60707
192	173	8.47417
192	175	8.18402
192	178	9.00214
192	181	8.48305
192	182	8.13348
192	185	8.83815
192	187	8.89987
192	194	9.41644
192	195	11.7517
192	198	8.48938
192	200	9.37816
193	15	5.44316
193	16	6.00883
193	23	5.67431
193	28	6.15283
193	32	5.40952
193	43	5.92266
193	44	9.11377
193	65	2.62807
193	70	6.32312
193	71	6.35106
193	74	6.77466
193	83	5.99256
193	106	6.39507
193	124	3.85766
193	132	7.23805
193	141	7.10412
193	142	10.4404
193	147	7.37484
193	155	8.45847
193	167	8.28167
193	173	8.45788
193	177	8.92295
193	178	10.0315
193	183	8.89223
193	188	9.20348
194	6	4.38173
194	28	5.97582
194	46	4.04213
194	65	2.71298
194	69	6.32884
194	78	5.59796
194	88	5.84766
194	90	5.96081
194	93	6.30258
194	96	5.49043
194	125	6.59977
194	143	6.97812
194	144	6.5321
194	150	6.40945
194	157	7.32179
194	166	15.0187
194	175	8.43886
194	180	8.98625
194	181	8.46439
194	182	8.11482
194	185	8.81948
194	192	9.4478
194	196	9.27471
194	198	8.47071
194	200	9.3595
195	17	4.89453
195	24	4.59507
195	47	5.31693
195	56	5.26358
195	67	1.81523
195	99	6.15843
195	110	5.50577
195	120	6.20661
195	124	4.03222
195	134	6.56671
195	142	6.79396
195	154	6.57902
195	157	11.4073
195	161	7.70327
195	164	7.61737
195	166	6.98776
195	172	8.29119
195	174	7.62322
195	176	7.88275
195	183	11.6849
195	184	10.7
195	189	8.54282
195	190	8.6913
195	191	9.12208
195	199	9.09237
196	42	4.96462
196	55	2.60613
196	61	1.52062
196	78	5.51637
196	79	6.68126
196	83	6.73186
196	88	5.76607
196	103	5.97096
196	143	6.89654
196	144	6.45051
196	156	7.43661
196	157	7.24021
196	159	7.26173
196	168	12.1157
196	178	8.9019
196	180	8.90466
196	181	8.38281
196	182	8.03323
196	185	8.7379
196	187	8.79962
196	192	9.36622
196	194	9.31619
196	197	12.4754
196	198	8.38913
196	200	9.27791
197	14	3.34312
197	24	4.47504
197	37	5.38689
197	47	5.1969
197	57	4.62606
197	94	6.11095
197	99	6.0384
197	100	5.27814
197	107	5.69375
197	110	5.38574
197	117	5.88644
197	121	6.24451
197	139	6.21685
197	142	6.67393
197	148	6.19029
197	161	7.58325
197	164	7.49734
197	174	7.50319
197	176	7.76273
197	179	8.15652
197	184	10.9688
197	186	8.94107
197	189	8.42279
197	190	8.57127
197	199	8.97234
198	4	4.4489
198	20	4.11523
198	26	4.73696
198	66	5.35447
198	69	5.86165
198	79	6.29565
198	88	5.38047
198	104	5.49481
198	122	6.05333
198	143	6.51093
198	144	6.06491
198	156	7.05101
198	157	6.8546
198	158	6.70247
198	159	6.87613
198	178	8.51629
198	180	8.51906
198	181	7.9972
198	182	7.64763
198	185	8.35229
198	187	8.41402
198	192	8.98061
198	194	8.93059
198	196	8.80751
198	200	8.8923
199	17	4.71529
199	24	4.41583
199	112	6.92765
199	124	3.93227
199	134	6.38747
199	139	6.15764
199	142	6.61472
199	148	6.13108
199	154	6.39978
199	162	7.41513
199	164	7.43813
199	166	6.80852
199	168	7.36613
199	172	8.11195
199	174	7.44398
199	176	7.70351
199	179	8.09731
199	181	11.3273
199	186	8.88186
199	188	8.68626
199	189	8.36358
199	190	8.51206
199	193	11.4196
199	195	9.21822
199	197	9.04412
200	22	4.72902
200	26	5.07889
200	32	8.30294
200	42	4.92094
200	49	5.37811
200	66	5.6964
200	88	5.7224
200	90	5.83555
200	122	6.39526
200	131	6.35692
200	146	6.77941
200	156	7.39293
200	157	7.19653
200	159	7.21806
200	160	7.55926
200	171	8.78021
200	175	8.54795
200	178	8.85822
200	180	8.86099
200	181	8.33913
200	187	8.75595
200	192	9.32254
200	194	9.27252
200	196	9.14944
200	198	8.34545
