in-degree distribution (probability density function of the degree in logarithmic bins) 
15.2121	0.0859745
17.8857	0.0808418
20.625	0.0327642
22.8	0.0544645
26	0.0370196
28.8333	0.0171237
32.5	0.0151813
36.3636	0.0123377
42.5385	0.012927
47.1333	0.0132238

in-degree distribution (degree-occurrences) 
15	0.13
16	0.035
17	0.065
18	0.065
19	0.045
20	0.03
21	0.05
22	0.06
23	0.06
24	0.03
25	0.03
26	0.055
27	0.03
28	0.025
29	0.02
30	0.015
31	0.015
32	0.01
33	0.025
34	0.01
35	0.015
36	0.01
37	0.025
38	0.005
40	0.01
41	0.01
42	0.005
43	0.015
44	0.025
45	0.02
46	0.01
47	0.015
48	0.01
49	0.01
50	0.01


--------------------------------------
out-degree distribution (probability density function of the degree in logarithmic bins) 
25	3.25719
26	6.65531

out-degree distribution (degree-occurrences) 
25	0.32
26	0.68


--------------------------------------
community distribution (size-occurrences)
20	0.142857
21	0.142857
23	0.142857
28	0.142857
35	0.142857
36	0.142857
37	0.142857


--------------------------------------
mixing parameter (in-links)
0.25	0.005
0.26087	0.005
0.263158	0.02
0.267094	0.06
0.272727	0.01
0.27746	0.04
0.280522	0.025
0.285714	0.08
0.290665	0.055
0.294191	0.085
0.29844	0.135
0.302829	0.035
0.30579	0.125
0.312025	0.06
0.315789	0.03
0.31834	0.08
0.322242	0.02
0.333333	0.13

--------------------------------------
mixing parameter (out-links)
0	0.02
0.04	0.005
0.0791209	0.035
0.118269	0.04
0.156308	0.075
0.192308	0.05
0.2	0.04
0.234872	0.045
0.275513	0.12
0.310154	0.175
0.346154	0.105
0.379433	0.095
0.421538	0.075
0.44	0.015
0.461538	0.045
0.5	0.025
0.538462	0.005
0.568462	0.01
0.615385	0.01
0.646923	0.01

--------------------------------------
mixing parameter (weights)
0.299364	0.005
0.299609	0.01
0.299766	0.035
0.299942	0.39
0.30005	0.415
0.300197	0.1
0.300351	0.015
0.300515	0.015
0.30066	0.01
0.302489	0.005

--------------------------------------
internal weights (weight-occurrences)
3.46139	0.00167038
3.88941	0.00528953
4.26081	0.00946548
4.60178	0.0186526
5.01382	0.0256125
5.4022	0.0501114
5.76812	0.0687639
6.1666	0.0798998
6.54188	0.0846325
6.92362	0.115535
7.2947	0.0971604
7.69103	0.0782294
8.07808	0.096882
8.46402	0.10078
8.8475	0.0988307
9.19317	0.0448218
9.57204	0.0111359
9.9627	0.00835189
10.288	0.00278396
10.7472	0.00139198

--------------------------------------
external weights (weight-occurrences)
0.17597	0.0259067
1.13889	0.0213731
1.83247	0.0272021
2.65397	0.0466321
3.39752	0.0563472
4.14901	0.0654145
4.8696	0.0602332
5.64326	0.0783679
6.41112	0.0654145
7.13303	0.0621762
7.85925	0.0647668
8.63903	0.0809585
9.36081	0.0764249
10.1268	0.0809585
10.8681	0.0705959
11.6205	0.0446891
12.3823	0.0330311
13.1369	0.0200777
13.8503	0.013601
14.5596	0.00582902
