in-degree distribution (probability density function of the degree in logarithmic bins) 
15.6897	0.0755534
18.125	0.0923906
20.4762	0.0430031
22.9583	0.0435716
26	0.0289719
28.75	0.0228316
31.5833	0.0151813
37.2353	0.0190673
41.3636	0.0109382
47.5833	0.010579

in-degree distribution (degree-occurrences) 
15	0.045
16	0.1
17	0.065
18	0.045
19	0.09
20	0.055
21	0.05
22	0.03
23	0.065
24	0.025
25	0.035
26	0.02
27	0.035
28	0.035
29	0.03
30	0.015
31	0.035
32	0.02
34	0.005
35	0.01
36	0.02
37	0.02
38	0.01
39	0.025
40	0.01
41	0.02
42	0.02
43	0.005
45	0.01
46	0.005
47	0.015
48	0.005
49	0.02
50	0.005


--------------------------------------
out-degree distribution (probability density function of the degree in logarithmic bins) 
25	3.71523
26	6.21488

out-degree distribution (degree-occurrences) 
25	0.365
26	0.635


--------------------------------------
community distribution (size-occurrences)
18	0.166667
23	0.166667
26	0.166667
34	0.166667
41	0.166667
58	0.166667


--------------------------------------
mixing parameter (in-links)
0.466667	0.025
0.470588	0.025
0.473997	0.04
0.478261	0.015
0.481555	0.045
0.484882	0.035
0.488716	0.06
0.5	0.425
0.512008	0.035
0.51495	0.03
0.518825	0.055
0.521739	0.05
0.525188	0.1
0.529412	0.04
0.533333	0.02

--------------------------------------
mixing parameter (out-links)
0.269231	0.005
0.307692	0.005
0.32	0.01
0.346154	0.005
0.36	0.03
0.384615	0.015
0.4	0.035
0.423077	0.05
0.44	0.035
0.461538	0.05
0.48	0.1
0.5	0.255
0.52	0.075
0.538462	0.135
0.571579	0.095
0.607179	0.075
0.650385	0.02
0.68	0.005

--------------------------------------
mixing parameter (weights)
0.499719	0.015
0.499754	0.035
0.499789	0.02
0.499816	0.025
0.499848	0.045
0.499883	0.065
0.499915	0.075
0.499944	0.075
0.49998	0.055
0.500006	0.075
0.50004	0.105
0.500073	0.075
0.500102	0.085
0.500136	0.09
0.50017	0.045
0.500201	0.055
0.500238	0.02
0.500268	0.02
0.5003	0.015
0.500345	0.005

--------------------------------------
internal weights (weight-occurrences)
3.02364	0.00234834
3.40138	0.00195695
3.73544	0.00469667
4.13517	0.00469667
4.50629	0.00821918
4.84862	0.0144814
5.20617	0.0309198
5.56572	0.053229
5.90721	0.0637965
6.24658	0.0958904
6.61167	0.0818004
6.95371	0.0947162
7.31393	0.0990215
7.68529	0.0892368
8.03745	0.0919765
8.38902	0.0892368
8.73905	0.0688845
9.08201	0.0567515
9.43122	0.0356164
9.74008	0.0125245

--------------------------------------
external weights (weight-occurrences)
2.62701	0.00155521
3.10237	0.00194401
3.56326	0.0147745
4.02149	0.0194401
4.52544	0.037325
5.00745	0.0524883
5.45153	0.0804821
5.91831	0.0847589
6.39807	0.107309
6.86615	0.096423
7.33134	0.0913686
7.8153	0.0824261
8.29496	0.0723173
8.79246	0.0734837
9.22175	0.0711509
9.71051	0.0540435
10.171	0.0338258
10.626	0.0159409
11.0958	0.00738725
11.6345	0.00155521
