1	29	6.14379
1	40	7.93349
1	43	6.94273
1	46	5.01377
1	49	7.27791
1	70	5.2574
1	76	6.29773
1	81	3.95204
1	95	8.3437
1	103	8.12655
1	106	8.73648
1	111	4.46989
1	112	6.01114
1	128	7.0382
1	129	7.09023
1	130	6.08158
1	131	7.85936
1	135	8.18393
1	139	8.21422
1	148	8.60178
1	151	6.44104
1	188	6.37022
1	191	7.14344
1	193	9.31585
1	196	9.76043
1	198	10.1632
2	12	4.79368
2	13	7.0803
2	30	4.28656
2	54	6.93003
2	55	5.87168
2	58	6.24418
2	99	5.91938
2	102	7.95518
2	104	6.26458
2	107	4.03361
2	114	4.73947
2	117	7.59801
2	130	8.47871
2	143	7.13148
2	150	6.85724
2	161	7.65668
2	170	7.64769
2	179	6.50771
2	184	7.52878
2	185	7.02743
2	186	6.80338
2	189	7.25766
2	193	7.78415
2	194	10.5713
2	196	7.30166
2	199	8.40789
3	15	5.99161
3	21	3.9091
3	39	5.11024
3	42	6.80505
3	47	5.76348
3	51	5.94261
3	55	6.63479
3	63	4.91673
3	66	5.0218
3	68	7.24592
3	86	6.36295
3	103	4.02971
3	108	6.5946
3	121	7.33049
3	123	7.9567
3	127	6.07589
3	128	6.36277
3	153	7.27319
3	162	8.52941
3	164	7.90075
3	183	8.24702
3	188	9.35807
3	190	9.21167
3	194	8.45753
3	195	9.05802
3	198	10.6736
4	34	6.03967
4	47	6.1146
4	51	6.29373
4	82	6.66742
4	93	8.18929
4	94	4.84166
4	96	6.53556
4	107	8.42103
4	114	7.2036
4	116	8.42731
4	117	7.05378
4	131	4.67592
4	136	5.7798
4	139	5.54111
4	140	7.94305
4	150	7.35677
4	151	7.23945
4	152	7.53278
4	154	7.0729
4	164	7.38275
4	172	8.33349
4	179	9.31539
4	180	7.95634
4	182	6.85824
4	184	8.38465
4	188	9.70919
5	10	3.86333
5	20	7.36728
5	35	6.2119
5	52	6.74217
5	56	6.91874
5	60	6.77039
5	89	5.35113
5	90	6.22908
5	92	7.3512
5	98	7.55251
5	102	5.31448
5	111	4.22632
5	122	8.07762
5	130	5.838
5	142	7.58342
5	145	6.72041
5	156	8.9527
5	169	9.25797
5	171	6.89845
5	175	9.43913
5	187	7.29353
5	189	8.96751
5	195	7.82479
5	197	8.39173
5	199	8.7941
5	200	8.09385
6	37	5.45998
6	38	6.02591
6	43	3.93419
6	56	4.62712
6	70	5.69562
6	71	5.5911
6	83	6.30323
6	89	5.47549
6	105	6.96185
6	109	7.16552
6	126	6.88579
6	132	6.45392
6	144	7.5294
6	156	5.24168
6	157	7.68047
6	163	7.97923
6	176	9.57604
6	177	8.07748
6	178	9.11427
6	182	8.18717
6	183	7.73002
6	185	9.08183
6	189	9.6493
6	191	8.62692
6	198	10.6015
6	199	9.4759
7	37	6.35505
7	42	4.49578
7	54	6.84194
7	60	4.17723
7	77	7.59971
7	79	6.79492
7	84	6.53192
7	87	8.31097
7	89	7.90375
7	97	5.6235
7	120	5.27599
7	123	5.28906
7	127	7.8746
7	150	6.82993
7	161	7.56859
7	170	7.62038
7	176	6.34471
7	177	8.95398
7	178	6.89787
7	179	6.4804
7	181	7.45338
7	184	7.50148
7	185	7.00013
7	190	8.04172
7	196	7.27435
7	198	7.10746
8	1	6.22848
8	12	6.37495
8	26	5.82589
8	43	6.88459
8	52	4.04006
8	94	6.72262
8	95	8.28556
8	98	3.57189
8	103	8.06842
8	107	8.23419
8	114	7.01676
8	122	4.52037
8	128	6.98007
8	131	7.80122
8	133	7.19345
8	135	8.12579
8	148	8.54364
8	150	7.16993
8	157	6.2603
8	163	7.3465
8	164	7.1959
8	170	7.73246
8	179	9.12854
8	194	7.97961
8	198	9.96873
8	199	8.84317
9	2	6.57959
9	12	6.55791
9	26	6.00884
9	49	7.40273
9	59	5.1416
9	61	7.24796
9	62	5.01439
9	70	5.47214
9	71	5.38585
9	95	8.46852
9	103	8.25137
9	105	4.65996
9	106	8.86131
9	110	6.66201
9	119	5.4196
9	128	7.16303
9	135	8.30875
9	138	6.02083
9	139	8.33904
9	143	4.94909
9	156	5.0182
9	168	6.93637
9	174	7.49406
9	195	8.28311
9	196	9.97516
9	197	8.85004
10	3	5.18654
10	13	5.5675
10	16	5.78201
10	25	6.37249
10	34	5.54695
10	38	6.47203
10	47	5.62188
10	63	5.29073
10	79	6.30109
10	88	5.03685
10	90	7.35699
10	96	6.04284
10	112	6.89548
10	117	6.56105
10	137	9.18834
10	140	7.45033
10	153	7.13158
10	160	8.15037
10	161	8.22066
10	165	9.16194
10	167	7.85709
10	172	7.84076
10	174	8.16366
10	178	9.56039
10	190	9.58567
10	195	8.91641
11	6	4.7593
11	42	7.16378
11	43	4.36504
11	51	4.59028
11	60	7.88304
11	62	5.69975
11	64	6.16883
11	88	6.20283
11	89	5.85817
11	90	7.34172
11	101	6.91077
11	105	7.34454
11	113	6.6178
11	114	8.08033
11	125	6.93642
11	127	6.81373
11	156	5.67253
11	157	8.06315
11	171	8.01109
11	172	7.18157
11	174	8.43474
11	187	8.40618
11	191	9.0096
11	192	8.89243
11	194	9.04319
11	197	9.50438
12	8	6.27599
12	9	6.60438
12	64	4.72499
12	69	6.20525
12	72	4.54429
12	82	3.95993
12	94	6.78467
12	103	8.13046
12	104	6.22724
12	106	8.74039
12	128	7.04211
12	129	7.09414
12	131	7.86327
12	135	8.18783
12	139	8.21813
12	145	6.8374
12	146	6.58679
12	148	8.60568
12	152	7.41386
12	161	5.13297
12	173	8.21222
12	179	9.19647
12	185	8.51703
12	186	8.76226
12	189	9.0845
12	200	8.21085
13	16	5.45456
13	18	3.22471
13	36	5.08864
13	39	5.72111
13	41	5.70954
13	46	6.25484
13	48	5.39849
13	77	6.37245
13	93	4.79214
13	98	5.00747
13	113	6.27964
13	130	7.22613
13	131	5.92465
13	136	6.94717
13	150	8.6055
13	159	7.47329
13	162	9.26014
13	167	8.16499
13	168	7.80133
13	169	6.90697
13	175	7.07167
13	180	9.20507
13	185	9.88468
13	187	8.9198
13	191	8.38451
13	200	9.13857
14	28	5.1282
14	36	6.80336
14	37	5.18266
14	46	6.15042
14	49	4.24135
14	53	6.30318
14	54	5.73331
14	59	6.06352
14	61	4.94056
14	72	5.74897
14	75	6.03155
14	93	7.60721
14	111	6.25806
14	117	6.47169
14	123	8.58302
14	130	7.21823
14	137	9.09898
14	144	6.99806
14	149	6.85689
14	151	6.65737
14	161	8.1313
14	174	8.41598
14	178	9.81271
14	183	8.01605
14	188	9.1271
14	195	8.82705
15	4	6.22045
15	21	3.66553
15	50	6.46577
15	55	6.9927
15	68	7.00235
15	82	6.6742
15	86	6.72085
15	95	3.16613
15	96	6.54235
15	111	6.84693
15	117	7.06056
15	119	5.47163
15	123	7.71313
15	124	7.4309
15	138	6.07286
15	151	7.24624
15	153	7.63109
15	157	6.72157
15	161	8.72017
15	168	6.98839
15	173	8.60557
15	177	6.91171
15	181	8.39412
15	186	9.1556
15	194	8.81544
15	198	10.43
16	10	5.48077
16	13	5.57136
16	49	4.47856
16	50	7.57286
16	67	5.89453
16	86	6.08087
16	95	4.27322
16	101	6.15426
16	113	6.08984
16	126	6.17801
16	130	7.03633
16	136	6.75737
16	138	7.13985
16	140	6.96198
16	145	6.79686
16	148	6.2867
16	153	6.81406
16	154	6.73308
16	159	7.28349
16	168	7.61153
16	171	8.43861
16	176	10.5117
16	178	10.0499
16	187	8.73
16	188	7.74409
16	200	8.94877
17	7	7.0447
17	45	4.62966
17	57	7.17855
17	62	5.42744
17	64	5.89652
17	71	5.70147
17	72	5.60407
17	79	5.41909
17	104	7.28703
17	109	7.27589
17	115	6.76639
17	119	6.10489
17	123	8.37957
17	124	6.56004
17	151	7.37425
17	155	7.00508
17	157	7.79084
17	164	8.32362
17	168	7.65483
17	171	8.07523
17	174	8.16243
17	177	8.18786
17	182	8.29754
17	183	8.22501
17	191	8.73729
17	192	8.62012
18	20	7.66319
18	26	2.36353
18	31	3.49297
18	35	6.50781
18	41	4.09964
18	50	5.86746
18	56	7.21465
18	63	6.64467
18	70	4.92586
18	98	7.84842
18	100	8.1534
18	118	5.98994
18	122	8.37353
18	142	7.87933
18	144	5.52986
18	158	7.82411
18	169	9.55387
18	170	7.59543
18	175	9.73504
18	178	8.34451
18	179	8.99151
18	186	8.55729
18	187	7.20557
18	191	6.8119
18	196	9.42888
18	198	9.83169
19	6	4.59893
19	66	5.39118
19	67	4.97339
19	77	5.71801
19	83	6.52554
19	88	6.04246
19	90	6.89999
19	101	6.75039
19	126	7.10809
19	127	6.65335
19	143	7.71728
19	144	7.75171
19	149	6.14757
19	158	8.583
19	160	6.15958
19	166	7.78679
19	170	8.35431
19	172	6.73984
19	173	8.76614
19	177	8.29979
19	180	8.39134
19	182	8.40948
19	191	8.84922
19	192	8.73205
19	194	8.60146
19	196	10.1878
20	14	4.45083
20	29	6.08013
20	38	5.52403
20	52	7.21093
20	53	5.10286
20	63	6.81752
20	71	5.10745
20	72	4.6072
20	78	8.25792
20	80	4.62792
20	92	7.81996
20	99	6.19617
20	100	8.32626
20	106	3.38905
20	117	5.13721
20	139	5.48511
20	149	8.68364
20	156	9.42147
20	157	6.39114
20	169	9.72673
20	175	9.90789
20	183	7.22814
20	184	8.32864
20	189	9.14741
20	190	8.63766
20	199	8.97401
21	23	3.97984
21	45	4.1493
21	59	5.37971
21	67	4.99889
21	88	6.05566
21	90	6.9255
21	101	6.76359
21	105	7.19736
21	107	8.88154
21	112	6.46399
21	125	6.78924
21	126	7.12129
21	127	6.66655
21	135	5.05849
21	146	7.16621
21	157	7.91597
21	174	8.28756
21	177	8.31299
21	182	8.42268
21	185	9.09646
21	186	9.34168
21	191	8.86242
21	192	8.74525
21	196	10.2133
21	199	9.49052
21	200	8.79027
22	18	6.60794
22	35	5.83159
22	38	5.83069
22	56	6.53842
22	80	4.93459
22	92	6.97088
22	98	7.17219
22	100	7.47718
22	101	5.0234
22	118	6.56449
22	119	5.44787
22	122	7.6973
22	124	5.86983
22	140	5.83112
22	142	7.2031
22	149	7.83456
22	156	8.57239
22	157	6.6978
22	169	8.87765
22	170	8.16997
22	174	7.52232
22	175	9.05881
22	197	8.87831
22	198	10.4062
22	199	9.28068
22	200	8.58043
23	7	6.63683
23	10	5.0231
23	15	5.86024
23	29	6.66913
23	54	5.8329
23	72	5.84855
23	75	6.13114
23	103	4.04471
23	105	4.97056
23	108	6.46322
23	116	7.94481
23	117	6.57128
23	121	7.19911
23	158	8.681
23	161	8.23089
23	165	8.80295
23	167	7.4981
23	173	8.86414
23	175	6.35595
23	176	9.66316
23	180	8.48935
23	188	9.22669
23	191	7.66878
23	194	8.32616
23	195	8.92664
23	199	9.56302
24	19	4.9204
24	69	5.45617
24	78	4.12205
24	101	6.33212
24	103	5.07109
24	105	5.99694
24	107	4.86266
24	112	6.2688
24	117	6.7526
24	121	6.30593
24	128	7.40416
24	134	5.7698
24	139	7.10049
24	156	6.35518
24	170	8.47674
24	175	7.38232
24	176	7.20107
24	178	7.75423
24	179	7.33676
24	181	8.30973
24	187	9.08883
24	189	8.08671
24	195	9.62009
24	196	8.13071
24	198	7.96381
24	199	9.23694
25	2	3.71275
25	27	3.315
25	33	5.0982
25	38	5.07636
25	41	6.18492
25	43	5.24971
25	77	7.0444
25	81	5.70578
25	100	6.33631
25	107	4.60144
25	116	6.48025
25	118	6.72318
25	143	6.48808
25	165	6.89611
25	169	7.41964
25	181	8.04851
25	183	9.04554
25	186	7.37121
25	189	7.82549
25	190	8.63686
25	191	8.89717
25	194	9.92785
25	196	7.86949
25	197	8.89714
25	198	7.70259
25	199	8.97572
26	12	6.13717
26	31	3.85111
26	43	6.64682
26	49	6.982
26	94	6.48485
26	95	8.04779
26	101	4.807
26	106	8.44057
26	126	4.83075
26	128	6.74229
26	129	6.79432
26	131	7.56345
26	135	7.88801
26	139	7.91831
26	140	5.61471
26	141	8.22017
26	145	6.99058
26	148	8.30587
26	159	7.39367
26	163	7.5676
26	171	7.16862
26	179	9.34965
26	184	8.41891
26	195	8.09496
26	196	9.78702
26	198	10.1898
27	15	6.34837
27	18	5.2502
27	26	5.96163
27	32	3.71798
27	62	8.06621
27	78	5.83689
27	96	8.00277
27	107	3.65942
27	134	4.56656
27	140	8.85468
27	147	5.13647
27	163	6.79196
27	164	6.65262
27	170	7.2735
27	172	9.57906
27	173	6.74549
27	176	5.99783
27	180	7.88072
27	186	6.42919
27	187	10.8037
27	189	6.88347
27	190	7.69484
27	193	7.40996
27	196	6.92747
27	198	6.76057
27	199	8.0337
28	3	5.31324
28	4	5.84765
28	18	2.77606
28	23	5.15611
28	41	5.2236
28	45	5.28706
28	51	5.92772
28	67	5.33846
28	82	6.3014
28	83	4.80199
28	107	9.22111
28	108	6.5797
28	114	8.00368
28	126	5.59657
28	137	9.31505
28	147	8.66684
28	151	6.87344
28	158	8.94807
28	160	8.27708
28	161	8.34737
28	164	8.18283
28	177	7.43736
28	181	8.91977
28	183	8.23212
28	188	9.34317
28	190	9.49375
29	5	4.40582
29	24	4.77038
29	41	6.6246
29	50	4.11685
29	75	6.78225
29	88	6.34593
29	113	7.94215
29	114	5.02182
29	122	6.9083
29	123	5.59871
29	127	7.75897
29	130	8.275
29	133	6.41933
29	146	7.19493
29	149	7.91365
29	151	8.63446
29	158	5.95816
29	164	7.30915
29	170	7.93004
29	173	7.40203
29	178	7.20753
29	181	7.76303
29	186	7.08573
29	192	10.2952
29	193	8.0665
29	198	7.41711
30	10	6.36199
30	12	4.65163
30	26	4.95016
30	34	6.36265
30	38	5.1641
30	50	4.49007
30	60	4.8601
30	74	6.78966
30	80	6.94667
30	97	6.30637
30	98	6.02148
30	105	6.70031
30	120	5.95886
30	130	8.33666
30	135	6.86073
30	152	6.82107
30	162	7.51859
30	164	7.68237
30	172	8.56759
30	173	7.77525
30	176	7.02758
30	177	8.90003
30	186	7.45894
30	190	8.72459
30	196	7.95722
30	198	7.79033
31	4	6.2016
31	13	5.3549
31	47	6.10254
31	51	6.28167
31	63	5.07813
31	65	6.25073
31	69	7.00357
31	70	5.92914
31	79	6.78175
31	83	4.68131
31	92	4.95661
31	96	6.5235
31	114	7.883
31	124	7.41205
31	133	8.05969
31	137	9.669
31	138	6.47783
31	139	6.22051
31	151	7.22739
31	161	8.70132
31	165	8.94934
31	177	7.31668
31	188	9.69712
31	193	9.98759
31	194	8.79659
31	200	9.00916
32	7	3.70826
32	14	6.98948
32	25	4.60395
32	34	6.58256
32	38	5.02536
32	42	5.03991
32	43	5.97096
32	75	7.06382
32	84	6.69786
32	93	6.02606
32	103	5.99436
32	108	6.55582
32	114	5.2563
32	120	5.82013
32	124	8.10182
32	133	6.65381
32	165	6.84511
32	179	7.02454
32	181	7.99751
32	183	9.76679
32	184	8.04561
32	187	10.0121
32	189	7.77449
32	193	8.30098
32	196	7.81849
32	198	7.65159
33	5	6.21462
33	22	5.65904
33	56	6.87365
33	58	6.21805
33	63	6.30368
33	84	6.73373
33	86	5.0894
33	90	6.85504
33	109	5.26419
33	122	8.03254
33	136	6.16986
33	137	4.16555
33	138	6.18849
33	142	7.53833
33	145	7.34638
33	146	7.09576
33	148	5.29523
33	149	8.16979
33	156	8.90762
33	169	9.21288
33	173	8.72119
33	175	9.39405
33	176	9.52021
33	178	9.05845
33	180	8.3464
33	197	9.0177
34	1	3.43902
34	4	6.00332
34	10	5.29526
34	31	6.16873
34	48	4.99393
34	51	6.08339
34	54	6.10505
34	62	5.63617
34	73	5.8872
34	75	6.40329
34	85	6.5494
34	93	7.97895
34	98	4.60291
34	107	9.26521
34	116	8.21696
34	122	5.55139
34	132	5.86009
34	137	9.47072
34	153	7.41396
34	170	8.76348
34	173	9.17531
34	177	7.48146
34	183	8.38779
34	184	9.22882
34	187	8.37362
34	195	9.19879
35	6	4.08645
35	9	3.61061
35	18	6.86529
35	25	6.24921
35	33	6.1997
35	52	6.61921
35	58	6.14017
35	59	5.47153
35	63	6.2258
35	78	7.66619
35	96	5.49727
35	98	7.42954
35	100	7.73453
35	104	7.11488
35	119	5.96592
35	127	6.32661
35	128	6.61349
35	142	7.46045
35	146	7.47442
35	149	8.09191
35	159	8.12813
35	163	8.30206
35	175	9.31617
35	176	9.89887
35	191	7.9045
35	196	10.5215
36	4	4.4505
36	6	5.15314
36	16	4.95786
36	44	5.26005
36	48	5.98517
36	53	5.51027
36	67	5.58763
36	75	6.41658
36	87	5.59664
36	128	7.68018
36	130	6.72944
36	137	5.6109
36	138	6.83295
36	145	6.48996
36	154	6.42618
36	159	6.97659
36	160	7.55998
36	166	7.32977
36	168	7.30463
36	171	8.13171
36	175	7.65835
36	179	11.1508
36	185	10.4714
36	187	8.4231
36	191	8.97118
36	200	8.64187
37	9	3.64747
37	19	5.38085
37	44	5.46319
37	48	5.67649
37	60	7.81189
37	61	4.60183
37	62	5.90133
37	66	5.75313
37	68	7.53351
37	73	5.83037
37	81	4.74996
37	83	6.88749
37	109	7.74978
37	112	6.80906
37	119	6.57878
37	127	7.0153
37	157	8.26472
37	159	8.165
37	171	7.93995
37	177	8.66174
37	182	8.77143
37	183	8.08973
37	185	9.44154
37	188	7.16815
37	191	9.21117
37	194	8.97204
38	11	5.83798
38	40	3.07815
38	48	5.91316
38	72	6.42661
38	76	5.95565
38	81	5.70778
38	96	6.49195
38	100	6.33832
38	104	7.03924
38	112	6.21442
38	140	7.34386
38	141	5.73864
38	146	7.68725
38	148	6.66858
38	156	6.5592
38	157	8.21054
38	158	6.45048
38	163	7.94081
38	176	7.14668
38	181	8.25535
38	189	8.03233
38	191	8.89918
38	192	9.85749
38	196	8.07632
38	197	9.10398
38	198	7.90943
39	11	5.21989
39	16	5.3795
39	29	7.28144
39	36	5.01358
39	41	5.63448
39	47	6.40509
39	51	4.85885
39	67	6.00927
39	91	6.08828
39	97	6.88807
39	113	6.20458
39	127	6.7032
39	136	6.87211
39	138	7.25459
39	150	8.50208
39	154	6.84782
39	157	7.59245
39	159	7.39823
39	171	8.55335
39	172	7.45015
39	174	8.41697
39	175	6.96825
39	185	9.78126
39	187	8.84474
39	192	9.23939
39	200	9.06351
40	80	8.20664
40	88	7.66757
40	90	4.34794
40	99	5.16613
40	101	8.29546
40	110	5.08613
40	112	4.6865
40	133	5.38372
40	139	9.06383
40	146	6.15933
40	148	8.4279
40	150	6.10398
40	152	5.41225
40	162	6.10977
40	164	6.27355
40	165	5.57503
40	170	6.89443
40	176	5.61876
40	178	6.17192
40	185	6.27418
40	188	9.88528
40	189	6.50441
40	190	7.31577
40	197	7.57606
40	199	7.65463
40	200	11.8525
41	13	5.67945
41	20	3.39869
41	36	5.00693
41	50	7.23433
41	55	4.50988
41	73	6.08602
41	90	7.50798
41	91	6.08163
41	111	5.50522
41	114	8.24659
41	130	7.14443
41	138	7.24794
41	142	6.41218
41	150	8.39976
41	154	6.84117
41	155	6.42956
41	157	7.49013
41	159	7.39158
41	166	7.74477
41	167	8.08329
41	168	7.71962
41	170	8.9623
41	171	8.54671
41	179	10.3584
41	187	8.83809
41	200	9.05686
42	3	5.58784
42	7	3.99072
42	22	5.21936
42	32	4.89146
42	41	6.59822
42	46	5.76993
42	78	4.73737
42	83	6.17662
42	87	8.16897
42	90	5.90049
42	97	6.4501
42	104	7.06387
42	108	6.24787
42	109	7.04884
42	115	6.8564
42	118	6.95464
42	120	6.10259
42	149	7.88727
42	154	9.2476
42	159	9.53411
42	173	7.91898
42	176	7.17131
42	178	7.72447
42	189	8.05695
42	196	8.10095
42	198	7.93406
43	1	6.49103
43	8	6.47649
43	12	6.63749
43	19	3.84337
43	30	6.91366
43	49	7.48231
43	54	5.00759
43	65	4.91617
43	77	5.76536
43	86	5.1817
43	93	4.02576
43	94	6.98517
43	95	8.5481
43	99	6.73453
43	117	5.67557
43	128	7.24261
43	129	7.29464
43	131	8.06377
43	134	9.11049
43	135	8.38833
43	148	8.80618
43	180	8.4387
43	189	9.68577
43	190	9.17602
43	197	9.11
43	200	8.81212
44	6	4.45293
44	10	5.23443
44	16	5.35183
44	26	3.8226
44	41	5.60681
44	60	8.1415
44	77	6.26972
44	80	5.81912
44	81	5.07957
44	86	5.83454
44	87	5.99061
44	99	7.38736
44	130	7.1234
44	136	6.84443
44	138	7.22692
44	142	6.50438
44	145	6.88393
44	147	9.00196
44	165	9.40514
44	167	8.06226
44	168	7.69859
44	171	8.52568
44	187	8.81706
44	193	10.4434
44	198	11.2908
44	200	9.03583
45	2	6.9199
45	11	4.6373
45	27	8.21187
45	65	5.77009
45	72	5.83835
45	75	6.12094
45	86	6.22137
45	88	4.70756
45	120	7.63595
45	124	6.93141
45	137	9.18836
45	151	6.74675
45	153	7.13161
45	157	7.00986
45	159	7.92213
45	160	8.1504
45	163	8.09606
45	165	8.83266
45	171	7.69708
45	172	7.84079
45	176	9.69287
45	183	8.10544
45	184	8.94736
45	190	9.25638
45	194	8.31595
45	195	8.91644
46	2	4.16674
46	21	4.73223
46	27	3.76899
46	30	5.30838
46	96	6.06968
46	98	5.09986
46	105	5.77869
46	109	6.21527
46	113	7.0822
46	118	7.17717
46	129	6.90402
46	136	7.12093
46	147	6.53248
46	152	7.18733
46	158	6.69763
46	166	8.69292
46	167	8.30622
46	181	8.5025
46	182	8.19937
46	185	8.04925
46	188	7.70369
46	192	9.43521
46	193	8.80597
46	196	8.32347
46	198	8.15658
46	199	9.42971
47	6	4.80876
47	8	3.70875
47	15	6.12275
47	22	4.53569
47	28	5.4903
47	33	4.82783
47	36	7.15007
47	45	5.4331
47	55	6.76593
47	59	6.41022
47	82	6.44743
47	94	6.33268
47	97	7.23379
47	103	5.00273
47	108	6.72574
47	111	6.62016
47	112	7.49451
47	117	6.83379
47	151	7.01947
47	160	8.42311
47	166	8.84281
47	183	8.37816
47	186	10.3722
47	194	8.58867
47	195	9.18915
47	198	11.6466
48	14	5.34193
48	32	7.585
48	40	8.76093
48	66	5.47865
48	73	5.55589
48	80	5.43444
48	89	5.78527
48	91	6.32035
48	93	4.37851
48	115	6.96579
48	119	6.3043
48	132	6.7637
48	142	6.20429
48	157	7.99024
48	158	8.9831
48	163	8.36845
48	172	7.13994
48	174	8.36183
48	175	6.65805
48	176	9.96526
48	177	8.38726
48	182	8.49695
48	184	9.21975
48	187	8.36455
48	191	8.93669
48	192	8.81953
49	1	6.63294
49	25	5.77095
49	42	6.57751
49	52	4.51737
49	55	3.75735
49	60	7.29677
49	61	7.46945
49	80	4.97438
49	82	4.36931
49	94	7.12708
49	102	5.84085
49	106	9.0828
49	107	8.71149
49	123	7.72917
49	126	5.08695
49	128	7.38452
49	129	7.43655
49	131	8.20568
49	135	8.53024
49	139	8.56054
49	148	8.9481
49	168	7.00443
49	172	6.5953
49	186	9.17164
49	192	8.38455
49	198	10.446
50	27	3.05821
50	88	6.23365
50	105	6.52636
50	107	4.34465
50	109	6.96294
50	116	6.80766
50	123	5.6274
50	133	6.44802
50	140	7.66926
50	143	6.81549
50	146	7.22362
50	156	6.8846
50	158	5.98686
50	160	7.81338
50	161	7.34069
50	162	7.17406
50	170	7.95873
50	179	6.81875
50	184	7.83982
50	189	7.5687
50	190	8.38007
50	191	9.22458
50	193	8.09519
50	197	8.64035
50	199	8.71893
50	200	10.4186
51	3	5.55304
51	4	6.08744
51	41	5.0119
51	52	4.81528
51	55	6.85969
51	59	5.50758
51	65	6.13657
51	82	6.54119
51	93	8.06307
51	101	5.36112
51	118	6.90221
51	138	6.38681
51	140	7.81683
51	146	7.29408
51	151	7.11323
51	160	8.51687
51	166	7.94017
51	169	6.24662
51	172	8.20727
51	182	7.44662
51	183	8.47192
51	187	8.11783
51	188	9.58296
51	192	8.68246
51	193	9.89657
51	198	10.744
52	22	5.76785
52	34	4.96674
52	35	6.27562
52	58	6.32685
52	63	6.41248
52	71	6.03028
52	78	7.85288
52	84	6.84254
52	95	3.75853
52	97	6.6096
52	98	7.61623
52	102	6.41722
52	115	5.54853
52	119	6.06403
52	125	6.20076
52	140	6.44729
52	142	7.64714
52	148	5.77201
52	149	8.2786
52	155	6.2534
52	156	9.01642
52	169	9.32169
52	186	9.748
52	194	9.03329
52	195	8.92753
52	198	11.0224
53	5	3.58391
53	13	5.75406
53	23	4.8985
53	27	9.02833
53	44	5.74965
53	45	5.06796
53	70	6.18557
53	79	5.85739
53	101	6.15191
53	125	6.7131
53	136	6.94007
53	137	5.15466
53	138	7.32255
53	145	6.97956
53	154	6.91578
53	160	7.10374
53	163	8.91251
53	164	8.76192
53	166	7.81937
53	167	8.15789
53	168	7.79423
53	171	8.62131
53	177	8.01645
53	187	8.9127
53	189	10.5826
53	200	9.13147
54	15	6.18355
54	22	4.06184
54	32	7.76707
54	33	4.35398
54	34	5.88049
54	45	5.4939
54	53	6.17604
54	79	6.63463
54	85	6.60057
54	91	6.50242
54	93	8.03011
54	112	7.02066
54	117	6.8946
54	131	5.6931
54	132	6.03309
54	136	6.79698
54	143	5.74386
54	160	8.48391
54	161	8.5542
54	172	8.17431
54	180	8.97352
54	182	7.87542
54	183	8.43896
54	184	9.40182
54	195	9.24995
54	197	9.64482
55	6	3.79063
55	11	4.54748
55	36	6.13194
55	48	4.62266
55	53	5.63176
55	85	6.90267
55	86	6.85699
55	95	3.3646
55	99	6.72507
55	111	6.98307
55	116	8.57023
55	117	7.1967
55	120	7.54614
55	124	7.56703
55	132	5.48881
55	137	9.82399
55	144	6.32664
55	158	8.6209
55	159	7.83231
55	161	8.85631
55	185	9.10885
55	188	9.85211
55	192	8.56699
55	193	9.78109
55	194	8.95157
55	199	9.50292
56	20	7.54459
56	21	4.21986
56	24	6.00609
56	63	6.52607
56	66	5.33256
56	72	5.49197
56	78	7.96647
56	79	5.30698
56	81	7.07545
56	84	6.95613
56	91	6.31401
56	95	3.72046
56	98	7.72982
56	99	7.08093
56	109	5.7029
56	125	6.1627
56	136	6.60856
56	142	7.76073
56	149	8.39219
56	155	6.21533
56	156	9.13001
56	166	8.18055
56	169	9.43528
56	175	9.61644
56	185	9.46472
56	193	10.137
57	8	4.26944
57	24	5.07664
57	40	2.89209
57	60	4.79315
57	76	5.76959
57	89	7.63876
57	92	6.32893
57	107	4.62222
57	121	6.79827
57	132	7.06763
57	135	6.6497
57	137	5.82721
57	144	7.90546
57	146	7.50119
57	150	7.44585
57	151	8.4851
57	153	7.48425
57	163	7.75475
57	165	6.91689
57	170	8.2363
57	177	8.689
57	179	7.09631
57	180	8.84352
57	181	8.06929
57	193	8.37276
57	199	8.9965
58	22	5.53034
58	35	6.03811
58	59	5.42071
58	63	6.17497
58	64	5.45192
58	73	5.65103
58	81	6.72435
58	84	6.60503
58	90	7.073
58	92	7.17741
58	100	7.68371
58	104	6.95417
58	122	7.90383
58	134	9.23614
58	140	6.18846
58	146	7.31371
58	149	8.04109
58	156	8.77891
58	157	7.05515
58	169	9.08418
58	175	9.26534
58	179	9.92339
58	180	8.56435
58	188	6.97057
58	194	8.77446
58	195	8.66871
59	20	6.80464
59	35	5.64926
59	38	6.81395
59	49	4.33096
59	58	5.70049
59	62	6.02592
59	66	5.73772
59	69	7.5581
59	75	5.8151
59	78	7.22652
59	81	6.3355
59	84	6.21618
59	93	4.77733
59	97	6.97669
59	100	7.29486
59	122	7.51498
59	138	7.03236
59	142	7.02078
59	149	7.65224
59	156	8.39006
59	169	8.69533
59	175	8.87649
59	176	10.3641
59	184	9.61857
59	195	9.29463
59	196	10.9867
60	3	5.89445
60	7	3.69163
60	8	4.69903
60	29	4.16936
60	37	6.51966
60	54	7.00655
60	68	4.77028
60	97	6.151
60	102	8.0317
60	115	7.16301
60	132	7.49722
60	133	6.63718
60	138	8.27974
60	147	6.01086
60	153	7.91385
60	162	7.36322
60	164	7.527
60	165	6.82848
60	173	7.61988
60	176	6.87221
60	177	9.11859
60	184	8.02898
60	189	7.75786
60	192	10.5754
60	196	7.80186
60	199	8.90809
61	1	6.55196
61	9	6.86582
61	17	4.79162
61	28	4.56419
61	46	5.61954
61	49	7.54325
61	59	5.53263
61	67	5.15182
61	74	5.14034
61	94	7.0461
61	95	8.60904
61	112	6.61691
61	117	5.80665
61	128	7.30354
61	129	7.35557
61	131	8.1247
61	135	8.44926
61	139	8.47956
61	148	8.86712
61	151	7.04681
61	170	8.53274
61	171	7.74779
61	188	6.976
61	194	8.77989
61	196	10.3662
61	200	8.9432
62	4	3.78112
62	19	5.19064
62	33	4.50282
62	37	5.85403
62	46	6.17213
62	57	7.40371
62	71	5.98515
62	76	7.45609
62	81	5.1104
62	84	5.38124
62	88	6.2142
62	113	6.90709
62	124	6.78519
62	126	7.27984
62	127	6.8251
62	143	7.88903
62	153	6.59856
62	157	8.07452
62	174	8.44611
62	177	8.47154
62	180	9.12236
62	182	8.58122
62	186	10.0472
62	191	9.02097
62	192	8.9038
62	195	9.22673
63	18	6.86076
63	22	5.57663
63	33	6.19517
63	35	6.08441
63	53	6.09309
63	56	6.79125
63	58	6.13564
63	65	5.36804
63	81	6.77065
63	92	7.2237
63	95	3.82593
63	98	7.42502
63	105	5.37179
63	108	5.0074
63	142	7.45592
63	145	7.89055
63	149	8.08738
63	154	8.00712
63	156	8.82521
63	162	8.94563
63	165	9.20417
63	169	9.13047
63	187	8.46367
63	193	10.2424
63	195	8.99493
63	199	9.96424
64	16	6.08335
64	17	5.28365
64	21	5.49802
64	39	5.78559
64	48	5.76011
64	50	7.38468
64	61	4.98959
64	73	5.91399
64	76	7.48341
64	79	5.67156
64	80	5.79254
64	83	6.97111
64	88	6.48803
64	109	7.83339
64	116	5.9122
64	117	6.38655
64	120	8.26658
64	122	5.90056
64	143	8.16285
64	150	8.55011
64	158	9.34134
64	174	8.71993
64	182	8.85505
64	190	9.88701
64	191	9.29479
64	192	9.17762
65	3	5.49917
65	28	5.53019
65	34	5.85958
65	36	6.61432
65	46	5.96139
65	48	5.10504
65	55	6.80582
65	57	7.19297
65	64	5.79919
65	77	6.23829
65	86	6.53397
65	93	8.0092
65	121	7.50152
65	129	6.51817
65	140	7.76296
65	145	7.9116
65	153	7.44422
65	161	8.53329
65	167	7.92037
65	173	9.28642
65	175	6.77822
65	180	8.91162
65	183	8.41805
65	194	8.62856
65	195	9.22905
65	200	9.28505
66	11	5.36522
66	17	4.92534
66	38	6.57845
66	64	6.09571
66	83	6.61279
66	85	5.48465
66	89	5.78505
66	105	7.27142
66	112	7.0019
66	116	5.71727
66	125	6.8633
66	128	6.84319
66	133	8.37871
66	144	7.83897
66	147	8.86518
66	148	5.90359
66	155	7.20427
66	172	7.30326
66	174	8.36162
66	177	8.38705
66	178	9.66681
66	182	8.49673
66	188	7.36098
66	190	9.69208
66	191	8.93648
66	197	9.62606
67	13	5.79882
67	16	5.49222
67	39	5.75877
67	49	4.11784
67	70	6.23032
67	73	6.06383
67	77	6.41011
67	82	5.09965
67	91	6.201
67	102	6.29377
67	122	5.72802
67	133	8.4011
67	145	7.02432
67	146	7.72651
67	155	6.40737
67	159	7.51095
67	162	9.03221
67	166	7.86413
67	168	7.83898
67	171	8.66607
67	179	10.3362
67	181	9.1405
67	189	10.2242
67	190	9.71447
67	191	8.15658
67	200	9.17623
68	30	4.781
68	39	6.96725
68	50	4.32894
68	57	4.87874
68	69	5.12155
68	83	6.37692
68	88	6.51986
68	89	7.96205
68	91	7.86026
68	110	6.33382
68	118	6.64979
68	125	7.70894
68	136	8.15481
68	140	7.95547
68	143	7.10169
68	147	6.0051
68	152	6.65995
68	158	6.17025
68	162	7.35746
68	164	7.52124
68	170	8.14212
68	178	7.41961
68	179	7.00214
68	182	9.23325
68	186	7.29781
68	197	8.82375
69	1	4.69259
69	24	5.22038
69	40	3.03583
69	50	4.56685
69	55	5.56463
69	56	6.27899
69	62	6.88974
69	79	6.57597
69	90	5.83354
69	97	6.38315
69	98	5.85649
69	99	6.65173
69	107	4.76596
69	118	6.8877
69	129	7.66064
69	131	6.77367
69	133	6.86932
69	164	7.75915
69	167	9.06284
69	178	7.65752
69	180	8.98726
69	182	8.95599
69	183	9.38189
69	184	8.26113
69	189	7.99001
69	190	8.80137
70	1	3.97117
70	2	7.73352
70	13	5.81351
70	39	5.77345
70	41	5.76189
70	67	6.13667
70	77	6.42479
70	82	5.45518
70	84	5.59154
70	90	7.84132
70	92	5.65354
70	97	7.1191
70	99	7.6285
70	120	8.44957
70	136	6.99951
70	138	7.382
70	145	7.03901
70	159	7.52564
70	166	7.87882
70	167	8.21734
70	169	7.03457
70	173	9.70747
70	187	8.97214
70	190	10.07
70	193	10.6845
70	200	9.19091
71	11	5.56017
71	17	5.12028
71	49	4.42459
71	86	6.02691
71	88	6.32466
71	105	7.46636
71	109	7.67003
71	115	7.16053
71	119	6.49903
71	122	6.03478
71	127	6.93555
71	128	7.17233
71	131	6.00348
71	134	9.95569
71	138	7.12599
71	146	8.03326
71	148	6.23274
71	155	7.39921
71	160	7.05213
71	164	8.71031
71	172	7.6324
71	174	8.55657
71	177	8.58199
71	191	9.13142
71	192	9.01426
71	200	9.65733
72	15	6.1499
72	19	4.40583
72	28	5.51745
72	31	6.18624
72	36	6.70385
72	47	5.92177
72	65	6.06995
72	68	7.77273
72	70	6.29455
72	74	6.30666
72	77	6.32782
72	104	7.39097
72	105	5.48237
72	108	6.75288
72	120	8.11805
72	138	6.84324
72	151	7.04662
72	160	8.45026
72	162	9.05622
72	172	8.14065
72	174	8.31647
72	183	8.4053
72	194	8.61582
72	195	9.2163
72	196	10.7976
72	198	11.2004
73	19	5.10611
73	30	7.6908
73	48	5.40175
73	56	5.44073
73	82	5.33834
73	84	5.47471
73	109	7.47503
73	110	7.69911
73	111	5.72172
73	115	6.96553
73	125	6.86325
73	126	7.1953
73	133	8.63979
73	134	9.88762
73	139	6.8006
73	142	6.62868
73	143	7.80449
73	155	7.20422
73	157	7.98998
73	165	9.52944
73	172	7.56433
73	174	8.36157
73	182	8.49669
73	191	8.93643
73	192	8.81926
73	194	9.42595
74	14	5.25764
74	15	6.23913
74	31	6.27547
74	37	5.0116
74	66	5.47705
74	71	6.13671
74	75	6.51003
74	78	3.53593
74	82	6.56381
74	100	5.54817
74	106	4.41831
74	121	7.578
74	128	6.81803
74	129	6.53614
74	137	9.57746
74	153	7.5207
74	166	8.32504
74	170	8.89256
74	172	8.22988
74	173	9.30439
74	175	6.7962
74	178	9.64165
74	188	9.60558
74	189	10.1767
74	194	8.70505
74	195	9.30553
75	1	3.59933
75	11	5.07907
75	17	5.18267
75	23	5.48242
75	55	6.94621
75	79	6.75411
75	95	3.89619
75	96	6.49586
75	99	7.25666
75	103	4.5162
75	108	6.90601
75	109	5.87863
75	113	6.74556
75	122	5.71171
75	124	7.38441
75	137	9.64136
75	151	7.19975
75	153	7.5846
75	161	8.67368
75	169	6.66273
75	180	8.96083
75	183	8.55843
75	188	9.66948
75	193	10.3127
75	196	10.7573
75	199	10.0345
76	4	4.59169
76	20	4.3323
76	25	5.11982
76	27	3.77987
76	28	5.92736
76	34	6.07651
76	40	3.33618
76	83	5.97851
76	120	6.336
76	123	6.34906
76	128	7.82137
76	130	8.05051
76	141	5.99668
76	144	7.83034
76	147	6.54336
76	156	6.7724
76	158	6.70852
76	163	8.19885
76	165	7.36098
76	168	8.69056
76	176	7.40472
76	178	7.95788
76	182	8.83484
76	183	9.26074
76	190	9.10173
76	197	9.36201
77	2	7.75232
77	39	5.87507
77	41	5.8635
77	53	6.16094
77	73	6.43816
77	82	5.47398
77	87	6.24731
77	91	6.3173
77	95	4.28684
77	96	6.12368
77	102	6.41008
77	103	4.90684
77	108	5.46831
77	113	6.4336
77	143	6.12182
77	150	8.75191
77	154	7.07684
77	159	7.62725
77	160	7.11971
77	165	9.66508
77	166	7.98043
77	167	8.31895
77	168	7.95529
77	183	8.67928
77	197	10.0228
77	200	9.29253
78	5	6.75175
78	40	7.89212
78	52	7.23421
78	54	4.49153
78	56	7.41078
78	58	6.75517
78	84	7.27086
78	95	2.85799
78	98	8.04455
78	100	8.34954
78	104	6.31245
78	106	3.41134
78	122	8.56966
78	133	7.34658
78	134	8.59442
78	142	8.07546
78	149	8.70692
78	158	8.11429
78	162	7.9777
78	179	9.28168
78	183	7.25043
78	186	8.84747
78	190	8.65996
78	191	7.10207
78	192	8.06038
78	194	8.13275
79	12	3.33786
79	28	5.7695
79	31	6.43829
79	34	6.09888
79	51	6.35294
79	63	5.34771
79	68	7.6769
79	72	6.39026
79	81	4.89335
79	82	6.72663
79	85	6.81896
79	103	4.46068
79	119	6.14618
79	135	5.54696
79	145	7.9053
79	148	5.85415
79	153	7.68352
79	156	5.74477
79	160	8.70231
79	170	8.86828
79	172	8.3927
79	179	10.2644
79	193	10.2572
79	194	8.86787
79	195	9.46835
79	199	9.97899
80	13	5.73202
80	22	4.10118
80	52	5.28342
80	64	6.02702
80	71	5.83197
80	89	5.71636
80	101	6.76896
80	125	6.79461
80	130	7.13043
80	131	5.73244
80	144	7.77028
80	152	8.5893
80	153	6.48906
80	155	7.13557
80	157	7.92134
80	158	9.20452
80	160	6.7811
80	174	8.29293
80	177	8.31836
80	182	8.42804
80	185	9.69247
80	186	9.9377
80	187	8.58597
80	191	8.86779
80	192	8.75062
80	195	9.11723
81	5	6.32906
81	18	7.05761
81	22	5.77348
81	31	4.42582
81	38	6.18899
81	52	6.81153
81	78	7.85851
81	84	6.84817
81	100	7.92685
81	108	4.68214
81	112	6.61244
81	122	8.14698
81	123	8.04767
81	125	5.9429
81	142	7.65277
81	147	8.47573
81	149	8.28423
81	156	9.02206
81	166	7.96075
81	167	7.57406
81	175	9.50849
81	182	7.4672
81	184	8.99361
81	185	9.24492
81	190	9.30263
81	193	9.91715
82	14	5.31467
82	45	5.6065
82	54	6.26882
82	72	6.28447
82	74	6.45291
82	85	6.71317
82	93	8.14271
82	100	5.24557
82	115	5.35236
82	121	7.63503
82	124	7.37753
82	133	8.05095
82	146	7.37636
82	150	8.02743
82	154	7.74355
82	155	6.05722
82	158	8.81865
82	172	8.28691
82	176	9.80081
82	181	8.79035
82	183	8.55156
82	187	8.2001
82	194	8.76207
82	195	9.36256
82	197	9.2983
82	198	10.8262
83	16	5.51561
83	37	6.32155
83	48	5.95381
83	60	7.6319
83	63	5.02433
83	73	6.10769
83	80	5.98624
83	89	6.33706
83	104	6.97176
83	114	7.8292
83	115	7.51759
83	119	6.85609
83	125	7.41531
83	126	7.74736
83	127	7.29262
83	132	7.31549
83	149	6.33817
83	150	7.98237
83	155	7.75628
83	162	8.637
83	171	7.75996
83	173	8.95673
83	178	9.29399
83	181	8.74529
83	192	9.37132
83	197	9.25324
84	16	5.64739
84	27	8.40653
84	33	6.32762
84	41	5.1809
84	44	5.41498
84	52	6.74713
84	56	6.92369
84	59	5.59945
84	78	7.79411
84	87	6.75164
84	92	7.35615
84	96	5.48592
84	106	4.20243
84	114	7.96098
84	122	8.08258
84	142	7.58837
84	147	8.62414
84	149	8.21983
84	151	7.19075
84	156	8.95766
84	160	6.48195
84	169	9.26292
84	175	9.44409
84	182	7.61561
84	190	9.45104
84	193	10.0656
85	19	4.26726
85	26	3.59366
85	40	8.83207
85	44	5.56385
85	51	6.28726
85	54	6.30893
85	55	6.97944
85	56	5.08749
85	66	5.41004
85	99	7.15842
85	108	6.93925
85	121	7.67514
85	124	7.41764
85	137	9.6746
85	140	7.93659
85	146	7.61195
85	152	8.43902
85	153	7.61784
85	156	5.70204
85	160	8.63663
85	164	8.28899
85	170	8.82555
85	173	9.23738
85	181	9.02594
85	183	8.59167
85	194	8.80219
86	10	5.4813
86	34	6.01537
86	36	6.67633
86	43	4.5056
86	47	6.0903
86	48	5.16705
86	53	6.17615
86	55	6.96161
86	71	6.18074
86	75	6.58934
86	82	6.64312
86	89	6.60433
86	92	5.2945
86	108	6.92142
86	111	6.81585
86	140	7.91876
86	151	7.21515
86	154	8.09019
86	161	8.68909
86	171	8.15165
86	176	10.1474
86	186	9.89847
86	187	8.54674
86	188	9.68489
86	193	10.3255
86	195	9.38484
87	9	4.59591
87	12	4.14291
87	13	5.69454
87	33	5.09082
87	36	5.02202
87	39	5.65449
87	45	5.44282
87	48	5.90378
87	67	6.01771
87	82	5.83287
87	102	6.1895
87	124	7.37319
87	136	6.88055
87	138	7.26303
87	139	7.29513
87	142	7.1232
87	150	9.11079
87	154	6.85626
87	166	7.75985
87	167	8.09837
87	168	7.73471
87	169	7.41226
87	171	8.5618
87	187	8.85318
87	193	11.0622
87	200	9.07195
88	11	5.64615
88	19	5.38708
88	36	6.36739
88	49	3.80538
88	60	7.71465
88	74	5.23526
88	87	6.70262
88	101	7.11858
88	109	7.75601
88	110	7.14796
88	119	6.58501
88	123	8.14705
88	127	7.02154
88	135	5.30633
88	141	8.89426
88	143	8.08547
88	144	8.1199
88	146	7.41405
88	155	7.4852
88	157	8.27096
88	174	8.64255
88	177	8.66798
88	182	8.77766
88	189	9.91177
88	190	9.40202
88	199	9.73837
89	8	3.72508
89	10	5.6066
89	11	5.45385
89	19	5.19478
89	57	7.74504
89	62	5.71525
89	71	5.98929
89	79	5.98557
89	81	5.45173
89	94	6.34901
89	95	4.39906
89	105	7.36004
89	110	7.94697
89	125	6.95192
89	126	7.28397
89	137	5.28285
89	141	9.69326
89	143	7.89316
89	144	7.92759
89	157	8.07865
89	162	9.51876
89	164	8.8901
89	182	8.58536
89	191	9.0251
89	192	8.90793
89	196	11.2601
90	20	4.39201
90	28	5.98707
90	32	5.01015
90	44	6.69391
90	57	5.30228
90	60	5.12252
90	72	6.69952
90	75	6.61748
90	102	7.5867
90	107	4.95159
90	118	7.07333
90	121	6.78286
90	123	6.23434
90	134	5.85872
90	146	7.83056
90	158	6.59379
90	163	8.08412
90	165	7.24626
90	172	8.34115
90	175	7.85925
90	180	9.17289
90	181	8.39866
90	185	7.94541
90	186	7.72136
90	195	10.097
90	200	10.3661
91	10	5.50344
91	25	6.88469
91	30	7.8355
91	33	4.741
91	41	5.65204
91	51	5.11774
91	74	5.93111
91	75	5.98537
91	94	6.24586
91	113	6.22214
91	130	7.16863
91	134	10.0323
91	138	7.27215
91	140	6.98466
91	145	6.92916
91	154	6.86537
91	159	7.41579
91	166	7.76897
91	167	8.10749
91	168	7.74382
91	171	8.57091
91	175	7.22714
91	182	8.26244
91	187	8.86229
91	191	8.53998
91	200	9.08106
92	18	7.21973
92	20	7.59875
92	32	7.53187
92	33	6.55414
92	39	5.37422
92	44	5.43958
92	52	6.97364
92	59	5.82597
92	74	5.30888
92	81	7.12961
92	86	5.48132
92	94	5.62363
92	98	7.78398
92	110	7.22159
92	122	8.3091
92	130	6.85589
92	134	9.4101
92	137	4.55747
92	142	7.81489
92	144	6.63571
92	164	8.16472
92	165	9.05192
92	166	8.13376
92	169	9.48944
92	175	9.67061
92	184	9.16662
93	7	6.54938
93	8	2.66327
93	28	6.31184
93	29	6.58168
93	39	5.0378
93	51	6.89528
93	60	7.45186
93	82	7.26897
93	86	7.31562
93	87	6.43982
93	108	7.54727
93	111	7.4417
93	124	8.02566
93	136	6.22535
93	142	5.81473
93	145	7.40187
93	148	5.35073
93	150	7.80232
93	153	8.22586
93	157	6.89269
93	172	8.93504
93	176	9.57571
93	180	8.40189
93	194	9.4102
93	196	10.1983
93	197	9.07319
94	1	6.22084
94	5	3.26543
94	17	5.23887
94	26	5.81824
94	37	5.09903
94	42	7.34774
94	61	7.05736
94	88	5.20554
94	95	8.27792
94	99	7.31286
94	103	8.06077
94	106	8.67071
94	126	5.85718
94	128	6.97243
94	129	7.02446
94	131	7.79358
94	135	8.11815
94	139	8.14844
94	148	8.536
94	166	8.41248
94	167	8.02578
94	169	6.71893
94	173	9.39182
94	176	10.1908
94	181	9.18038
94	191	8.19647
95	7	6.25776
95	8	6.84204
95	9	7.17044
95	27	7.80309
95	29	6.29006
95	49	7.84787
95	75	4.7351
95	103	8.69651
95	106	9.30644
95	116	4.87279
95	129	7.66019
95	131	8.42932
95	135	8.75388
95	139	8.78418
95	141	8.33984
95	149	5.8665
95	150	7.5107
95	152	7.68671
95	159	7.51335
95	169	5.81217
95	182	7.01217
95	187	7.68338
95	189	9.35735
95	198	10.3095
95	199	9.18395
95	200	8.4837
96	14	5.18683
96	20	3.35002
96	30	7.42562
96	47	5.94019
96	54	6.14098
96	65	6.08837
96	67	5.5327
96	74	6.32508
96	82	6.493
96	86	6.53965
96	100	5.56924
96	124	7.2497
96	147	8.86109
96	149	6.70689
96	154	8.06722
96	156	5.79012
96	160	8.46868
96	161	8.53897
96	167	7.95942
96	176	10.1245
96	179	10.3097
96	185	9.63027
96	188	9.53477
96	194	8.63424
96	195	9.23472
96	196	10.7471
97	45	5.18175
97	53	6.65182
97	54	6.01819
97	64	6.33687
97	90	6.25522
97	105	5.93052
97	111	5.95519
97	112	6.59378
97	122	6.20017
97	133	7.291
97	137	5.26845
97	140	7.07341
97	141	6.118
97	147	6.66469
97	158	6.82984
97	159	8.85237
97	170	8.80172
97	173	8.27371
97	175	7.3159
97	177	8.13024
97	184	8.68281
97	191	8.62873
97	193	8.93818
97	196	8.45568
97	197	9.48334
97	198	8.28879
98	2	6.8289
98	13	5.14721
98	18	7.26936
98	27	8.12086
98	35	6.493
98	59	5.8756
98	63	6.62986
98	81	7.17924
98	99	6.72388
98	100	8.13859
98	121	5.21826
98	122	8.35872
98	132	5.48762
98	144	6.32545
98	149	8.49597
98	152	8.00448
98	156	9.2338
98	160	6.19628
98	164	7.85446
98	168	7.18567
98	169	9.53906
98	175	9.72023
98	186	9.35288
98	188	6.83427
98	190	9.16537
98	193	9.7799
99	18	3.74053
99	19	5.12558
99	35	5.70984
99	52	5.99146
99	55	5.23144
99	57	5.67948
99	59	6.68375
99	69	5.92229
99	71	6.92801
99	83	5.76647
99	85	6.25079
99	90	6.39637
99	118	7.45053
99	141	6.25916
99	147	6.80584
99	150	8.15242
99	155	7.15112
99	174	9.03622
99	176	7.66719
99	177	8.40184
99	179	7.80288
99	186	8.09856
99	189	8.55284
99	190	9.36421
99	195	9.82526
99	199	9.70307
100	1	3.4926
100	5	6.71126
100	33	6.77422
100	35	6.66346
100	39	5.49
100	52	7.19372
100	59	6.04605
100	65	5.33157
100	69	7.22193
100	78	8.24071
100	84	7.23037
100	86	5.5971
100	92	7.80275
100	98	8.00406
100	118	7.21158
100	125	6.23169
100	129	6.46065
100	133	8.27805
100	148	5.80293
100	159	8.25717
100	160	6.62233
100	166	8.24954
100	169	9.70952
100	175	9.89068
100	179	10.2131
100	188	7.26032
101	21	5.68027
101	28	4.94361
101	37	6.31011
101	51	4.7064
101	55	4.45974
101	58	4.83224
101	64	6.63628
101	66	6.019
101	76	7.28292
101	80	5.97479
101	83	7.15336
101	112	6.99633
101	115	7.50615
101	119	6.84465
101	134	9.62098
101	143	8.3451
101	144	8.37953
101	147	8.85962
101	155	7.74483
101	160	6.71743
101	161	6.24474
101	165	9.2628
101	168	7.70682
101	191	9.47704
101	193	10.301
101	198	11.1484
102	13	5.70218
102	17	5.57476
102	39	5.66213
102	41	5.65057
102	43	4.88488
102	68	8.12449
102	77	6.31347
102	82	5.47542
102	98	5.15531
102	99	7.64874
102	107	9.8176
102	130	7.16716
102	136	6.88819
102	138	7.27067
102	154	6.8639
102	161	6.64846
102	166	7.7675
102	167	8.10602
102	168	7.74235
102	171	8.56944
102	172	7.70141
102	178	10.065
102	182	8.25481
102	183	8.68071
102	187	8.86082
102	200	9.07959
103	4	2.99757
103	9	7.10633
103	24	5.5598
103	26	6.38987
103	32	7.13237
103	40	8.30831
103	43	7.44858
103	53	5.54134
103	60	7.38878
103	61	7.62899
103	64	5.22639
103	73	5.42551
103	94	7.28661
103	95	8.84955
103	106	9.24233
103	107	8.80351
103	131	8.36521
103	139	8.72007
103	146	7.08818
103	148	9.10763
103	158	8.53047
103	162	8.39389
103	187	7.91193
103	192	8.47656
103	195	8.44318
103	199	9.4125
104	1	4.40791
104	32	5.57193
104	34	5.91298
104	40	3.78324
104	56	5.99431
104	68	5.74984
104	69	6.10688
104	82	5.89191
104	84	6.02828
104	91	7.29831
104	99	7.39914
104	105	6.25063
104	107	5.51337
104	110	7.31915
104	116	6.53192
104	124	7.43224
104	130	7.88698
104	155	7.19963
104	157	8.26021
104	164	8.50657
104	169	7.47131
104	176	7.85178
104	179	7.98747
104	189	8.73742
104	190	9.54879
104	196	8.78142
105	21	5.91854
105	37	6.54838
105	47	6.06634
105	62	6.40547
105	66	6.25727
105	70	6.0563
105	77	6.08957
105	80	6.21306
105	89	6.56389
105	96	5.53511
105	113	6.54764
105	127	7.51944
105	132	7.54232
105	137	4.58206
105	142	6.17575
105	143	8.58337
105	144	8.6178
105	152	8.33934
105	170	8.72587
105	171	7.94093
105	177	9.16588
105	181	8.92625
105	188	7.16913
105	192	9.59815
105	193	10.1148
105	195	8.86727
106	12	7.17697
106	16	5.29013
106	40	8.32595
106	43	7.68662
106	51	4.11366
106	61	7.86703
106	84	4.61533
106	96	5.12867
106	103	8.87044
106	104	6.74628
106	109	5.27426
106	116	5.11897
106	121	5.14667
106	128	7.78209
106	129	7.83412
106	132	5.41603
106	135	8.92782
106	139	8.95811
106	141	8.58603
106	148	9.34567
106	164	7.78287
106	181	8.51981
106	186	9.28129
106	190	9.09379
106	196	10.1529
106	200	8.72988
107	7	3.36584
107	14	7.61375
107	24	4.66244
107	27	2.92158
107	42	4.69749
107	59	8.02612
107	66	7.61071
107	90	5.2756
107	97	5.82521
107	99	6.09379
107	116	7.82577
107	117	8.30013
107	120	5.47771
107	146	7.08699
107	152	6.33992
107	163	7.34055
107	171	10.2413
107	180	8.42932
107	181	7.65509
107	185	7.20184
107	190	8.24344
107	192	11.201
107	193	7.95856
107	197	8.50372
107	198	7.30917
107	200	11.4367
108	4	6.18816
108	14	5.33575
108	23	5.49662
108	36	6.28676
108	45	5.62758
108	61	4.42397
108	65	6.23729
108	68	7.35564
108	76	6.91779
108	89	6.21476
108	116	8.4018
108	124	7.39861
108	137	9.65556
108	151	7.21395
108	165	8.89766
108	169	6.28596
108	172	8.30799
108	182	7.48596
108	184	9.01237
108	186	9.50889
108	188	9.68368
108	189	9.83114
108	191	7.7635
108	195	9.38364
108	197	9.25536
108	198	10.7833
109	6	5.57418
109	19	5.99415
109	25	6.51774
109	32	7.78714
109	48	6.28979
109	55	4.50413
109	62	6.51463
109	66	6.36643
109	80	6.32223
109	83	7.50079
109	100	5.61216
109	105	8.15942
109	127	7.62861
109	129	6.60014
109	139	6.57836
109	145	7.99357
109	148	5.94243
109	151	7.47063
109	155	8.09226
109	157	8.87803
109	161	6.28913
109	168	7.75121
109	170	8.95656
109	172	7.34209
109	188	7.39981
109	192	9.70731
110	24	5.68752
110	25	5.28661
110	42	5.72258
110	44	6.46881
110	46	6.17013
110	86	6.51055
110	107	5.2331
110	109	6.68535
110	115	6.49291
110	123	6.51586
110	126	6.6077
110	132	6.82712
110	134	6.14024
110	135	6.40919
110	147	6.71016
110	152	7.365
110	155	7.19777
110	161	7.06309
110	162	8.06252
110	163	8.36564
110	166	9.163
110	170	8.84718
110	175	7.63415
110	179	7.7072
110	183	9.09535
110	193	8.98364
111	63	5.18359
111	72	6.21538
111	74	6.38382
111	93	8.07362
111	96	6.41989
111	102	6.33525
111	113	6.52593
111	117	6.9381
111	121	7.56593
111	137	9.56539
111	140	7.82738
111	149	6.49743
111	152	8.31764
111	157	7.232
111	160	8.52742
111	165	9.05481
111	167	7.74996
111	168	7.49883
111	172	8.21781
111	173	9.116
111	181	8.90455
111	184	9.16951
111	186	9.66604
111	192	8.87894
111	194	8.69298
111	195	9.29346
112	4	4.19195
112	60	5.20321
112	66	6.08065
112	85	6.06309
112	96	6.3054
112	129	7.13975
112	141	5.96264
112	145	8.53318
112	155	6.96342
112	156	6.37266
112	170	8.64635
112	171	8.71122
112	172	7.8817
112	173	8.11835
112	176	7.37068
112	177	8.21414
112	178	7.92384
112	179	7.50637
112	181	8.47935
112	182	8.4351
112	184	8.52745
112	185	8.0261
112	190	9.06769
112	192	9.67094
112	196	8.30032
112	198	8.13343
113	10	5.54586
113	36	5.00006
113	39	5.63253
113	61	5.24287
113	73	6.48965
113	78	4.00929
113	91	6.07476
113	102	6.16754
113	118	7.76045
113	130	7.13756
113	135	6.0446
113	138	7.24107
113	145	6.89808
113	151	7.88
113	154	6.8343
113	162	9.45803
113	166	7.73789
113	167	8.07641
113	168	7.71275
113	169	7.10486
113	171	8.53984
113	187	8.83122
113	190	10.1403
113	198	11.6022
113	199	10.4766
113	200	9.04999
114	49	5.34887
114	67	6.79021
114	74	6.77874
114	86	6.95118
114	98	6.01057
114	102	7.80222
114	104	6.85573
114	110	6.43054
114	113	7.9929
114	120	5.89445
114	123	5.90751
114	125	7.58576
114	133	6.72813
114	146	7.50374
114	149	7.9644
114	157	8.69897
114	162	7.45417
114	173	7.71083
114	176	6.96317
114	180	8.84606
114	183	9.53597
114	184	8.11994
114	185	7.61859
114	186	7.39453
114	196	7.89281
114	199	8.99904
115	16	5.74814
115	42	7.14518
115	50	7.04947
115	64	6.61104
115	83	7.12812
115	87	6.8524
115	91	6.34338
115	97	6.6009
115	103	4.36984
115	105	7.78674
115	111	5.32036
115	118	7.17196
115	119	6.81941
115	124	6.4773
115	126	7.71067
115	127	7.25593
115	132	7.27881
115	134	9.48626
115	155	7.71959
115	174	8.87695
115	178	9.52652
115	182	9.01206
115	184	9.24278
115	191	9.4518
115	192	9.33464
115	194	9.02459
116	10	6.12404
116	11	4.97862
116	23	6.14056
116	30	7.33534
116	51	6.91217
116	54	6.93383
116	57	7.14172
116	72	6.94949
116	79	7.41225
116	80	5.58796
116	85	7.37818
116	102	6.45443
116	110	7.34365
116	111	7.45858
116	119	6.10124
116	121	8.30004
116	123	8.34274
116	125	6.23797
116	127	6.46193
116	135	5.50202
116	140	8.56149
116	144	6.75778
116	147	8.7708
116	148	5.80922
116	172	8.95192
116	181	9.02373
117	3	5.63046
117	31	6.33027
117	44	5.77736
117	57	7.35745
117	74	6.45069
117	75	6.56484
117	81	5.06414
117	83	5.12168
117	94	5.96142
117	96	6.48676
117	120	8.193
117	125	6.45369
117	131	5.79568
117	133	8.50005
117	134	9.74789
117	140	7.89425
117	151	7.19065
117	152	8.65254
117	161	8.66458
117	164	8.50251
117	165	9.38971
117	180	9.0761
117	183	8.54934
117	188	9.66039
117	194	8.75985
117	195	9.36034
118	34	5.78586
118	40	3.62197
118	43	5.17426
118	44	6.34356
118	52	5.91286
118	57	5.70279
118	61	5.4822
118	79	6.16417
118	87	7.68022
118	88	5.8308
118	99	7.23787
118	101	6.45869
118	120	6.62179
118	133	7.45547
118	146	8.23108
118	150	8.17573
118	154	8.75885
118	162	8.18152
118	163	8.48464
118	165	7.64677
118	167	8.65105
118	169	7.34419
118	171	8.82031
118	181	8.79917
118	184	8.84728
118	185	8.34593
119	19	5.2904
119	24	6.29287
119	57	7.35324
119	66	5.66268
119	70	6.36529
119	71	6.08491
119	91	6.6008
119	101	7.0219
119	107	9.53658
119	109	7.65932
119	110	7.55516
119	115	7.14982
119	117	6.30876
119	127	6.92485
119	132	6.94773
119	133	8.49584
119	134	9.74368
119	144	8.02321
119	147	8.98231
119	157	8.17427
119	164	8.4983
119	165	9.3855
119	177	8.57129
119	185	9.7515
119	191	9.12072
119	192	9.00356
120	2	4.02281
120	3	5.49354
120	17	6.25859
120	65	6.51422
120	80	6.76433
120	93	5.62381
120	97	6.52869
120	99	6.79726
120	101	6.85314
120	109	6.95454
120	112	6.31764
120	124	7.69957
120	131	6.75633
120	134	5.81863
120	146	7.79047
120	161	7.33229
120	163	8.04403
120	165	7.20617
120	168	8.79437
120	171	9.21477
120	179	7.38559
120	181	8.35857
120	184	8.40667
120	197	9.2072
120	198	8.01265
120	199	9.28577
121	3	5.94963
121	23	5.79249
121	24	6.06966
121	35	4.83761
121	45	5.92345
121	73	5.93536
121	75	6.88401
121	79	7.06418
121	85	7.03012
121	96	6.80593
121	106	4.33739
121	110	7.33195
121	114	8.09594
121	115	5.57404
121	120	7.96557
121	136	6.67214
121	140	8.21342
121	141	9.07824
121	157	7.33947
121	160	8.91347
121	161	8.98376
121	172	8.60386
121	175	6.71528
121	185	9.52829
121	188	9.97956
121	189	10.0958
122	5	6.642
122	15	3.94118
122	20	7.74958
122	22	6.08642
122	23	4.38636
122	31	4.68389
122	33	6.70496
122	50	7.05837
122	59	5.97679
122	78	8.17146
122	84	7.16112
122	85	5.35327
122	87	6.8613
122	92	7.73349
122	98	7.93481
122	124	6.48621
122	142	7.96571
122	154	7.93993
122	159	8.22645
122	162	8.87844
122	174	8.1387
122	175	9.82143
122	176	9.99719
122	184	9.25168
122	186	9.74821
122	196	10.6198
123	29	4.46857
123	30	5.08597
123	32	4.89158
123	34	6.36127
123	47	7.52114
123	50	4.63391
123	118	6.95476
123	121	7.00791
123	134	5.74015
123	137	6.03685
123	141	5.76339
123	142	7.63054
123	146	7.71199
123	153	7.69389
123	158	6.47522
123	162	7.66243
123	165	7.12769
123	166	9.61315
123	174	9.53302
123	178	7.72459
123	180	9.05432
123	182	9.1196
123	183	9.5455
123	193	8.58356
123	196	8.10107
123	198	7.93417
124	1	3.88377
124	6	4.60665
124	10	5.59926
124	53	6.44778
124	56	5.47016
124	65	6.35645
124	74	6.59315
124	78	3.85159
124	79	6.88747
124	93	8.28295
124	106	4.73397
124	108	7.03938
124	111	6.93381
124	113	7.02999
124	116	8.52097
124	122	5.99614
124	160	8.73676
124	168	8.00288
124	169	6.94716
124	172	8.42715
124	181	9.40861
124	183	8.6918
124	185	9.92487
124	189	10.4923
124	194	8.90231
124	200	9.61869
125	11	5.7875
125	17	5.34762
125	20	3.49804
125	27	8.7915
125	48	5.82408
125	89	6.20733
125	97	6.88511
125	105	7.6937
125	106	4.58739
125	117	6.33555
125	119	6.72636
125	126	7.61763
125	127	7.16289
125	132	7.18576
125	136	6.92214
125	143	8.22682
125	153	6.57488
125	159	8.50175
125	163	8.67568
125	164	8.52509
125	174	8.7839
125	177	8.80933
125	179	10.4577
125	192	9.24159
125	197	9.76998
125	198	11.2979
126	37	6.31566
126	62	6.17275
126	64	6.64183
126	69	7.15561
126	71	6.44679
126	80	5.98035
126	85	5.31767
126	88	6.67584
126	125	7.40942
126	128	6.67621
126	129	6.39433
126	132	7.3096
126	138	6.62987
126	144	8.38509
126	151	7.26482
126	157	8.53615
126	174	8.90774
126	176	9.96159
126	177	8.93317
126	180	8.78778
126	182	9.04286
126	184	9.21609
126	185	9.46739
126	195	8.89214
126	197	9.45908
126	198	10.987
127	7	7.3162
127	11	5.68063
127	21	5.45511
127	48	5.71721
127	78	3.77504
127	87	7.20663
127	101	7.15306
127	105	7.58683
127	111	5.6746
127	115	7.28099
127	116	5.93122
127	119	6.61949
127	123	8.65107
127	126	7.51076
127	132	7.07889
127	144	8.15438
127	146	7.91807
127	152	8.74514
127	155	7.51968
127	168	7.92633
127	178	9.88076
127	183	8.49651
127	184	9.59702
127	186	10.0935
127	191	9.25189
127	192	9.13472
128	2	7.66413
128	7	7.41077
128	8	6.06812
128	9	6.39651
128	12	6.22912
128	38	6.88697
128	43	6.73876
128	46	6.31305
128	61	6.91917
128	69	7.63111
128	93	4.85035
128	94	6.57679
128	95	8.13973
128	100	5.88186
128	103	7.92258
128	106	8.53252
128	126	6.10343
128	129	6.88627
128	131	7.65539
128	135	7.97996
128	148	8.39781
128	160	7.03152
128	167	8.27204
128	180	9.26329
128	185	9.9429
129	1	6.11088
129	8	6.09634
129	26	5.70828
129	35	5.11349
129	42	7.45526
129	43	6.76699
129	47	6.42799
129	49	7.10216
129	61	6.94739
129	81	5.11259
129	89	6.75525
129	94	6.60502
129	106	8.56074
129	128	6.86246
129	131	7.68362
129	135	8.00818
129	138	6.96664
129	139	8.03848
129	148	8.42604
129	161	6.4201
129	162	9.17962
129	168	7.88218
129	183	8.45235
129	189	10.3716
129	194	9.33467
130	10	5.51464
130	36	5.30058
130	39	5.93305
130	44	5.96869
130	46	6.42151
130	53	6.21891
130	61	5.21165
130	70	6.40461
130	71	6.57885
130	84	5.63061
130	91	6.37528
130	94	6.25706
130	133	8.79569
130	140	6.99586
130	145	7.1986
130	150	8.77217
130	154	7.13482
130	159	7.68523
130	167	8.37693
130	171	8.84036
130	174	8.68706
130	175	7.23834
130	181	9.53509
130	187	9.13174
130	200	9.35051
131	9	6.73195
131	17	4.97376
131	26	6.01549
131	49	7.40938
131	61	7.25461
131	65	5.22939
131	92	5.07278
131	94	6.91223
131	98	4.55431
131	106	8.86796
131	118	7.1094
131	127	6.35347
131	128	7.16968
131	135	8.3154
131	139	8.34569
131	144	6.64932
131	148	8.73325
131	149	6.50814
131	176	9.92573
131	179	10.111
131	182	7.65381
131	183	8.07972
131	188	7.15814
131	192	8.88966
131	199	9.82559
132	11	5.65339
132	17	5.21351
132	21	5.42787
132	23	4.41846
132	47	6.15891
132	80	5.7224
132	88	6.41789
132	110	7.33874
132	125	7.15147
132	130	6.97304
132	133	8.27942
132	143	8.09271
132	144	8.12714
132	155	7.49244
132	165	9.16908
132	171	8.03349
132	174	8.64979
132	177	8.67522
132	183	8.18327
132	191	9.22465
132	192	9.10748
132	193	10.2073
132	197	9.52677
132	199	9.92915
132	200	9.2289
133	15	5.06669
133	18	3.96852
133	20	4.34824
133	21	5.38364
133	32	5.20825
133	52	6.21945
133	63	6.39128
133	66	6.49634
133	67	6.53093
133	69	5.7432
133	104	7.38066
133	110	6.95547
133	134	6.05683
133	142	7.36173
133	146	8.02866
133	150	7.97332
133	155	7.37911
133	176	7.4881
133	181	8.59676
133	184	8.64487
133	185	8.14352
133	188	8.35511
133	192	10.0866
133	196	8.41774
133	197	9.44539
134	4	5.36292
134	22	5.79249
134	29	4.10449
134	30	4.7219
134	46	5.40597
134	57	4.81964
134	68	4.70542
134	98	6.50656
134	114	5.17481
134	119	7.94503
134	126	7.54432
134	129	8.31072
134	133	6.57231
134	146	7.34792
134	147	5.946
134	154	9.82072
134	155	8.13439
134	176	6.80735
134	179	6.94304
134	181	7.91602
134	184	7.96412
134	185	7.46277
134	193	8.21949
134	197	8.76465
134	199	8.84322
135	8	6.50304
135	12	6.66404
135	13	5.40285
135	14	5.23418
135	38	6.30738
135	43	7.17368
135	47	5.98713
135	49	7.50886
135	61	7.35409
135	71	5.8908
135	95	8.57465
135	103	8.35751
135	120	7.80059
135	122	5.43457
135	129	7.32119
135	139	8.44518
135	141	8.91326
135	144	6.58109
135	148	8.83273
135	170	8.64666
135	174	7.99901
135	178	9.39574
135	188	7.08991
135	191	7.86312
135	196	10.4801
136	8	3.44828
136	13	5.79618
136	21	4.62166
136	53	6.042
136	70	6.22769
136	87	6.12837
136	113	6.31466
136	130	7.26116
136	142	6.59974
136	145	7.02169
136	155	6.61712
136	158	9.37855
136	165	9.5005
136	166	7.86149
136	167	8.20002
136	168	7.83635
136	171	8.66344
136	182	8.0888
136	187	8.95482
136	188	7.59312
136	190	9.92422
136	195	9.29126
136	196	10.9833
136	197	9.8582
136	200	9.17359
137	8	2.70517
137	14	6.09664
137	27	8.13661
137	30	6.91875
137	31	7.11446
137	32	7.23734
137	45	6.38847
137	56	4.66869
137	68	7.21537
137	72	7.06644
137	76	6.77752
137	80	5.17137
137	94	5.32911
137	103	3.99916
137	107	8.90848
137	117	7.78917
137	118	6.80128
137	121	8.417
137	123	7.92616
137	141	8.67336
137	147	8.35422
137	151	7.97484
137	172	9.06888
137	197	9.11509
137	198	10.643
138	28	5.19173
138	44	5.9705
138	79	5.71919
138	87	6.30709
138	91	6.37708
138	92	5.51818
138	104	7.58713
138	111	5.7032
138	123	8.67967
138	127	6.79886
138	130	7.43988
138	136	7.16091
138	139	6.78208
138	145	7.20041
138	152	8.77374
138	159	7.68703
138	161	6.49286
138	163	8.77431
138	166	8.04022
138	167	8.37874
138	168	8.01507
138	171	8.84216
138	176	10.3711
138	190	9.93464
138	200	9.35231
139	8	6.54482
139	9	6.87321
139	15	4.22362
139	21	4.54057
139	22	4.19413
139	26	6.15675
139	27	8.79863
139	43	7.21546
139	74	5.67638
139	82	5.22832
139	85	5.63571
139	94	7.05349
139	95	8.61643
139	96	5.87802
139	97	6.89224
139	100	5.72439
139	103	8.39929
139	129	7.36297
139	131	8.13209
139	132	6.16538
139	148	8.87451
139	152	8.68225
139	177	7.78675
139	180	9.10581
139	182	8.00771
140	31	6.51957
140	58	4.94626
140	63	5.5056
140	74	6.63999
140	77	6.38988
140	79	6.93431
140	83	5.10879
140	89	6.69391
140	100	5.68179
140	116	8.56781
140	117	7.19428
140	121	7.82211
140	125	6.4408
140	135	5.70485
140	136	6.88667
140	148	6.01205
140	153	7.76481
140	156	5.90267
140	172	8.47399
140	180	9.06321
140	183	8.73864
140	184	9.49152
140	185	9.74282
140	188	9.84969
140	194	8.94915
141	6	5.72459
141	19	5.76787
141	30	4.74616
141	32	4.55176
141	46	5.43023
141	68	4.72968
141	85	6.89309
141	115	7.08856
141	126	7.20334
141	147	5.97026
141	150	7.31683
141	152	6.6251
141	160	8.13143
141	162	7.32262
141	163	7.62574
141	164	7.4864
141	176	6.83161
141	178	7.38477
141	180	8.7145
141	181	7.94028
141	182	9.26509
141	184	7.98838
141	185	7.48703
141	195	10.4676
141	200	10.7366
142	33	6.29356
142	41	5.43807
142	50	7.20589
142	56	6.88964
142	58	6.23403
142	59	5.5654
142	69	7.33872
142	70	6.26429
142	72	5.67775
142	78	7.76006
142	92	7.32209
142	96	5.7431
142	122	8.04852
142	140	6.59501
142	149	8.18577
142	150	8.37132
142	152	8.54732
142	156	8.9236
142	159	8.37396
142	167	7.97964
142	169	9.22886
142	170	8.93386
142	175	9.41003
142	183	8.29869
142	194	9.18101
143	6	5.29373
143	9	3.60405
143	19	5.7137
143	47	6.02194
143	48	6.00934
143	67	5.30055
143	73	6.16322
143	101	7.4452
143	108	4.83534
143	122	5.46938
143	141	8.94807
143	147	8.62893
143	157	8.59757
143	163	8.29551
143	169	6.42041
143	171	7.89653
143	174	8.96916
143	177	8.99459
143	184	9.14681
143	187	8.29161
143	188	7.12473
143	191	9.54402
143	192	9.42685
143	193	10.0704
143	199	9.79218
144	56	5.41491
144	62	6.30844
144	63	5.6324
144	72	5.89687
144	86	5.93301
144	89	6.46687
144	90	7.69866
144	93	4.77707
144	95	4.12537
144	101	7.51946
144	106	4.67872
144	109	8.15689
144	115	7.64739
144	119	6.98589
144	124	6.85284
144	125	7.54511
144	139	6.77478
144	143	8.48635
144	153	6.6662
144	155	7.88608
144	162	9.24507
144	174	9.04343
144	178	9.90206
144	182	9.17855
144	186	10.1148
145	41	5.72076
145	44	5.76797
145	54	6.25957
145	70	6.20388
145	87	6.10456
145	97	7.4771
145	100	6.30925
145	101	6.50707
145	110	8.17395
145	113	6.29086
145	115	6.41603
145	131	6.41025
145	136	6.95839
145	140	7.31479
145	143	6.46102
145	154	6.9341
145	156	6.53013
145	159	7.48451
145	162	9.74574
145	166	7.83769
145	167	8.17621
145	168	7.81255
145	187	8.93102
145	199	10.7643
145	200	9.14979
146	49	4.66675
146	64	6.41363
146	65	6.00353
146	70	6.81946
146	74	6.09663
146	76	6.57177
146	85	6.05595
146	97	7.04159
146	112	6.83054
146	121	6.31627
146	141	6.35476
146	147	6.90144
146	152	7.55629
146	158	7.0666
146	160	7.29429
146	161	6.82161
146	163	8.55693
146	164	8.41759
146	167	8.53481
146	174	8.84138
146	177	8.207
146	178	8.31596
146	186	8.19416
146	190	9.45981
146	200	9.89948
147	3	5.57358
147	15	5.23459
147	24	5.18912
147	27	3.44826
147	74	6.68735
147	105	6.598
147	112	6.14084
147	115	6.84214
147	119	7.35765
147	121	6.90699
147	134	5.64183
147	152	6.8666
147	163	7.86723
147	164	7.7279
147	167	9.12554
147	173	7.82077
147	175	7.98338
147	179	7.2088
147	185	7.72852
147	189	7.95875
147	193	8.48524
147	197	9.0304
147	198	7.83585
147	199	9.10898
147	200	10.4902
148	1	6.60616
148	8	6.59162
148	9	6.92002
148	12	6.75262
148	26	6.20356
148	58	4.6474
148	62	5.60001
148	68	7.53594
148	72	5.47122
148	84	5.02323
148	103	8.44609
148	118	7.12184
148	128	7.35774
148	129	7.40977
148	130	6.88193
148	131	8.1789
148	139	8.53376
148	158	8.95601
148	161	6.0599
148	163	8.34136
148	169	6.46626
148	179	10.1234
148	193	10.1162
148	197	9.43566
148	199	9.83803
149	20	7.51474
149	22	5.85159
149	23	4.63128
149	24	6.28928
149	43	4.60026
149	58	6.41059
149	61	4.9082
149	64	5.95586
149	76	7.40202
149	81	7.0456
149	84	6.92628
149	92	7.49866
149	100	8.00496
149	116	5.83081
149	123	8.55066
149	126	5.90844
149	147	8.97872
149	151	7.54533
149	156	9.10017
149	157	7.55909
149	169	9.40543
149	174	8.38362
149	175	9.58659
149	191	8.24773
149	195	9.17266
150	2	4.45272
150	25	5.39492
150	30	5.59436
150	35	5.7723
150	45	5.51582
150	46	6.27844
150	104	7.57238
150	109	6.70116
150	112	6.74756
150	126	6.62352
150	127	7.38492
150	131	6.50295
150	134	6.24855
150	137	5.60252
150	141	6.27178
150	147	6.81846
150	151	8.26041
150	152	7.47331
150	153	7.25956
150	154	8.89992
150	163	8.47395
150	173	8.42748
150	185	8.33524
150	186	8.11118
150	191	8.9628
151	10	5.25193
151	13	6.07793
151	14	5.10758
151	15	6.08906
151	16	6.29244
151	24	6.57975
151	36	7.06147
151	45	5.39941
151	74	6.24582
151	102	6.95282
151	109	6.27657
151	121	7.42794
151	128	7.24721
151	153	7.37064
151	154	8.47533
151	161	8.45972
151	167	8.36753
151	172	8.07982
151	179	10.7178
151	183	8.34447
151	188	9.45552
151	194	8.55499
151	195	9.15547
151	196	11.1552
151	200	9.7322
152	24	5.46039
152	26	4.6247
152	27	3.71953
152	38	5.48089
152	62	6.72928
152	69	5.59947
152	110	6.81174
152	112	6.41211
152	120	6.27566
152	121	6.68384
152	125	7.27122
152	145	8.89361
152	153	7.36983
152	154	9.01019
152	156	6.73309
152	166	9.28908
152	171	9.07165
152	173	8.09204
152	176	7.34437
152	178	7.89753
152	184	8.50114
152	186	7.77574
152	189	8.23002
152	197	9.30167
152	198	8.10712
153	3	5.60506
153	10	5.4314
153	31	6.30487
153	47	6.0404
153	62	5.73992
153	65	6.18859
153	78	3.51061
153	104	7.29409
153	124	7.34991
153	128	6.79271
153	140	7.86885
153	148	5.85311
153	151	7.16525
153	158	9.09593
153	160	8.56889
153	168	7.6619
153	170	8.86724
153	172	8.25929
153	173	9.27907
153	178	9.61633
153	181	9.06762
153	183	8.52394
153	188	9.63498
153	195	9.33493
153	198	11.1035
154	16	5.34638
154	53	5.8988
154	67	5.97615
154	69	8.02603
154	91	6.05516
154	102	6.14794
154	105	6.13942
154	106	5.14691
154	113	6.17147
154	120	8.7751
154	127	7.25975
154	132	6.71777
154	136	6.83899
154	144	7.5556
154	145	6.87849
154	159	7.36511
154	160	7.42643
154	161	6.95374
154	166	7.7183
154	167	8.05682
154	171	8.52024
154	172	8.0067
154	187	8.81162
154	189	10.9053
154	200	9.03039
155	6	4.99309
155	26	3.62935
155	73	5.86258
155	83	6.9197
155	109	7.78199
155	115	7.27249
155	126	7.50225
155	127	7.04751
155	130	7.01585
155	132	7.07039
155	143	8.11144
155	150	8.29871
155	157	8.29694
155	163	8.47528
155	165	9.21188
155	168	7.6559
155	173	9.27307
155	175	6.76488
155	177	8.69395
155	180	8.89828
155	181	9.06162
155	184	9.32658
155	189	10.1454
155	192	9.12622
155	195	9.00264
156	4	3.35162
156	5	6.60006
156	18	7.32861
156	33	6.66302
156	34	4.83644
156	39	5.32877
156	56	7.25909
156	73	5.77956
156	81	7.23849
156	114	7.94013
156	122	8.41798
156	134	9.36466
156	135	5.33451
156	147	8.6033
156	149	8.55523
156	151	7.16991
156	164	8.11928
156	166	8.08832
156	169	9.59832
156	172	7.04137
156	174	8.00819
156	175	9.77949
156	181	8.85622
156	195	8.79724
156	199	9.76655
157	6	5.30158
157	12	3.75709
157	14	5.87503
157	17	5.54074
157	21	5.7551
157	29	7.50433
157	31	5.18505
157	48	6.01719
157	80	6.04963
157	89	6.40045
157	101	7.45305
157	108	5.44137
157	125	7.4787
157	131	6.04412
157	143	8.41993
157	149	7.08077
157	155	7.81966
157	158	9.5162
157	164	8.75095
157	174	8.97702
157	175	7.19114
157	192	9.43471
157	193	10.6764
157	194	9.53466
157	196	11.121
158	3	5.5901
158	14	6.68379
158	16	7.06697
158	20	4.53266
158	25	4.78958
158	32	4.79463
158	38	5.211
158	87	8.17122
158	88	6.32181
158	123	6.01883
158	133	6.83944
158	138	7.97539
158	150	7.5597
158	153	7.6095
158	163	7.86861
158	164	7.72927
158	166	9.52875
158	170	8.35015
158	174	9.44862
158	184	8.23125
158	186	7.50584
158	190	8.77149
158	193	8.48661
158	197	9.03178
158	199	9.11035
159	3	5.18402
159	5	3.97562
159	15	4.84503
159	16	5.55828
159	34	5.87079
159	37	5.80923
159	70	6.29639
159	83	5.7728
159	87	6.19707
159	91	6.26706
159	101	6.54362
159	102	6.35984
159	110	8.21049
159	113	6.38336
159	125	7.10481
159	154	7.0266
159	166	7.93019
159	167	8.26872
159	168	7.90505
159	171	8.73214
159	175	7.59382
159	176	10.901
159	177	8.40816
159	187	9.02352
159	200	9.24229
160	2	7.3581
160	10	5.71283
160	15	6.54997
160	30	7.43222
160	37	5.03926
160	47	6.32183
160	61	4.79716
160	72	6.53828
160	85	6.96698
160	100	5.57583
160	111	7.04738
160	114	8.20452
160	116	8.63454
160	136	6.78072
160	141	9.18683
160	142	6.3701
160	151	7.44668
160	161	8.92062
160	169	6.65916
160	173	9.33205
160	183	8.80537
160	189	10.2043
160	192	9.095
160	194	9.01589
160	196	10.7537
161	28	5.90126
161	55	7.17689
161	63	5.17008
161	68	7.49927
161	93	8.38027
161	96	6.72654
161	108	7.13669
161	111	7.03112
161	112	6.77483
161	113	6.51242
161	124	7.61509
161	130	6.84526
161	140	8.13403
161	144	6.62509
161	147	8.63811
161	164	8.15409
161	170	8.69065
161	177	7.40863
161	188	9.90016
161	189	9.97476
161	191	7.90712
161	194	8.99963
161	195	9.60011
161	196	10.5241
161	197	9.39899
162	15	4.98715
162	30	5.42757
162	50	4.97551
162	58	5.75239
162	60	5.34555
162	68	5.41109
162	80	6.59693
162	84	6.12822
162	91	7.39825
162	111	6.37524
162	112	6.58076
162	114	5.88048
162	123	6.45737
162	131	6.58893
162	143	6.63969
162	147	6.65167
162	152	7.30652
162	154	8.9859
162	165	7.46929
162	178	8.06618
162	182	8.77125
162	184	8.66979
162	185	8.16844
162	193	8.92516
162	200	10.2428
163	7	4.4284
163	18	3.63312
163	23	5.17647
163	29	4.90613
163	30	5.52353
163	50	5.07148
163	58	5.49653
163	83	5.65905
163	91	7.14238
163	114	5.97645
163	120	6.54027
163	137	5.43263
163	145	8.61346
163	152	7.40248
163	157	8.10428
163	159	9.01655
163	166	9.00893
163	170	8.88466
163	181	8.71766
163	187	9.18659
163	190	9.306
163	192	9.75122
163	196	8.53863
163	197	9.56629
163	199	9.64486
164	45	5.2789
164	71	6.75356
164	75	6.17128
164	92	5.86732
164	97	6.83599
164	98	5.34884
164	99	7.10456
164	103	5.10181
164	104	7.44976
164	116	6.30896
164	133	7.32216
164	143	6.31679
164	162	8.0482
164	172	7.89495
164	175	7.41305
164	177	8.22739
164	179	7.69289
164	180	9.44009
164	189	8.44284
164	190	9.25421
164	192	9.68419
164	194	9.75656
164	196	8.48684
164	197	9.51449
164	199	9.59307
165	5	4.21258
165	37	6.04619
165	40	3.15597
165	68	5.12257
165	86	6.70719
165	91	7.49309
165	93	5.55125
165	110	6.69187
165	114	5.59196
165	134	5.79323
165	152	7.018
165	155	7.39441
165	160	7.73242
165	161	7.25973
165	180	9.1074
165	184	8.38127
165	185	7.87992
165	186	7.65587
165	187	9.53729
165	189	8.11015
165	193	8.63664
165	195	10.0685
165	196	8.15414
165	197	9.1818
165	199	9.26038
166	7	7.6942
166	16	5.54719
166	35	5.53566
166	36	5.18127
166	37	5.62872
166	39	5.81374
166	44	5.84938
166	46	6.59648
166	58	5.42976
166	67	6.17695
166	70	6.28529
166	77	6.46508
166	92	5.86758
166	114	8.79398
166	124	7.20954
166	130	7.31876
166	141	9.77628
166	145	7.07929
166	154	7.01551
166	167	8.25762
166	168	7.89395
166	173	9.92151
166	178	10.2588
166	187	9.01242
166	200	9.2312
167	18	3.35833
167	33	4.71915
167	40	9.30818
167	44	5.95796
167	58	5.22174
167	67	6.28553
167	77	6.57365
167	87	6.29455
167	97	7.12512
167	102	6.45732
167	106	4.8274
167	113	6.48085
167	126	6.17884
167	149	7.09492
167	152	8.91513
167	154	7.12408
167	163	8.9157
167	166	8.02768
167	168	8.00253
167	170	9.30166
167	171	8.82962
167	184	9.767
167	187	9.121
167	193	10.6905
167	200	9.33977
168	25	6.76163
168	47	6.54092
168	53	6.0615
168	67	6.13886
168	70	6.2472
168	77	6.42698
168	89	6.86818
168	102	6.31065
168	130	7.28067
168	136	7.0017
168	138	7.38418
168	155	6.6677
168	163	8.81448
168	166	7.881
168	167	8.21952
168	171	8.68294
168	176	10.4113
168	178	9.94953
168	179	10.5965
168	181	9.40083
168	187	8.97433
168	190	9.9748
168	191	8.41691
168	197	9.90878
168	200	9.1931
169	1	3.49608
169	3	4.31438
169	18	7.28643
169	24	6.07856
169	40	8.82707
169	52	7.04034
169	58	6.5613
169	59	5.89267
169	63	6.64693
169	76	7.19131
169	81	7.19631
169	109	5.77538
169	142	7.88159
169	145	7.85756
169	146	7.60694
169	147	8.768
169	149	8.51305
169	152	8.43401
169	156	9.25087
169	170	8.82055
169	173	9.23238
169	175	9.7373
169	181	9.02093
169	192	8.99532
169	197	9.52888
170	28	5.72147
170	46	6.36126
170	52	5.99761
170	53	6.92957
170	60	5.59517
170	62	6.5627
170	71	6.93416
170	75	6.35188
170	90	6.49182
170	99	7.31001
170	107	5.42424
170	108	5.84388
170	116	6.48956
170	121	6.51726
170	123	6.70699
170	135	6.36869
170	141	6.3546
170	143	6.49739
170	150	8.24786
170	173	8.51031
170	184	8.91941
170	186	8.194
170	187	9.30016
170	189	8.64829
170	199	9.79852
171	28	5.36357
171	44	6.10228
171	48	5.56257
171	53	6.3525
171	55	4.8797
171	67	6.42986
171	69	7.73698
171	77	6.71798
171	82	5.49166
171	88	5.55766
171	91	6.50887
171	102	6.60165
171	110	7.85242
171	136	7.2927
171	137	5.18831
171	138	7.67518
171	141	9.59872
171	143	6.1395
171	145	7.33219
171	159	7.81882
171	165	9.68276
171	168	8.14686
171	173	9.74395
171	186	10.294
171	200	9.4841
172	13	5.76071
172	23	5.46039
172	28	5.64855
172	42	7.37226
172	50	7.27654
172	52	5.31211
172	79	6.73208
172	111	6.77842
172	116	8.36558
172	117	6.99205
172	124	7.36238
172	133	8.4655
172	134	9.71334
172	138	6.88364
172	153	7.56258
172	160	8.58137
172	167	8.0503
172	169	6.74345
172	181	9.2049
172	188	9.64746
172	190	9.77887
172	192	9.17929
172	194	8.74692
172	195	9.34741
172	199	10.1152
173	29	4.74289
173	31	5.69532
173	38	5.58226
173	65	6.31228
173	76	6.25471
173	90	6.17492
173	92	6.15568
173	93	5.42187
173	107	5.10734
173	118	7.22908
173	128	7.72324
173	132	6.89438
173	134	6.01448
173	136	7.65827
173	158	6.74955
173	164	8.10054
173	165	7.40201
173	166	9.23026
173	171	9.01283
173	179	7.58144
173	180	9.32864
173	186	7.87711
173	188	8.24103
173	189	8.33139
173	193	8.85788
174	6	5.16172
174	12	3.81671
174	17	5.40088
174	22	4.47248
174	29	7.56395
174	30	7.85912
174	43	4.91613
174	64	6.57125
174	65	5.86163
174	66	5.95397
174	73	6.03121
174	77	6.71083
174	88	6.60525
174	109	7.95062
174	118	7.74165
174	119	6.77962
174	124	7.04699
174	132	7.23902
174	140	7.00828
174	155	7.6798
174	163	8.96116
174	182	8.97227
174	186	10.309
174	192	9.29485
174	199	10.4578
175	5	6.54242
175	20	7.64999
175	22	5.98684
175	52	7.02488
175	59	5.87721
175	61	4.70354
175	66	5.41109
175	75	5.48847
175	81	7.18085
175	85	5.39353
175	92	7.63391
175	100	8.14021
175	104	7.25346
175	111	5.36952
175	134	9.53543
175	151	7.34068
175	156	9.23541
175	160	6.63187
175	163	8.44064
175	169	9.54068
175	180	8.86364
175	187	8.43674
175	192	9.00138
175	194	9.07375
175	198	11.0629
176	2	3.89039
176	9	5.08407
176	42	5.26855
176	45	5.93098
176	50	4.57997
176	91	7.72743
176	106	5.68724
176	119	7.43939
176	120	6.04876
176	127	7.80008
176	133	6.88244
176	139	7.7833
176	141	5.70944
176	150	7.6027
176	161	7.49407
176	162	7.60849
176	173	7.86515
176	180	9.00038
176	181	8.22615
176	186	7.54884
176	189	8.00312
176	193	8.52961
176	194	10.4086
176	197	9.07478
176	199	9.15335
177	6	5.1665
177	11	5.84554
177	21	5.62002
177	25	6.66566
177	33	4.52197
177	37	6.24986
177	55	4.65205
177	65	5.61898
177	66	5.95875
177	83	7.09311
177	85	5.6714
177	101	7.31797
177	115	7.4459
177	123	8.62387
177	125	7.34362
177	155	7.68458
177	161	6.43706
177	181	9.30486
177	182	8.97705
177	185	9.82112
177	189	10.3886
177	190	9.87884
177	191	9.4168
177	196	10.9379
177	200	9.51494
178	2	4.0899
178	39	6.58287
178	51	5.70417
178	60	5.14952
178	68	5.21507
178	76	6.12597
178	90	6.04617
178	108	6.0638
178	123	6.26135
178	129	7.55352
178	136	7.77043
178	141	5.90896
178	149	7.7032
178	158	6.6208
178	163	8.11113
178	165	7.27326
178	172	8.29547
178	173	8.06466
178	174	9.26229
178	176	7.317
178	179	7.45269
178	185	7.97242
178	189	8.20264
178	197	9.27429
178	200	10.3204
179	11	6.34933
179	17	6.45293
179	26	4.96216
179	38	5.26453
179	42	5.27909
179	68	5.02609
179	72	6.93795
179	90	5.85719
179	102	7.82513
179	132	7.29066
179	134	5.69675
179	137	6.05024
179	146	7.66859
179	148	7.17992
179	150	7.61324
179	153	7.70728
179	162	7.61903
179	163	7.92215
179	173	7.87568
179	178	7.68118
179	180	9.01091
179	185	7.78344
179	193	8.54015
179	198	7.89076
179	199	9.16389
180	19	4.97252
180	20	3.9672
180	29	5.13687
180	40	3.77119
180	45	5.3003
180	50	5.30221
180	54	6.13674
180	57	5.85201
180	60	5.67225
180	68	5.73779
180	69	6.09482
180	76	6.64869
180	115	6.2932
180	119	6.8087
180	129	7.17439
180	152	7.63322
180	175	7.43444
180	177	8.24878
180	185	8.49514
180	188	7.97406
180	190	9.53674
180	191	8.74728
180	193	9.25186
180	195	9.67221
180	198	8.60247
181	15	4.76241
181	29	4.82954
181	41	6.11178
181	42	5.68347
181	46	6.13102
181	51	5.4018
181	57	5.54468
181	76	6.34137
181	97	6.81119
181	120	6.46368
181	132	6.70417
181	139	7.22937
181	144	7.542
181	149	7.40083
181	151	8.12164
181	159	9.04767
181	168	8.40222
181	169	7.3465
181	179	7.66809
181	180	9.41529
181	189	8.41804
181	193	8.94453
181	196	8.46204
181	197	9.48969
181	199	9.56827
182	21	5.59689
182	37	6.22673
182	49	4.28851
182	57	7.42917
182	66	5.93562
182	71	6.35785
182	73	6.01286
182	74	5.71839
182	80	5.89141
182	105	7.7286
182	115	7.42277
182	125	7.32049
182	135	5.78946
182	139	6.73259
182	144	8.29615
182	152	8.72425
182	162	9.20289
182	163	8.72482
182	177	8.84423
182	185	9.82743
182	191	9.39366
182	192	9.2765
182	195	9.25219
182	196	10.9442
182	197	9.81912
183	4	6.14906
183	23	5.45752
183	34	5.97507
183	35	5.3024
183	73	6.40015
183	76	7.64719
183	84	5.57234
183	85	6.69515
183	86	6.64947
183	93	8.12469
183	104	7.70328
183	106	4.80218
183	117	6.98918
183	120	8.43036
183	125	6.69105
183	137	9.61647
183	140	7.87845
183	141	9.54303
183	143	6.08381
183	154	8.43002
183	160	8.5785
183	162	9.36853
183	179	10.6725
183	194	8.74405
183	195	9.34454
184	21	5.1289
184	35	5.68308
184	44	6.39541
184	46	6.12196
184	51	5.45135
184	64	6.58171
184	69	5.77844
184	79	6.21602
184	94	6.57946
184	104	7.4159
184	111	6.20003
184	112	6.59108
184	115	6.41951
184	141	6.1153
184	144	7.59154
184	150	8.00856
184	164	8.17813
184	165	7.47961
184	166	9.08959
184	178	8.0765
184	190	9.22035
184	197	9.48064
184	198	8.28609
184	199	9.55921
184	200	10.0676
185	12	4.25759
185	14	6.37553
185	65	6.30252
185	76	6.1138
185	98	5.62744
185	108	5.94187
185	114	5.67229
185	118	7.08816
185	131	6.54463
185	134	5.87356
185	147	6.44348
185	150	7.79005
185	158	6.60863
185	159	9.22812
185	165	7.2611
185	176	7.30483
185	180	9.18772
185	186	7.73619
185	187	9.39815
185	190	9.00184
185	191	9.00448
185	193	8.71696
185	194	10.0352
185	196	8.23447
185	198	8.06758
186	25	4.91236
186	29	4.4944
186	31	5.80923
186	42	5.34832
186	59	6.91158
186	69	5.45235
186	120	6.12854
186	127	7.55027
186	144	7.84612
186	146	7.73782
186	150	7.68248
186	151	8.42576
186	153	7.42491
186	162	7.68826
186	164	7.85204
186	170	8.47293
186	173	7.94492
186	178	7.75042
186	181	8.30592
186	182	8.85062
186	191	9.12815
186	193	8.60939
186	194	10.1588
186	196	8.1269
186	198	7.96
187	5	3.61951
187	42	7.70182
187	53	6.30954
187	56	5.59601
187	70	6.49523
187	87	6.39591
187	92	5.69198
187	102	6.55868
187	108	5.48794
187	112	7.41825
187	113	6.5822
187	122	6.12199
187	128	7.25955
187	130	7.5287
187	138	7.63221
187	145	7.28923
187	154	7.22544
187	155	6.80134
187	159	7.77585
187	162	9.42618
187	166	8.12903
187	180	9.37111
187	188	7.77733
187	193	10.723
187	200	9.44113
188	14	5.61086
188	34	6.28928
188	54	6.56501
188	55	7.23552
188	57	7.20873
188	69	7.29522
188	74	6.7491
188	75	6.86325
188	76	7.26112
188	86	6.96368
188	96	6.78517
188	107	9.39208
188	115	5.65275
188	116	8.67692
188	120	8.04429
188	129	6.53394
188	133	8.35134
188	153	7.87392
188	154	8.04394
188	168	7.68501
188	170	8.89036
188	178	9.63944
188	183	8.84775
188	186	9.85222
188	189	10.1745
189	25	5.00854
189	42	5.44451
189	51	5.66459
189	77	7.23406
189	99	6.84081
189	103	5.46276
189	104	7.186
189	114	5.6609
189	137	5.72655
189	138	7.74948
189	141	5.8854
189	153	7.38359
189	156	6.74685
189	158	6.59724
189	162	7.78445
189	165	7.24971
189	167	8.91614
189	170	8.56911
189	174	9.22271
189	176	7.29344
189	180	9.17634
189	185	7.94886
189	188	8.31361
189	190	8.99045
189	199	9.32931
190	4	4.33475
190	17	5.89784
190	22	4.76432
190	23	5.23898
190	25	5.34078
190	33	5.05646
190	64	6.56357
190	76	6.43465
190	92	5.99687
190	110	7.09305
190	111	6.18189
190	114	5.99314
190	116	6.43851
190	136	7.49946
190	142	7.08884
190	147	6.76432
190	162	8.11669
190	163	8.41981
190	164	8.28047
190	165	7.58194
190	168	8.43362
190	173	8.37335
190	189	8.51132
190	192	9.81374
190	196	8.55532
191	32	7.89188
191	47	6.40177
191	62	6.0568
191	64	6.52588
191	71	6.33083
191	73	5.98585
191	93	4.68539
191	97	6.88476
191	117	6.3352
191	119	6.73425
191	126	7.62552
191	132	7.19365
191	143	8.23471
191	144	8.26914
191	173	9.47312
191	174	8.79179
191	177	8.81722
191	178	9.81038
191	180	9.09833
191	182	8.9269
191	183	8.42613
191	189	10.3454
191	194	9.30844
191	197	9.76963
191	199	10.172
192	9	4.28115
192	17	5.28658
192	18	3.41525
192	31	5.25612
192	35	5.38455
192	71	6.2619
192	73	5.91691
192	88	6.49095
192	89	6.14629
192	94	6.28093
192	97	7.18204
192	101	7.19889
192	118	7.7531
192	121	6.18582
192	126	7.55659
192	129	7.00216
192	132	7.12472
192	139	6.98038
192	143	8.16577
192	158	9.58726
192	174	8.72286
192	182	8.85797
192	189	10.6427
192	191	9.29772
192	194	9.60573
193	2	4.20863
193	5	4.08656
193	7	4.25514
193	28	5.83258
193	31	5.69867
193	38	5.57224
193	76	6.24469
193	78	4.44449
193	83	5.88374
193	88	6.02667
193	118	7.21906
193	127	7.43971
193	134	6.00445
193	149	7.59439
193	153	7.31436
193	161	7.13371
193	162	7.92673
193	167	8.84692
193	178	7.98888
193	180	9.31862
193	181	8.54439
193	184	8.59249
193	186	7.86708
193	198	8.19847
193	199	9.47159
194	3	5.4903
194	24	6.64515
194	45	5.46412
194	54	6.12644
194	64	6.31174
194	65	6.07383
194	85	6.57079
194	86	6.52511
194	99	7.72
194	113	7.2089
194	115	6.14953
194	116	8.23835
194	118	7.78166
194	120	8.54107
194	121	7.49265
194	126	6.26432
194	137	9.4921
194	140	7.75409
194	143	6.19451
194	146	8.17353
194	160	8.45414
194	161	8.52443
194	178	10.1362
194	195	9.22018
194	197	10.0955
195	14	5.34881
195	23	5.50968
195	40	9.32204
195	54	6.30296
195	57	7.6339
195	58	5.2356
195	62	6.1882
195	72	6.31861
195	74	6.48705
195	75	6.6012
195	78	3.95888
195	79	6.78137
195	96	6.52312
195	100	5.97113
195	102	6.9466
195	108	6.93328
195	111	6.8277
195	116	8.41486
195	150	8.75298
195	163	8.92955
195	171	8.53057
195	179	10.7116
195	183	8.5857
195	185	10.0322
195	188	9.69674
196	23	5.53099
196	27	3.54159
196	57	5.17872
196	110	6.6338
196	114	5.53389
196	117	7.20488
196	119	7.20887
196	123	6.11078
196	126	6.80816
196	128	7.85644
196	135	6.60965
196	153	7.4442
196	156	6.80747
196	158	6.47023
196	164	7.82122
196	165	7.1227
196	170	8.44211
196	178	7.7196
196	180	9.04933
196	186	7.5978
196	190	8.86345
196	192	10.1058
196	193	8.57857
196	197	9.12373
196	198	7.92918
197	11	5.63281
197	46	6.17062
197	58	5.39761
197	81	5.50261
197	85	6.04446
197	87	7.55249
197	104	7.46456
197	110	7.03937
197	117	6.75144
197	118	7.35533
197	121	6.30478
197	123	6.51634
197	124	7.1774
197	141	6.16396
197	159	8.91764
197	162	8.06301
197	164	8.22679
197	169	7.21647
197	173	8.31966
197	177	8.19551
197	180	9.45489
197	185	8.22742
197	188	7.92079
197	196	8.50164
197	198	8.33474
198	19	5.55402
198	24	5.19488
198	32	4.79902
198	56	6.37424
198	60	4.91139
198	94	7.03466
198	104	6.97143
198	110	6.54624
198	112	6.1466
198	113	7.93407
198	135	6.79098
198	141	5.67083
198	142	7.56218
198	145	9.14932
198	152	6.87236
198	163	7.873
198	170	8.35454
198	173	7.82653
198	174	9.46466
198	178	7.63203
198	179	7.21456
198	180	8.96176
198	184	8.23564
198	190	8.77588
198	197	9.03616
199	2	4.37305
199	7	4.41956
199	9	4.53454
199	54	6.21789
199	57	5.61243
199	67	6.23104
199	89	7.2797
199	97	6.87894
199	99	7.14751
199	110	7.06752
199	114	5.9676
199	121	6.43921
199	122	6.39987
199	129	7.25555
199	132	6.70857
199	133	7.36511
199	142	7.06184
199	158	6.90395
199	172	7.9975
199	174	8.96432
199	179	7.73584
199	186	8.03151
199	190	9.29716
199	195	9.75336
199	197	9.55744
200	5	3.63114
200	7	7.53023
200	12	3.81529
200	25	6.90689
200	32	8.17629
200	36	5.19312
200	44	5.86123
200	53	6.11145
200	70	6.29715
200	77	6.47693
200	87	6.19782
200	90	7.89139
200	91	6.26782
200	102	6.3606
200	113	6.38412
200	118	7.74023
200	136	7.05165
200	141	9.61231
200	159	7.57777
200	167	8.26947
200	171	8.73289
200	181	9.54609
200	184	9.81105
200	187	9.02428
200	194	9.59286
