in-degree distribution (probability density function of the degree in logarithmic bins) 
15.5	0.0521058
17.9737	0.0877711
20.5909	0.0450508
22.8929	0.0508335
26.1905	0.0338005
28.7333	0.0214046
32.8333	0.022772
36.5833	0.0134593
41.4545	0.0109382
46.5333	0.0132238

in-degree distribution (degree-occurrences) 
15	0.05
16	0.05
17	0.065
18	0.065
19	0.06
20	0.045
21	0.065
22	0.055
23	0.045
24	0.04
25	0.03
26	0.025
27	0.05
28	0.04
29	0.015
30	0.02
31	0.005
32	0.025
33	0.04
34	0.02
35	0.02
36	0.01
37	0.015
38	0.005
39	0.01
40	0.02
41	0.015
42	0.005
43	0.005
44	0.01
45	0.025
46	0.03
48	0.005
49	0.005
50	0.01


--------------------------------------
out-degree distribution (probability density function of the degree in logarithmic bins) 
26	7.52719
27	2.55637

out-degree distribution (degree-occurrences) 
26	0.74
27	0.26


--------------------------------------
community distribution (size-occurrences)
18	0.142857
19	0.142857
22	0.285714
35	0.142857
42	0.285714


--------------------------------------
mixing parameter (in-links)
0.647059	0.005
0.666667	0.095
0.680501	0.07
0.684545	0.045
0.687838	0.085
0.694782	0.11
0.699051	0.14
0.703609	0.07
0.706759	0.13
0.713653	0.105
0.718349	0.01
0.721556	0.05
0.725929	0.035
0.730769	0.005
0.735283	0.045

--------------------------------------
mixing parameter (out-links)
0.576923	0.005
0.615385	0.02
0.62963	0.015
0.653846	0.105
0.666667	0.02
0.695434	0.565
0.730769	0.155
0.740741	0.07
0.769231	0.035
0.807692	0.01

--------------------------------------
mixing parameter (weights)
0.699458	0.005
0.699583	0.005
0.699709	0.01
0.699734	0.005
0.699781	0.02
0.699841	0.035
0.699896	0.125
0.699939	0.15
0.699997	0.15
0.700046	0.135
0.700102	0.08
0.700146	0.08
0.700199	0.075
0.700245	0.055
0.700292	0.03
0.700351	0.02
0.70042	0.01
0.700464	0.01

--------------------------------------
internal weights (weight-occurrences)
3.90742	0.00380469
4.28609	0.00634115
4.63115	0.0082435
4.94252	0.0145847
5.26185	0.0266328
5.61993	0.049461
5.94624	0.0906785
6.25991	0.0963855
6.59365	0.0805327
6.91054	0.060241
7.26092	0.0798985
7.59527	0.082435
7.94792	0.0786303
8.2564	0.0868738
8.59673	0.0913126
8.91869	0.0634115
9.24405	0.0513633
9.59572	0.0215599
9.91394	0.00570704
10.3123	0.00190235

--------------------------------------
external weights (weight-occurrences)
4.76615	0.00598639
5.02635	0.0133333
5.30238	0.0269388
5.56491	0.0419048
5.83221	0.0601361
6.11684	0.0669388
6.37938	0.0816327
6.63935	0.094966
6.91371	0.0846259
7.17382	0.0642177
7.43688	0.0492517
7.72807	0.0495238
7.9809	0.0541497
8.25626	0.054966
8.53151	0.057415
8.80049	0.0503401
9.06069	0.062585
9.32481	0.0557823
9.5848	0.0206803
9.83624	0.00462585
