1	22	5.23417
1	64	6.12665
1	65	6.21995
1	73	6.23933
1	84	6.82846
1	105	7.05879
1	116	5.76534
1	117	6.55638
1	128	6.06426
1	129	6.23112
1	133	7.7844
1	136	7.72384
1	143	5.78018
1	148	7.61037
1	149	6.3926
1	154	8.16593
1	164	7.12287
1	167	8.61818
1	168	6.70281
1	172	8.39755
1	177	8.32315
1	182	7.12483
1	185	8.74622
1	187	7.9954
1	188	9.01874
1	194	9.27916
1	198	8.58668
2	6	4.78327
2	21	5.26449
2	35	5.66495
2	40	5.36681
2	41	6.31511
2	62	5.87639
2	73	6.31491
2	74	6.34532
2	84	6.55904
2	91	5.9662
2	92	5.99977
2	95	6.16826
2	96	6.43011
2	97	6.63013
2	118	6.39683
2	134	6.94863
2	139	6.93276
2	140	8.6354
2	151	7.88738
2	152	7.83368
2	154	7.89652
2	178	8.32664
2	184	9.15059
2	186	9.12499
2	187	8.89826
2	193	8.84928
2	200	9.31004
3	12	5.84704
3	18	5.94473
3	27	5.59657
3	41	6.11601
3	44	5.32941
3	56	7.12972
3	65	5.75144
3	67	5.07902
3	72	5.85517
3	82	7.91723
3	106	6.20989
3	115	6.82028
3	117	6.08787
3	124	7.69964
3	142	6.96498
3	155	7.25104
3	157	6.93417
3	160	7.36009
3	171	8.4806
3	183	8.64568
3	184	8.95149
3	187	8.69917
3	188	8.55023
3	196	8.59119
3	198	8.65497
3	199	8.95167
3	200	8.91445
4	25	5.59807
4	26	5.57502
4	34	6.80153
4	48	5.96771
4	50	5.84022
4	64	5.78921
4	86	6.31567
4	110	6.21529
4	116	6.81841
4	122	6.58249
4	132	7.70098
4	134	6.8806
4	138	6.67555
4	139	6.86473
4	148	7.27292
4	150	7.2322
4	154	7.75228
4	155	7.38211
4	159	7.21056
4	160	8.02535
4	163	7.50904
4	165	7.6311
4	171	7.36474
4	179	8.24283
4	185	9.29018
4	187	8.83023
4	193	8.8082
5	42	5.29835
5	57	5.73416
5	60	6.32086
5	61	4.14551
5	67	5.77388
5	80	6.23332
5	97	4.72228
5	115	5.45069
5	118	6.67296
5	125	6.97688
5	133	5.65987
5	134	7.22476
5	138	6.9785
5	147	6.17499
5	156	7.7607
5	162	8.27442
5	163	7.8532
5	176	8.65453
5	178	8.60278
5	179	8.587
5	180	8.42797
5	182	9.05321
5	183	7.48914
5	184	7.29065
5	190	9.13887
5	191	8.84839
5	195	8.99311
6	18	4.68683
6	30	5.3384
6	35	5.6051
6	46	5.23645
6	54	6.16973
6	75	6.30211
6	87	6.61751
6	102	6.23464
6	108	7.28583
6	117	8.12687
6	121	7.10708
6	129	8.4124
6	130	6.4059
6	139	6.81958
6	144	7.31621
6	150	7.98304
6	157	7.02009
6	162	7.88511
6	164	7.68714
6	169	7.68518
6	170	7.86604
6	171	7.3196
6	178	7.92587
6	181	8.5122
6	189	8.47135
6	190	8.74956
6	193	8.76306
7	3	4.83333
7	20	5.51466
7	23	5.84684
7	42	5.21152
7	48	6.12794
7	51	5.20372
7	67	5.68705
7	84	6.1494
7	90	6.43648
7	99	6.57935
7	101	6.30847
7	108	6.32752
7	111	6.84182
7	113	6.4753
7	133	7.70429
7	141	6.52233
7	146	8.36633
7	151	7.20389
7	153	7.7393
7	154	8.08583
7	163	7.76638
7	166	7.89185
7	169	8.13349
7	171	7.62208
7	188	8.93863
7	190	9.01102
7	194	8.63298
8	1	5.57038
8	4	5.12765
8	13	5.45279
8	29	5.66568
8	34	6.41866
8	35	5.86143
8	37	6.5604
8	52	6.13078
8	58	6.07507
8	88	6.45519
8	101	6.31564
8	108	6.33469
8	113	6.54693
8	121	7.41673
8	130	6.71556
8	132	7.31811
8	146	8.3735
8	150	7.49671
8	154	7.36941
8	156	7.39557
8	160	7.64248
8	168	8.31514
8	185	8.90731
8	188	8.9458
8	196	7.98368
8	197	9.03147
8	198	9.05054
9	11	5.36322
9	15	5.10446
9	17	5.44447
9	30	5.80978
9	35	6.08754
9	36	5.69638
9	42	6.69004
9	63	5.69362
9	64	6.27983
9	65	6.37312
9	67	5.92034
9	79	5.789
9	81	6.82705
9	89	6.4362
9	100	6.77356
9	109	6.90125
9	116	7.30903
9	117	6.70956
9	124	6.52877
9	139	7.35535
9	140	8.54777
9	141	6.75562
9	179	8.73346
9	184	9.57318
9	193	8.76165
9	196	9.21288
9	199	8.58997
10	8	5.44763
10	27	4.89205
10	33	5.56428
10	39	6.5947
10	42	5.20136
10	55	6.00401
10	58	6.05774
10	84	5.57418
10	91	6.14535
10	100	6.53012
10	104	6.84565
10	105	5.69105
10	134	7.12778
10	139	7.13294
10	158	7.02976
10	159	7.45774
10	162	6.69995
10	169	7.55827
10	175	8.09265
10	177	8.23289
10	190	8.4358
10	191	8.89223
10	194	8.05776
10	195	8.89613
10	196	8.96944
10	197	9.01415
10	200	9.2927
11	3	4.89944
11	9	5.29454
11	18	5.05542
11	43	6.33079
11	46	5.60504
11	48	6.19405
11	51	5.26984
11	55	6.38916
11	59	6.60766
11	77	6.75808
11	79	5.62183
11	102	6.35474
11	107	6.07897
11	119	7.12036
11	124	6.3616
11	135	6.57425
11	136	6.7719
11	138	6.999
11	145	7.0418
11	165	7.81541
11	173	8.77477
11	175	8.47545
11	184	9.40601
11	186	9.38041
11	188	8.71491
11	196	9.0457
11	197	9.09042
12	6	4.61922
12	26	5.78883
12	29	5.30515
12	33	5.22107
12	57	7.60126
12	73	5.80586
12	76	7.32439
12	82	8.63402
12	92	6.26272
12	93	6.47527
12	103	6.2886
12	106	6.24493
12	127	6.54482
12	132	6.48618
12	149	7.98981
12	151	7.72333
12	152	7.39787
12	158	7.93681
12	165	7.39594
12	167	8.18471
12	168	7.95461
12	173	7.91376
12	174	7.86149
12	176	8.21434
12	187	8.73421
12	195	8.71631
12	199	8.98671
13	8	5.00391
13	15	4.90299
13	23	5.34983
13	77	6.19496
13	79	7.60758
13	89	5.70591
13	100	7.23056
13	109	6.17096
13	113	6.04275
13	114	6.29317
13	115	6.71167
13	136	7.14673
13	143	7.57762
13	154	7.89018
13	155	7.14244
13	157	8.87777
13	161	7.15715
13	162	7.69058
13	179	8.00317
13	181	8.31767
13	182	8.46938
13	185	9.42808
13	189	8.27683
13	193	8.56854
13	194	8.70205
13	196	8.50445
13	199	8.84307
14	4	4.79587
14	18	6.60744
14	31	6.5049
14	36	5.23308
14	39	6.37483
14	44	5.4878
14	55	5.78415
14	70	5.80333
14	77	6.46195
14	81	6.36374
14	85	7.34209
14	89	6.61354
14	100	6.31026
14	132	6.60953
14	137	6.88925
14	139	6.89205
14	141	9.86392
14	147	7.64979
14	148	7.28514
14	155	7.40943
14	159	8.74013
14	160	7.51847
14	167	8.30805
14	172	8.08743
14	184	9.10987
14	192	8.77101
14	196	8.74957
15	4	4.95119
15	9	5.13236
15	13	4.62908
15	19	5.29054
15	43	6.16861
15	57	5.57263
15	61	6.70189
15	72	5.23834
15	82	5.84219
15	116	7.00105
15	117	6.40157
15	124	6.22079
15	142	7.22642
15	146	8.29163
15	153	7.6646
15	154	8.01112
15	158	6.96522
15	176	8.01568
15	180	8.26644
15	183	8.95938
15	185	8.59142
15	186	9.23959
15	188	8.55273
15	189	9.15292
15	192	8.92633
15	193	8.56797
15	197	8.9496
16	1	5.30279
16	11	6.04619
16	18	4.72889
16	33	6.08315
16	35	5.59384
16	56	4.97055
16	58	5.99738
16	65	5.87942
16	81	6.33334
16	86	6.24897
16	92	5.92866
16	94	6.4387
16	114	6.52976
16	126	8.05401
16	128	6.81993
16	137	6.85885
16	138	6.67247
16	147	7.61939
16	155	8.55937
16	161	7.39374
16	167	8.27766
16	179	8.23976
16	182	8.70597
16	191	8.64197
16	192	8.74061
16	198	8.78296
16	199	9.27294
17	16	4.88053
17	28	5.19206
17	41	4.49185
17	94	6.50769
17	95	5.83471
17	100	6.34885
17	113	6.34833
17	120	6.73756
17	125	6.77959
17	126	6.52327
17	128	6.96333
17	132	6.64812
17	138	6.74146
17	145	6.78427
17	148	7.33883
17	152	7.5598
17	161	7.46273
17	164	8.02194
17	177	8.05162
17	180	8.14971
17	183	8.84265
17	185	8.47469
17	187	8.89447
17	191	8.71095
17	192	8.86229
17	194	9.00763
17	197	8.83288
18	6	4.65707
18	12	6.62394
18	21	6.68219
18	29	5.343
18	45	5.46262
18	66	5.64929
18	69	5.84579
18	85	7.45628
18	87	5.63347
18	99	6.34944
18	109	6.33463
18	121	7.09405
18	124	8.47655
18	125	6.57454
18	126	6.39918
18	130	8.25456
18	142	7.03787
18	144	7.30317
18	155	7.32393
18	161	8.2344
18	164	7.6741
18	175	8.09382
18	182	8.65087
18	186	8.99878
18	191	8.58687
18	194	8.88354
18	199	9.02456
19	17	5.11691
19	22	6.19535
19	26	5.73808
19	30	5.5466
19	36	5.96615
19	54	6.29982
19	56	5.13669
19	60	6.31907
19	71	5.88376
19	76	5.9137
19	78	5.86695
19	91	6.50408
19	101	6.21419
19	113	6.44547
19	117	8.25696
19	132	6.74527
19	159	7.37362
19	165	7.65502
19	168	8.21369
19	171	7.5278
19	172	8.22316
19	173	8.17284
19	184	9.24561
19	187	8.99329
19	195	8.812
19	197	9.34501
19	198	8.94909
20	14	5.12986
20	17	5.2088
20	22	5.97479
20	38	5.82282
20	40	6.19754
20	47	5.95004
20	75	6.60221
20	96	6.66472
20	101	6.30609
20	103	5.99311
20	104	6.00924
20	113	6.53737
20	114	5.78576
20	116	7.07336
20	117	8.0364
20	120	6.65297
20	121	7.40717
20	154	8.08344
20	158	7.03753
20	174	7.85838
20	177	7.97356
20	180	8.33091
20	183	9.03169
20	189	8.77145
20	193	9.06316
20	195	8.9039
20	200	9.30047
21	7	5.36008
21	15	5.31912
21	27	6.31414
21	53	6.33629
21	57	7.60205
21	65	6.05896
21	72	6.16269
21	73	6.07834
21	86	6.49213
21	87	5.8681
21	92	6.26351
21	94	6.61824
21	95	6.27668
21	105	6.8978
21	107	8.49227
21	111	6.76094
21	129	6.07014
21	131	6.92802
21	132	6.75867
21	147	7.79893
21	154	8.00494
21	158	7.9376
21	161	8.17507
21	173	8.18624
21	181	8.7338
21	189	8.69295
21	195	8.7171
22	14	4.8686
22	35	5.90182
22	48	5.86428
22	53	6.15352
22	58	5.80425
22	82	5.65324
22	85	5.21415
22	92	5.92543
22	105	6.71503
22	121	7.14591
22	125	6.6264
22	134	7.31334
22	136	7.38008
22	140	6.52471
22	144	7.35504
22	154	7.82217
22	163	8.18812
22	172	8.05379
22	174	8.24557
22	177	8.36075
22	180	8.7181
22	185	8.40246
22	187	8.82392
22	191	8.63873
22	194	8.9354
22	196	8.71594
22	197	9.51164
23	21	5.60057
23	43	5.85656
23	54	6.0364
23	63	6.39683
23	65	6.10062
23	70	6.18011
23	78	6.108
23	80	6.32056
23	101	6.45524
23	109	6.81473
23	114	5.7429
23	115	7.35545
23	117	7.99354
23	128	7.22711
23	132	6.98632
23	133	7.85106
23	134	6.88329
23	137	7.13341
23	138	7.07966
23	146	8.5131
23	155	7.78622
23	159	7.61467
23	162	8.33436
23	175	8.5561
23	178	7.79254
23	187	9.23434
23	199	9.48684
24	3	5.12262
24	18	6.48999
24	22	5.02268
24	31	6.38745
24	54	5.51246
24	59	6.41017
24	61	6.64521
24	63	6.11868
24	74	6.40324
24	82	8.46248
24	91	6.02412
24	100	6.40889
24	108	6.19614
24	109	6.10298
24	110	7.47875
24	111	6.71044
24	112	7.97896
24	128	6.94896
24	148	7.16769
24	157	7.19119
24	164	7.85823
24	172	8.18606
24	177	8.11166
24	184	9.20851
24	192	8.86964
24	197	8.89292
24	199	9.20869
25	7	5.59992
25	9	5.96629
25	28	5.54244
25	38	5.98416
25	39	4.35394
25	40	6.35888
25	41	4.80634
25	54	5.8028
25	58	6.22685
25	69	6.32026
25	80	6.30544
25	83	6.12124
25	102	6.69607
25	104	7.01476
25	125	7.09409
25	128	7.27782
25	143	6.99375
25	156	7.54736
25	158	7.19887
25	161	7.81311
25	167	8.69703
25	171	7.78103
25	182	8.33839
25	187	9.20897
25	192	9.17678
25	195	9.06524
25	199	9.49903
26	9	5.95245
26	29	5.80362
26	34	5.68992
26	35	5.99937
26	36	5.60821
26	46	5.68404
26	66	6.10992
26	76	6.83074
26	78	5.73373
26	80	6.2916
26	88	6.59313
26	89	6.17398
26	93	6.97374
26	98	6.45018
26	102	6.68223
26	107	7.99784
26	121	7.55467
26	130	7.7008
26	134	7.28305
26	157	7.46768
26	161	7.68064
26	165	7.89441
26	166	8.03696
26	170	8.31364
26	171	8.70374
26	183	9.17919
26	198	9.18849
27	14	6.26812
27	49	5.50582
27	53	5.99982
27	60	5.81668
27	75	6.18724
27	78	6.03337
27	95	5.94021
27	102	6.11977
27	106	6.18094
27	119	6.42089
27	123	6.85557
27	131	6.59155
27	133	7.28694
27	135	8.63022
27	141	9.72399
27	143	7.65728
27	148	7.14522
27	154	7.66847
27	162	7.77024
27	164	7.57227
27	171	9.00337
27	185	8.24876
27	191	8.48503
27	192	8.58368
27	195	8.52231
27	199	8.92272
27	200	8.88551
28	4	6.20145
28	7	5.32211
28	20	5.3958
28	22	5.03521
28	25	5.73656
28	35	5.73541
28	44	5.89727
28	53	5.77448
28	56	5.11212
28	83	5.84343
28	91	6.03665
28	100	7.7836
28	117	6.35742
28	139	7.00321
28	140	6.66951
28	151	7.95784
28	152	7.63238
28	153	7.62045
28	154	8.44321
28	155	7.52059
28	158	6.92106
28	160	8.71629
28	172	8.19859
28	190	8.93319
28	196	9.05748
28	198	8.92452
28	200	9.184
29	3	4.87126
29	6	5.76874
29	22	6.45323
29	27	4.94014
29	42	5.24945
29	45	5.81607
29	60	6.57695
29	68	6.39311
29	71	6.14165
29	80	6.84185
29	93	6.86656
29	94	6.71986
29	96	6.70504
29	112	6.22237
29	123	7.34846
29	133	7.74223
29	135	6.54607
29	141	6.56027
29	142	7.39132
29	158	7.07785
29	161	7.69209
29	173	8.30506
29	190	9.08997
29	192	9.03896
29	194	9.23699
29	196	9.01753
29	197	9.60289
30	2	5.66008
30	4	5.05318
30	13	4.73107
30	16	6.77764
30	27	4.92949
30	32	5.53949
30	45	5.80542
30	66	5.99209
30	68	5.7136
30	79	5.58301
30	114	6.81746
30	126	7.56516
30	148	7.55755
30	158	7.0672
30	159	7.49519
30	161	7.68144
30	164	8.0169
30	166	7.91914
30	169	8.01495
30	170	7.72731
30	171	7.64937
30	174	8.24214
30	187	9.11486
30	188	8.94053
30	191	8.92967
30	192	9.02832
30	199	8.78409
31	18	6.60881
31	32	5.08223
31	54	5.11816
31	89	6.61491
31	101	7.589
31	104	6.33011
31	107	8.43877
31	108	5.80183
31	114	6.26448
31	118	6.06044
31	122	6.31413
31	128	6.55465
31	141	9.86528
31	149	7.81748
31	151	7.551
31	154	7.56013
31	158	7.88411
31	159	8.7415
31	169	7.46197
31	173	7.74143
31	175	7.88364
31	176	8.04201
31	184	8.8142
31	185	8.14042
31	187	8.56188
31	191	8.37669
31	197	8.49861
32	2	5.37457
32	18	4.9966
32	21	5.46109
32	37	6.56052
32	45	5.78542
32	56	5.23826
32	72	5.34063
32	79	5.56301
32	80	6.15378
32	84	6.75564
32	104	6.8631
32	119	7.06047
32	129	6.15831
32	135	6.51543
32	140	8.45638
32	157	7.32986
32	169	7.99495
32	172	8.09163
32	180	8.34843
32	182	8.97367
32	184	9.34718
32	185	8.6734
32	188	8.65501
32	193	8.67026
32	194	9.20634
32	197	9.03159
32	199	8.49858
33	13	4.69047
33	50	6.08425
33	53	6.40386
33	55	6.36301
33	90	6.21211
33	93	6.81532
33	96	6.28484
33	102	6.32859
33	108	6.31422
33	109	6.65466
33	112	6.17112
33	118	6.57283
33	120	6.64205
33	122	6.82652
33	126	7.31339
33	127	6.88488
33	136	6.74575
33	149	8.32987
33	157	7.30926
33	168	8.29466
33	175	8.39603
33	179	8.48687
33	181	8.80137
33	189	9.28895
33	193	8.704
33	198	9.03006
33	199	8.53232
34	3	4.76069
34	13	6.47076
34	26	5.75973
34	28	7.45026
34	46	6.2828
34	61	6.70396
34	64	5.97391
34	70	5.96071
34	87	5.87635
34	89	6.13028
34	95	6.28493
34	104	6.78317
34	107	5.94022
34	117	6.40364
34	123	7.20028
34	130	6.63575
34	142	7.28075
34	155	7.56681
34	157	9.37497
34	159	7.39526
34	165	8.26619
34	174	8.14222
34	175	8.3367
34	185	9.92527
34	188	8.866
34	194	9.12642
34	196	9.00164
35	27	5.01075
35	30	5.74943
35	32	5.71647
35	37	6.66178
35	46	5.64748
35	61	6.88514
35	78	6.06978
35	91	6.35864
35	94	6.31653
35	98	6.30471
35	99	6.7735
35	110	6.58118
35	118	6.31524
35	119	6.94679
35	141	6.63088
35	144	7.72724
35	145	8.4513
35	146	8.47488
35	147	7.98836
35	148	7.63881
35	150	7.96768
35	172	8.42599
35	177	8.04868
35	179	8.58537
35	183	9.14263
35	192	9.10958
35	197	9.19956
36	40	6.07101
36	46	5.41001
36	54	6.29976
36	59	6.41264
36	77	6.20443
36	84	6.61943
36	91	6.50402
36	95	6.22865
36	97	6.69053
36	100	6.41136
36	119	6.70933
36	125	6.76114
36	126	6.58578
36	128	6.95143
36	131	6.87998
36	137	7.39676
36	142	7.22447
36	145	8.59668
36	150	8.11307
36	173	8.13821
36	176	8.43879
36	178	8.0559
36	179	8.73075
36	181	8.68576
36	185	8.5372
36	193	8.93663
36	194	9.07014
37	3	5.40387
37	18	5.55985
37	21	6.02434
37	31	5.29042
37	41	3.80586
37	46	6.10947
37	52	5.08404
37	66	6.53535
37	82	6.48743
37	89	6.77345
37	112	6.75497
37	116	5.97842
37	136	8.21427
37	139	7.69261
37	143	5.99327
37	144	6.5377
37	146	8.93687
37	149	6.60569
37	150	8.06008
37	155	8.20999
37	164	7.33596
37	177	8.81359
37	186	9.88483
37	187	8.20849
37	192	8.1763
37	194	9.7696
37	198	8.79976
38	23	5.93426
38	30	5.7283
38	34	5.63222
38	53	6.50459
38	61	4.76806
38	70	6.12076
38	73	6.24664
38	81	6.01153
38	90	6.31283
38	111	6.92924
38	115	6.07323
38	121	5.74207
38	124	6.3829
38	132	6.92696
38	147	6.79753
38	153	7.82672
38	155	7.72686
38	160	7.8359
38	166	7.97927
38	173	8.35454
38	179	8.58759
38	181	8.53687
38	186	8.69192
38	187	9.17499
38	191	9.47094
38	196	9.06701
38	200	9.39027
39	13	5.284
39	19	5.94546
39	52	4.83233
39	54	6.22406
39	63	6.83028
39	71	6.64679
39	73	6.73943
39	86	7.15323
39	110	7.05285
39	116	5.72672
39	125	5.8419
39	130	7.2886
39	136	8.22395
39	143	5.74157
39	144	6.28599
39	147	8.46002
39	149	6.35399
39	158	7.62013
39	168	6.66419
39	174	8.79507
39	177	8.82326
39	182	7.08621
39	186	9.89451
39	187	7.95678
39	189	9.35405
39	191	9.4826
39	192	7.9246
40	9	5.16817
40	10	5.73882
40	14	5.43933
40	16	6.42564
40	20	5.82174
40	22	5.46115
40	38	6.13229
40	48	6.43502
40	67	5.99413
40	68	5.36161
40	95	6.66465
40	102	6.22836
40	103	6.94905
40	108	6.63461
40	116	7.38283
40	131	7.31598
40	135	6.81522
40	142	7.26222
40	153	8.04638
40	159	7.77498
40	165	8.05638
40	176	8.05149
40	184	9.64698
40	185	8.9732
40	189	9.18872
40	197	9.33139
40	200	9.06454
41	3	5.33094
41	24	5.88021
41	25	5.34433
41	52	5.14426
41	62	6.32801
41	69	6.65892
41	74	5.46432
41	77	7.18958
41	82	6.4145
41	85	5.97541
41	106	7.0959
41	107	6.51047
41	109	7.16558
41	113	7.03737
41	114	7.28779
41	148	8.02788
41	154	8.58344
41	164	7.39618
41	168	6.97612
41	169	8.48527
41	181	9.31229
41	182	7.39814
41	185	9.16373
41	187	8.26871
41	192	8.23652
41	195	9.4039
41	198	8.85999
42	9	5.93092
42	12	4.67864
42	23	5.5957
42	34	5.29366
42	35	5.60311
42	49	5.92117
42	62	6.39365
42	66	5.71366
42	75	6.4703
42	86	6.17088
42	107	5.76172
42	143	7.82348
42	144	7.36754
42	150	7.23839
42	151	7.82554
42	153	7.48815
42	169	7.73651
42	172	8.78791
42	178	8.26481
42	179	8.24903
42	182	8.71524
42	183	8.78293
42	186	9.06315
42	188	9.35129
42	190	8.80089
42	191	8.65124
42	196	8.72845
43	5	5.55027
43	8	5.47556
43	12	4.94756
43	17	5.22896
43	30	6.29198
43	40	5.76138
43	41	6.52218
43	42	7.17225
43	60	6.2518
43	63	6.17582
43	68	6.00168
43	87	5.96675
43	106	6.61606
43	108	6.34529
43	116	7.09352
43	128	7.09811
43	145	6.99346
43	146	8.3841
43	160	7.76626
43	170	8.01539
43	180	8.35891
43	183	9.05185
43	185	8.68389
43	189	9.82879
43	192	9.0188
43	195	8.92405
43	199	9.07217
44	13	5.53919
44	17	5.23216
44	28	6.51869
44	43	5.73076
44	46	5.35123
44	54	5.66482
44	61	6.79756
44	73	6.18019
44	109	6.68893
44	114	6.81114
44	118	6.6071
44	132	7.40451
44	141	6.5433
44	153	7.76027
44	154	7.4558
44	161	7.67512
44	165	7.33463
44	167	8.55904
44	173	8.28809
44	176	8.58867
44	178	8.53692
44	179	8.52114
44	180	8.36211
44	185	8.99371
44	196	8.07008
44	199	9.36104
44	200	9.32382
45	5	5.59465
45	6	5.03473
45	30	5.70303
45	32	5.67008
45	44	5.21025
45	48	5.97162
45	51	5.26588
45	76	6.07013
45	77	6.75412
45	79	7.47359
45	87	6.01113
45	113	6.60191
45	130	6.77054
45	137	7.18142
45	138	6.99504
45	157	8.74378
45	160	8.02926
45	165	7.63501
45	167	8.60023
45	169	8.04981
45	170	8.23068
45	179	8.56233
45	184	9.40205
45	185	9.29409
45	196	8.37046
45	198	9.10552
45	199	9.40222
46	4	5.46949
46	20	5.43257
46	31	4.63779
46	34	6.76051
46	51	5.12163
46	67	5.60496
46	76	5.92589
46	79	7.42866
46	117	6.39418
46	125	6.80796
46	141	6.44024
46	143	7.99254
46	152	7.66914
46	154	7.71125
46	155	7.55736
46	157	8.69885
46	159	7.38581
46	160	7.98433
46	162	8.1055
46	165	7.59008
46	167	8.45598
46	175	8.32724
46	185	9.24916
46	190	8.96995
46	194	9.11697
46	195	8.82419
46	197	8.94221
47	20	5.6293
47	28	5.49812
47	36	5.57774
47	42	6.6141
47	49	5.24034
47	52	6.23825
47	60	6.34867
47	61	6.89123
47	80	6.26113
47	86	5.49006
47	101	6.42311
47	102	6.31029
47	105	7.09333
47	123	7.38756
47	139	7.23671
47	146	8.48097
47	149	8.45782
47	155	7.80045
47	157	7.43721
47	159	7.58254
47	173	8.73033
47	178	8.63059
47	186	9.42893
47	190	9.16668
47	193	8.6857
47	198	9.15801
47	200	9.14647
48	8	4.96801
48	13	5.93766
48	24	5.60131
48	33	5.79316
48	34	6.90353
48	44	5.30834
48	61	6.99532
48	73	6.37794
48	75	6.82332
48	77	6.91069
48	97	7.03816
48	101	6.5272
48	115	7.4274
48	122	7.05855
48	130	6.92711
48	140	7.00709
48	142	7.57211
48	145	7.19442
48	146	8.58505
48	148	7.74899
48	157	8.84187
48	160	8.12735
48	161	7.87288
48	165	7.7331
48	170	8.38725
48	190	9.27076
48	196	8.46855
49	15	4.91553
49	17	5.30787
49	44	5.8145
49	73	6.03836
49	76	6.10466
49	84	6.84503
49	89	6.2996
49	94	6.7958
49	96	6.15356
49	99	6.76164
49	113	6.63644
49	118	6.68282
49	121	7.50624
49	128	7.17703
49	137	7.21595
49	155	7.68747
49	160	7.84517
49	162	8.28427
49	163	7.86306
49	165	7.84598
49	176	8.02043
49	180	8.43782
49	181	8.91136
49	182	9.06307
49	188	8.55748
49	189	9.15767
49	200	9.03348
50	7	5.21015
50	8	5.6642
50	22	5.36048
50	32	5.81434
50	52	6.33002
50	72	6.44999
50	86	6.77943
50	88	6.65443
50	99	5.97557
50	106	6.25378
50	118	6.79255
50	127	7.1046
50	131	6.7568
50	133	7.91071
50	151	6.60012
50	168	8.51439
50	169	7.52972
50	174	8.42127
50	175	8.0641
50	178	8.72237
50	183	9.24049
50	186	9.52071
50	189	8.98025
50	190	8.40725
50	194	8.02921
50	196	9.18601
50	199	9.54649
51	30	5.31948
51	58	5.7465
51	62	5.509
51	70	5.71194
51	73	5.83782
51	92	6.49774
51	98	7.17884
51	101	7.87673
51	111	6.52042
51	113	6.21835
51	122	6.51843
51	130	8.42947
51	134	6.81653
51	135	9.05925
51	145	6.65429
51	150	7.16814
51	162	7.86619
51	165	7.4279
51	171	9.4324
51	173	7.94572
51	176	8.2463
51	177	7.92165
51	178	8.19455
51	184	9.01849
51	188	8.61723
51	195	8.95134
51	198	8.72197
52	13	4.92592
52	17	5.46543
52	34	5.76694
52	59	6.76369
52	68	6.57731
52	74	6.17133
52	78	6.18337
52	81	6.8159
52	83	6.18442
52	95	5.91595
52	101	6.53061
52	106	6.82043
52	116	6.74566
52	131	7.23104
52	136	7.86587
52	145	7.19783
52	146	8.58847
52	148	7.7524
52	149	7.37292
52	160	7.97063
52	164	8.10319
52	170	8.39066
52	182	8.10515
52	187	8.97572
52	195	9.12842
52	197	9.24644
52	198	9.567
53	8	4.42606
53	10	5.77903
53	18	5.3366
53	32	5.95522
53	45	5.28558
53	54	5.99114
53	69	6.5086
53	77	7.03926
53	82	6.26418
53	94	7.04641
53	105	7.32597
53	108	6.67481
53	116	7.42304
53	120	7.00264
53	129	6.49831
53	131	7.35619
53	154	7.31233
53	157	8.29992
53	158	7.38721
53	160	7.5854
53	165	7.19115
53	167	8.88536
53	185	8.85023
53	186	9.66158
53	190	9.39933
53	196	7.9266
54	39	6.50209
54	45	5.67537
54	46	5.43617
54	48	6.02517
54	53	6.31441
54	62	5.72763
54	64	6.11525
54	87	6.86778
54	88	6.34525
54	92	6.08631
54	97	6.71668
54	103	6.33387
54	127	7.27168
54	140	6.6856
54	153	7.67727
54	157	7.21981
54	163	8.14168
54	169	7.8849
54	171	7.51932
54	174	8.19913
54	180	8.67166
54	186	9.21153
54	187	8.98481
54	188	8.83587
54	190	8.94928
54	192	8.89826
55	6	5.08485
55	15	5.52977
55	24	5.49486
55	26	5.94463
55	38	5.93748
55	39	6.71712
55	40	5.7045
55	53	6.52944
55	58	5.73972
55	63	6.11893
55	65	6.25211
55	88	6.56029
55	103	6.75423
55	104	6.96808
55	105	7.09095
55	117	6.58854
55	132	6.95182
55	142	7.8454
55	148	7.64253
55	149	8.45544
55	163	7.87865
55	173	9.23158
55	181	8.92695
55	191	9.01465
55	193	9.18696
55	199	9.01528
56	14	6.91263
56	23	5.55783
56	27	6.76385
56	28	5.09447
56	52	5.8346
56	61	6.48758
56	85	7.84667
56	94	6.41011
56	109	6.72502
56	111	6.55281
56	112	8.60099
56	114	6.50116
56	123	6.9839
56	126	6.42568
56	131	6.71989
56	132	6.55053
56	146	8.07732
56	148	7.78972
56	150	7.20052
56	156	7.09939
56	163	7.47736
56	175	8.12032
56	180	8.05213
56	181	8.52566
56	188	8.64962
56	199	9.05106
57	1	5.46603
57	3	5.73695
57	4	4.92872
57	6	4.87541
57	20	5.41749
57	21	7.06487
57	31	7.00178
57	34	5.44763
57	46	5.44176
57	56	8.2893
57	68	6.25801
57	72	6.1464
57	93	6.73146
57	98	7.38661
57	106	6.50112
57	134	7.04076
57	140	6.69119
57	145	6.87852
57	158	8.37961
57	159	9.23701
57	164	7.89244
57	166	7.79468
57	167	8.4409
57	186	9.21712
57	189	8.67666
57	193	8.96837
58	10	5.57848
58	33	5.17754
58	50	6.24431
58	59	6.6883
58	61	6.92334
58	67	5.83379
58	69	5.58028
58	71	6.21332
58	73	6.00464
58	74	6.68137
58	82	6.06363
58	93	6.97537
58	113	6.6865
58	136	6.58076
58	142	7.19745
58	146	8.51307
58	151	8.22343
58	158	7.18666
58	164	8.13636
58	169	8.1344
58	170	7.31055
58	171	7.76882
58	189	9.12395
58	194	9.3458
58	197	9.17105
58	200	8.99977
59	16	5.44726
59	25	6.23071
59	37	6.92852
59	38	5.42854
59	43	6.08509
59	78	6.33653
59	81	6.00021
59	89	6.57821
59	95	6.73286
59	97	5.33351
59	101	6.68376
59	103	7.01725
59	112	6.55972
59	115	6.06192
59	124	6.67078
59	130	7.08368
59	138	7.58973
59	146	6.05102
59	161	8.02945
59	167	7.05934
59	170	8.54382
59	182	9.34168
59	183	8.10037
59	184	7.90188
59	194	9.57435
59	200	9.67815
60	18	5.18193
60	19	5.87753
60	23	5.50208
60	32	5.80055
60	36	6.03156
60	47	6.14505
60	51	5.39634
60	75	6.79721
60	87	6.81301
60	88	6.64064
60	91	6.5695
60	92	6.3817
60	100	6.73289
60	121	7.60218
60	127	7.2169
60	132	7.03217
60	138	7.12551
60	141	6.71495
60	145	8.66216
60	149	8.53579
60	159	7.66052
60	161	7.84678
60	168	8.50059
60	174	8.14435
60	189	8.96645
60	200	9.49548
61	5	3.7578
61	15	5.93924
61	21	5.99304
61	27	5.44145
61	29	6.19775
61	36	6.00234
61	59	5.09309
61	97	4.76605
61	102	7.07637
61	114	7.32942
61	133	5.70364
61	139	7.66131
61	153	8.27854
61	155	8.17869
61	156	7.80446
61	161	8.1934
61	162	8.72683
61	166	8.4311
61	167	6.49188
61	181	7.95809
61	184	7.33442
61	186	8.11314
61	189	9.31308
61	191	8.89216
61	194	9.7383
61	200	9.8421
62	8	5.42223
62	23	5.81128
62	47	5.51366
62	55	6.42248
62	58	5.31623
62	66	5.92924
62	82	5.88132
62	88	6.41245
62	91	6.11994
62	118	6.55057
62	119	7.15368
62	140	8.5496
62	141	6.48677
62	142	7.42192
62	150	7.45397
62	152	7.74788
62	160	7.71292
62	175	8.37377
62	180	8.30557
62	183	8.99852
62	184	9.30433
62	185	8.63055
62	186	9.27873
62	187	9.05201
62	188	8.74823
62	191	8.86682
63	18	5.19192
63	26	6.03497
63	30	5.75561
63	44	5.92043
63	60	6.43664
63	67	5.88966
63	68	5.46531
63	79	5.75833
63	80	6.3491
63	99	6.86757
63	102	6.33206
63	111	7.74226
63	115	7.41129
63	123	7.47553
63	125	7.09266
63	126	7.31686
63	127	7.1008
63	131	7.21151
63	142	7.36592
63	153	7.94191
63	165	7.95191
63	175	8.61195
63	179	8.70279
63	192	9.20364
63	193	8.70747
63	200	9.16823
64	22	6.07704
64	25	5.94232
64	36	5.84784
64	45	5.86505
64	52	6.21052
64	66	6.25051
64	68	6.44209
64	70	6.12026
64	72	6.33048
64	74	6.62154
64	77	6.08618
64	89	6.28982
64	119	6.92515
64	123	6.97227
64	139	7.20898
64	142	7.4403
64	152	7.83814
64	161	7.74107
64	169	8.07457
64	173	8.35403
64	174	7.96063
64	179	8.6125
64	191	8.98929
64	194	9.28597
64	197	9.2267
64	198	9.13028
65	20	5.54523
65	23	5.5281
65	26	5.97148
65	28	5.5226
65	31	4.859
65	37	6.69235
65	72	6.38269
65	90	6.36453
65	100	6.67939
65	104	6.32123
65	110	6.61175
65	121	7.54868
65	122	7.53529
65	123	7.18201
65	131	7.14802
65	137	7.48826
65	147	8.01893
65	152	7.89035
65	153	7.64851
65	158	7.17904
65	166	7.8812
65	168	8.44709
65	169	8.12678
65	182	9.10551
65	193	9.20466
65	196	9.11871
66	7	5.48081
66	26	5.87221
66	35	5.8301
66	36	6.06106
66	42	5.25137
66	45	5.81798
66	47	5.99227
66	51	5.24357
66	94	6.55688
66	114	6.10123
66	116	7.1156
66	118	6.5556
66	122	7.53877
66	126	6.75454
66	134	7.24162
66	136	7.68358
66	154	8.12567
66	165	7.78915
66	167	8.57792
66	173	8.30697
66	174	8.17385
66	181	8.85453
66	182	9.00623
66	188	8.97848
66	189	8.81368
66	199	9.37992
67	31	5.90973
67	40	6.08385
67	56	7.19725
67	62	5.71432
67	77	6.57589
67	80	6.03041
67	85	6.74691
67	110	7.00103
67	128	6.96426
67	134	7.02185
67	140	6.67228
67	141	9.26874
67	148	6.68997
67	149	8.22709
67	154	7.96974
67	157	7.20649
67	158	7.28756
67	159	8.14496
67	163	7.6503
67	166	7.77577
67	175	8.29325
67	176	8.45162
67	179	8.38409
67	184	9.22381
67	185	8.55003
67	198	8.92729
68	14	5.33741
68	33	5.21934
68	49	5.13544
68	62	5.60792
68	81	6.79892
68	88	6.65318
68	97	7.0246
68	103	6.84712
68	106	6.80345
68	109	6.87313
68	111	7.61559
68	115	7.41384
68	117	6.68144
68	123	7.47808
68	127	7.10335
68	131	7.21406
68	151	8.28185
68	152	7.56521
68	153	7.94446
68	155	7.69556
68	162	8.39275
68	164	8.19478
68	173	8.62543
68	181	9.01984
68	186	9.51946
68	189	9.16575
69	12	5.03449
69	20	5.61936
69	37	6.65793
69	41	6.60911
69	44	5.82252
69	56	5.33567
69	64	6.15125
69	72	5.39311
69	87	6.05368
69	88	6.55272
69	111	7.75752
69	112	6.28913
69	119	7.11295
69	136	6.76448
69	146	8.47103
69	147	7.98451
69	151	8.18139
69	152	7.70714
69	170	7.49428
69	171	7.72678
69	182	9.07108
69	183	9.13878
69	189	9.30768
69	190	9.15674
69	191	9.00708
69	199	8.55106
70	29	5.68946
70	46	5.56988
70	50	5.1557
70	57	5.67828
70	61	6.80754
70	82	5.94784
70	90	6.44711
70	99	6.58998
70	100	6.57123
70	101	6.33942
70	106	6.86818
70	143	8.10558
70	144	7.64964
70	147	7.91076
70	157	7.35352
70	162	7.2858
70	166	7.9228
70	169	8.14412
70	173	8.29807
70	174	8.24581
70	175	8.6785
70	178	8.5469
70	181	8.84563
70	190	9.02165
70	193	9.0965
70	196	9.01054
71	12	4.98195
71	50	6.14973
71	56	5.28313
71	61	6.82876
71	69	6.21347
71	86	6.62518
71	87	6.51949
71	90	6.27758
71	94	6.23387
71	117	8.02885
71	120	6.70752
71	122	7.21575
71	132	6.89171
71	140	6.84053
71	150	7.88502
71	152	7.80339
71	154	8.13799
71	159	7.52006
71	166	7.56166
71	171	7.67424
71	178	7.82785
71	184	9.39206
71	190	9.1042
71	193	9.11771
71	197	9.1169
71	199	9.39224
72	24	5.52617
72	32	5.11582
72	73	5.99773
72	77	6.83554
72	87	6.09256
72	101	6.45205
72	112	6.32801
72	118	6.72971
72	119	6.9223
72	122	6.9834
72	136	6.57384
72	154	8.2294
72	156	7.53198
72	158	7.18349
72	159	7.61148
72	161	7.79773
72	166	8.03543
72	170	7.30364
72	174	8.35843
72	177	8.38662
72	182	9.10996
72	186	9.45787
72	189	9.11704
72	194	9.34263
72	199	8.36042
72	200	8.99286
73	40	5.48049
73	56	5.3322
73	57	5.74856
73	63	5.89492
73	75	6.06672
73	80	6.24772
73	85	5.57903
73	97	6.92067
73	103	6.74319
73	107	6.11409
73	109	6.76919
73	111	7.99774
73	119	7.35316
73	134	7.23916
73	139	7.22329
73	141	6.62356
73	143	8.17586
73	164	8.09085
73	166	7.99308
73	170	7.7345
73	177	8.34428
73	178	8.61718
73	184	9.44112
73	194	9.30028
73	199	8.79128
73	200	9.42371
74	1	4.05618
74	16	5.37896
74	25	6.12065
74	37	4.6875
74	62	6.13739
74	71	6.37358
74	72	6.55057
74	94	7.00612
74	96	6.9741
74	109	6.97496
74	120	6.88812
74	124	6.60248
74	126	7.02169
74	136	7.95073
74	144	7.37424
74	145	7.28269
74	146	8.67333
74	149	7.44223
74	150	7.79653
74	156	7.6954
74	158	7.34691
74	163	8.07337
74	168	7.75244
74	178	8.82295
74	187	9.04503
74	199	9.64707
75	8	5.80978
75	12	5.28178
75	17	5.56318
75	25	6.2074
75	32	5.33615
75	35	6.20625
75	37	6.90522
75	52	6.4756
75	55	6.41144
75	72	5.4228
75	77	7.04396
75	81	6.94575
75	95	6.70956
75	97	7.17143
75	98	6.54816
75	114	7.14216
75	115	7.56067
75	122	7.19182
75	136	6.79418
75	140	8.53855
75	148	7.88225
75	171	7.97407
75	172	8.17381
75	189	9.33738
75	192	9.35302
75	199	8.58075
76	15	5.42196
76	24	6.45977
76	27	6.46133
76	42	5.23348
76	47	5.97439
76	48	6.1499
76	55	6.03613
76	56	7.99448
76	79	5.57769
76	80	6.16845
76	84	6.77032
76	86	6.59498
76	89	6.81559
76	94	6.72108
76	109	6.42249
76	119	6.86021
76	136	7.6657
76	139	7.14403
76	141	10.066
76	142	7.37535
76	162	8.20955
76	164	8.01158
76	174	8.23682
76	176	8.58967
76	187	9.10953
76	195	8.86429
77	15	5.79977
77	16	5.47174
77	21	5.85357
77	39	7.00463
77	47	6.3522
77	55	6.41394
77	64	5.94048
77	67	6.08683
77	85	5.87758
77	90	6.62519
77	98	6.59594
77	103	6.15909
77	111	7.2416
77	112	6.58421
77	118	6.40611
77	120	7.05513
77	122	7.38928
77	131	7.40868
77	136	8.04351
77	142	7.75316
77	148	7.93004
77	153	7.5025
77	163	7.9669
77	168	8.70775
77	177	8.13954
77	197	9.29042
78	9	5.80023
78	43	5.70269
78	51	6.73553
78	62	5.82329
78	65	6.13274
78	70	6.02624
78	76	6.87405
78	102	6.53002
78	106	6.59119
78	109	5.82418
78	125	6.88295
78	128	7.07324
78	130	7.74411
78	135	8.37389
78	142	7.34628
78	147	7.87271
78	159	8.34388
78	161	7.72394
78	163	7.75927
78	177	8.23595
78	179	8.49307
78	183	9.02698
78	185	8.65901
78	188	8.93153
78	190	9.04494
78	195	8.26598
79	2	4.92359
79	6	4.74827
79	8	5.64766
79	13	6.61731
79	28	7.59681
79	44	5.98798
79	53	5.86519
79	82	5.69258
79	92	5.96477
79	103	6.41765
79	105	6.75438
79	112	5.96012
79	136	7.41942
79	148	7.30595
79	149	8.11887
79	156	7.1641
79	157	9.52152
79	167	8.31376
79	170	7.94422
79	175	8.18503
79	176	8.34339
79	179	8.27587
79	184	9.11558
79	186	9.08999
79	195	8.68198
79	196	9.1482
80	23	5.60386
80	50	6.19056
80	65	6.53123
80	71	6.05095
80	73	6.25222
80	83	6.05528
80	84	6.84135
80	88	6.54102
80	90	6.31841
80	108	7.5831
80	109	6.76096
80	113	6.63275
80	116	7.16875
80	118	6.62788
80	121	7.50256
80	124	6.38849
80	126	6.80769
80	151	8.16969
80	153	7.72427
80	163	8.18867
80	169	8.08066
80	174	8.24613
80	175	8.50233
80	182	9.05938
80	183	9.12708
80	189	8.86683
81	22	5.45387
81	33	5.87424
81	38	5.52551
81	52	6.42341
81	59	5.75753
81	63	6.54987
81	69	6.46111
81	70	6.33315
81	93	5.90538
81	97	5.43049
81	98	6.49597
81	116	7.37555
81	128	7.38015
81	130	7.00819
81	137	7.41907
81	138	7.68671
81	147	6.88319
81	150	7.78934
81	157	7.62237
81	168	8.60777
81	181	8.62253
81	184	7.99886
81	187	9.38737
81	191	9.5566
81	192	9.30083
81	195	9.20609
82	4	4.97434
82	27	7.05211
82	41	6.45286
82	51	7.92462
82	55	5.96261
82	60	6.18247
82	64	5.99499
82	67	6.53456
82	83	5.91073
82	84	6.6968
82	87	5.89743
82	88	6.39646
82	97	6.76789
82	98	7.68257
82	108	6.27597
82	120	6.6038
82	123	7.22136
82	129	6.09946
82	135	9.56298
82	151	8.02513
82	154	8.03427
82	156	7.33685
82	163	7.71482
82	170	8.11697
82	179	8.44862
82	195	9.45507
83	3	4.7831
83	27	4.85198
83	29	5.60828
83	30	5.59065
83	41	6.45419
83	62	5.78017
83	115	6.78566
83	116	7.02552
83	119	6.78801
83	121	6.45449
83	127	6.84796
83	130	6.65816
83	138	8.31347
83	141	6.4721
83	153	7.68907
83	154	8.0356
83	164	7.93939
83	167	7.78308
83	177	8.19282
83	183	8.82412
83	184	8.62562
83	186	9.40435
83	187	9.03734
83	189	8.72361
83	192	8.9508
83	197	8.97408
84	4	5.39841
84	10	4.72944
84	36	5.83561
84	62	6.20291
84	71	6.4391
84	75	6.97711
84	83	6.3348
84	87	6.3215
84	91	6.52802
84	111	7.21434
84	113	6.29963
84	116	7.44826
84	119	7.21076
84	120	7.02787
84	121	7.78207
84	125	7.26257
84	131	7.1849
84	139	7.53249
84	151	7.02822
84	155	8.01196
84	162	7.0995
84	168	8.68049
84	175	8.4922
84	184	9.71241
84	190	8.83535
84	195	9.2788
85	55	5.73383
85	71	5.78624
85	81	6.31342
85	104	6.57547
85	107	8.54285
85	109	6.32589
85	119	6.5579
85	123	6.99258
85	126	6.43435
85	136	7.36339
85	138	6.65255
85	144	7.33835
85	145	6.69535
85	147	7.59947
85	148	7.3906
85	154	7.80548
85	158	7.98819
85	169	7.70732
85	171	9.24876
85	176	8.28736
85	181	8.53434
85	183	8.75374
85	184	9.05955
85	185	8.38577
85	189	8.49349
85	195	8.76769
86	15	4.90405
86	41	6.78138
86	51	5.48069
86	66	6.24178
86	70	6.31031
86	72	5.23162
86	77	6.96894
86	85	5.75477
86	90	6.50238
86	98	6.47314
86	106	6.87526
86	124	6.57246
86	127	7.17516
86	130	6.98535
86	136	6.60299
86	142	7.21969
86	158	7.31688
86	169	8.26463
86	172	7.98262
86	176	8.00895
86	181	9.09165
86	183	9.31105
86	187	9.36454
86	197	9.30127
86	199	8.38957
86	200	9.022
87	2	5.09772
87	11	5.57386
87	19	5.99343
87	37	6.50305
87	62	5.78022
87	64	6.17637
87	75	6.55441
87	78	5.91105
87	113	6.48957
87	127	7.3328
87	129	8.7238
87	134	7.32802
87	135	6.45796
87	136	7.59355
87	141	6.47215
87	164	7.93944
87	166	7.97108
87	168	8.25779
87	180	8.73278
87	184	9.28971
87	185	8.61593
87	189	8.72365
87	190	9.00186
87	191	8.8522
87	199	9.28989
87	200	9.25268
88	1	5.78399
88	12	5.15057
88	61	4.3446
88	65	6.36062
88	95	6.57835
88	97	4.92137
88	109	6.88874
88	134	7.35872
88	138	7.17759
88	146	5.63887
88	149	8.56396
88	152	7.97201
88	156	7.95978
88	161	7.87494
88	162	8.40837
88	168	8.52875
88	175	8.63011
88	182	9.18717
88	183	7.68823
88	184	7.48974
88	186	8.26846
88	189	8.99461
88	191	9.04748
88	192	9.22181
88	195	9.12706
88	198	9.26415
89	1	5.64148
89	7	5.51924
89	24	6.0603
89	33	5.65271
89	50	6.17584
89	58	6.14617
89	63	6.32834
89	70	6.11162
89	78	5.97588
89	96	6.74538
89	107	8.23999
89	109	6.02302
89	112	7.899
89	116	7.15402
89	117	6.55455
89	124	8.16493
89	138	7.01116
89	159	8.54272
89	163	7.84465
89	166	7.97012
89	171	8.94589
89	184	9.41817
89	186	9.39257
89	189	8.85211
89	191	8.98066
89	196	9.05787
90	43	5.80175
90	47	6.04438
90	67	5.77901
90	76	6.09994
90	85	5.56976
90	93	6.92059
90	96	6.75907
90	104	6.94777
90	105	6.23999
90	107	6.10482
90	115	7.30064
90	118	6.67809
90	125	6.98201
90	131	7.33429
90	135	6.6001
90	139	7.68188
90	151	7.17761
90	175	8.64159
90	178	8.60791
90	179	8.59213
90	180	8.4331
90	185	8.75807
90	190	8.98474
90	194	8.6067
90	195	8.99824
90	197	9.11626
91	23	5.49936
91	37	6.60944
91	47	6.00864
91	53	6.47339
91	64	6.05776
91	70	6.08956
91	82	5.9731
91	84	6.80457
91	86	6.62923
91	89	6.25913
91	90	6.28163
91	105	7.0349
91	107	6.06908
91	120	6.71157
91	129	8.60518
91	147	7.93603
91	153	7.61977
91	154	8.14204
91	163	8.08418
91	167	8.59429
91	171	7.6783
91	177	8.25682
91	186	9.37051
91	195	8.9625
91	196	9.03581
91	197	9.4077
92	14	5.94741
92	51	6.67115
92	55	6.04105
92	56	7.33179
92	66	5.99169
92	74	6.56151
92	101	7.12699
92	105	7.00557
92	115	7.23556
92	119	6.86513
92	124	7.90171
92	126	6.74158
92	127	6.92507
92	132	6.86644
92	153	7.76619
92	156	7.41529
92	159	8.2795
92	161	7.65956
92	176	8.59459
92	187	9.11446
92	189	8.80072
92	191	8.92927
92	195	8.20159
92	196	9.00648
92	197	9.05119
92	200	9.32974
93	5	4.27671
93	11	5.99966
93	18	5.36492
93	52	6.49922
93	61	4.70819
93	76	6.38359
93	81	5.95166
93	90	6.60103
93	97	5.28496
93	123	7.64853
93	129	6.52663
93	132	7.21516
93	144	7.9943
93	146	6.00247
93	153	8.11491
93	160	8.1241
93	161	8.02977
93	165	8.12491
93	173	8.64273
93	176	8.94332
93	179	8.87579
93	181	8.477
93	184	7.85333
93	186	8.63205
93	189	9.14945
93	191	9.41107
94	9	6.10489
94	12	5.22734
94	24	5.68015
94	38	6.12277
94	50	6.39512
94	52	6.42117
94	65	6.36358
94	67	5.98461
94	71	5.88331
94	87	6.74713
94	97	7.117
94	99	6.96251
94	102	6.83468
94	114	6.00586
94	125	7.18761
94	137	7.39637
94	142	7.65094
94	145	8.59629
94	146	8.66389
94	149	8.64073
94	163	8.02103
94	164	8.28718
94	169	8.28522
94	177	8.19366
94	186	9.61185
94	188	9.23619
95	1	3.82384
95	4	5.14232
95	10	5.54816
95	21	5.57022
95	56	5.3474
95	97	6.93587
95	102	6.65355
95	109	6.78439
95	140	6.90479
95	143	6.59748
95	144	7.1419
95	146	8.48276
95	154	8.20225
95	156	7.50483
95	164	7.94017
95	167	8.6545
95	168	7.52011
95	172	8.43387
95	184	9.45632
95	186	9.43072
95	187	8.81269
95	189	8.89026
95	192	8.78051
95	193	9.18197
95	198	9.40397
95	200	9.41928
96	35	6.13478
96	36	5.74361
96	42	6.85713
96	43	6.52938
96	45	6.05865
96	55	6.58774
96	57	5.92785
96	68	5.68657
96	71	6.3471
96	75	6.0325
96	81	6.87428
96	99	6.94548
96	106	6.87881
96	109	6.94848
96	113	6.82027
96	118	6.86665
96	126	7.53812
96	141	6.80285
96	145	7.25621
96	150	7.77006
96	155	8.04348
96	178	8.79647
96	189	9.51368
96	194	9.47957
96	195	9.1868
96	197	9.30482
97	51	5.57931
97	71	6.44217
97	83	6.81536
97	93	5.49787
97	94	7.07471
97	113	6.91534
97	116	7.45133
97	123	7.6485
97	124	6.67107
97	135	6.88373
97	140	7.16395
97	144	7.99427
97	147	6.47568
97	148	7.90585
97	157	7.69816
97	163	8.14196
97	167	6.7488
97	168	8.68356
97	177	8.61863
97	180	8.71673
97	181	8.21502
97	183	7.78984
97	184	7.59134
97	186	8.37007
97	191	9.14909
97	195	9.28187
98	5	5.56612
98	39	6.63847
98	40	6.23355
98	48	6.16156
98	57	7.44045
98	58	6.10152
98	65	6.17346
98	67	5.63499
98	71	6.1002
98	96	6.70073
98	101	7.4809
98	112	7.98968
98	113	6.57338
98	117	6.5099
98	129	6.18464
98	130	8.03364
98	135	8.66342
98	139	7.15569
98	147	7.91343
98	148	7.17842
98	150	7.52316
98	173	8.30074
98	182	9.00001
98	183	9.0677
98	193	9.09917
98	197	9.05793
99	5	5.81183
99	7	5.81885
99	10	4.91004
99	36	5.74243
99	40	6.47926
99	70	6.41296
99	89	6.48225
99	90	6.44142
99	93	7.10797
99	107	6.2922
99	111	7.12116
99	115	7.48801
99	117	6.75561
99	128	7.35968
99	129	6.43035
99	131	7.36551
99	138	7.21223
99	144	7.89802
99	159	7.74724
99	160	8.02782
99	169	8.13843
99	173	8.54646
99	177	8.52238
99	190	9.01595
99	194	8.63792
99	200	9.58219
100	2	5.36557
100	4	5.98036
100	20	5.73233
100	39	6.82253
100	46	6.11755
100	48	6.43755
100	49	6.14084
100	53	5.55339
100	73	6.3769
100	85	5.69547
100	91	6.37318
100	106	6.81596
100	107	6.23053
100	110	6.69031
100	126	6.93237
100	132	8.17082
100	134	7.35561
100	135	6.72581
100	140	7.00604
100	148	7.74794
100	150	7.70721
100	181	9.03235
100	185	9.76002
100	187	9.30524
100	191	9.12006
100	196	8.83639
101	8	5.50876
101	22	5.20503
101	23	5.89781
101	24	6.46113
101	51	7.33519
101	52	6.17458
101	56	7.99583
101	74	6.58559
101	76	7.47371
101	80	6.19746
101	92	6.41205
101	96	6.71807
101	103	6.69293
101	108	6.37849
101	124	8.56576
101	127	6.94915
101	135	8.97355
101	136	7.6947
101	137	7.17023
101	143	8.1256
101	162	8.23856
101	163	7.81734
101	179	8.55114
101	185	8.71708
101	187	9.13854
101	199	9.39104
102	2	5.61016
102	31	4.88485
102	42	6.83424
102	48	6.2929
102	54	5.80882
102	77	6.85694
102	87	6.11395
102	99	6.82992
102	104	7.02078
102	122	7.00479
102	126	7.51523
102	128	7.24531
102	140	8.69197
102	141	6.6873
102	149	8.50814
102	150	7.65451
102	152	7.89024
102	164	8.15458
102	170	7.67738
102	172	8.32722
102	176	8.35355
102	177	8.40802
102	180	8.50611
102	195	9.07125
102	196	9.14456
102	198	9.20834
103	29	6.14322
103	60	6.15269
103	67	5.90263
103	72	6.45915
103	77	6.03812
103	90	6.44099
103	92	6.40466
103	95	6.57315
103	98	6.41175
103	105	7.19427
103	110	6.68821
103	114	5.83994
103	116	7.29133
103	118	6.29432
103	137	7.23045
103	143	8.29021
103	146	8.58191
103	151	8.29227
103	162	8.40317
103	167	8.75365
103	173	8.4827
103	180	8.38509
103	181	9.03026
103	182	9.18197
103	196	9.19517
103	197	9.17863
104	12	5.2553
104	29	6.15429
104	51	5.52924
104	70	6.35886
104	74	6.86014
104	85	5.80332
104	93	7.15414
104	94	6.30667
104	103	6.05837
104	105	7.3042
104	114	5.85102
104	123	6.93528
104	124	6.621
104	126	7.04021
104	133	8.02981
104	148	7.85578
104	157	7.64809
104	165	8.07481
104	166	7.63446
104	177	8.03882
104	180	8.39617
104	187	9.41308
104	191	9.2279
104	196	9.30511
104	198	9.36889
104	199	9.66559
105	22	5.54269
105	34	5.93342
105	49	6.31179
105	70	6.21667
105	81	6.98238
105	84	5.95804
105	91	6.54412
105	93	7.21725
105	101	6.69709
105	113	6.28394
105	114	7.17879
105	125	7.27867
105	132	7.22817
105	134	7.52655
105	135	6.89676
105	137	7.50789
105	139	7.5168
105	151	7.01253
105	152	8.13985
105	162	7.0838
105	169	7.94213
105	173	8.65574
105	182	9.355
105	194	8.44162
105	198	9.43199
105	199	9.72869
106	7	5.91934
106	16	5.26785
106	20	5.71054
106	37	6.74911
106	50	5.25048
106	68	6.55106
106	69	6.35719
106	90	6.5419
106	96	6.86299
106	113	6.58072
106	122	7.03571
106	124	6.49138
106	134	7.33382
106	145	7.17158
106	151	7.30931
106	153	7.93519
106	158	7.2358
106	163	7.96226
106	168	8.50386
106	172	8.51333
106	174	8.41074
106	175	8.77329
106	181	9.01056
106	190	9.11644
106	194	8.7384
106	198	9.23926
107	1	5.48703
107	3	5.80827
107	24	6.82591
107	25	5.77923
107	37	6.47705
107	41	6.42824
107	44	5.64164
107	55	5.93799
107	71	5.9904
107	98	7.45793
107	105	6.90251
107	111	6.76564
107	114	6.71399
107	115	7.1325
107	123	7.19674
107	141	10.4321
107	143	7.99845
107	158	8.45093
107	160	7.67231
107	161	8.68839
107	162	8.11141
107	165	7.67312
107	179	8.424
107	180	8.26496
107	182	8.89021
107	185	8.58994
108	3	4.89433
108	5	5.5935
108	32	5.66892
108	69	6.22231
108	81	6.65476
108	85	5.5388
108	94	6.89936
108	99	6.72595
108	103	6.65106
108	104	6.66718
108	115	7.26968
108	120	6.71635
108	121	7.47056
108	127	7.58887
108	133	7.76529
108	150	8.55051
108	155	7.70045
108	157	7.38357
108	166	8.22715
108	171	7.68308
108	172	8.37844
108	174	8.51633
108	181	8.87568
108	188	8.99963
108	190	9.11304
108	200	9.36386
109	21	6.04099
109	31	5.9779
109	43	5.89369
109	55	6.19806
109	83	6.14618
109	88	6.63191
109	90	6.40931
109	101	7.06062
109	111	7.02572
109	112	7.56941
109	119	7.02214
109	124	7.83535
109	133	7.88819
109	144	7.80258
109	149	8.52707
109	150	7.67343
109	161	7.5932
109	165	7.93319
109	171	8.6163
109	172	8.50134
109	173	8.45102
109	178	8.69985
109	183	9.21797
109	195	8.13523
109	197	9.2082
109	200	9.48675
110	5	5.62134
110	26	5.89824
110	30	5.72972
110	38	5.91405
110	47	6.04127
110	70	6.12218
110	72	6.33241
110	75	6.69343
110	82	8.74343
110	89	6.77703
110	94	6.78796
110	101	7.75112
110	102	6.62596
110	120	6.74419
110	123	7.36176
110	127	6.98703
110	130	8.30386
110	138	7.02173
110	149	8.43201
110	152	7.84007
110	155	7.72829
110	171	9.30679
110	174	8.3037
110	177	8.33189
110	191	8.99122
110	195	8.82572
111	1	5.85071
111	7	5.72847
111	16	7.37361
111	30	6.59988
111	31	5.00739
111	34	5.83231
111	45	6.06564
111	47	6.30193
111	49	6.10638
111	53	6.70468
111	56	5.51848
111	58	6.1045
111	59	6.82906
111	69	6.59301
111	86	6.3561
111	101	6.59598
111	122	7.12734
111	129	6.43853
111	137	7.40678
111	163	8.05389
111	164	8.27713
111	171	7.90959
111	174	8.50236
111	184	9.6274
111	194	9.48656
111	197	9.31181
112	2	5.09193
112	3	5.65297
112	5	5.47653
112	7	5.385
112	19	5.30928
112	26	6.14764
112	47	5.89646
112	74	6.47866
112	82	8.99283
112	90	6.16945
112	97	6.76348
112	109	6.63333
112	110	8.00909
112	123	7.21695
112	143	8.01866
112	148	7.69804
112	149	8.28721
112	150	7.43357
112	171	9.55619
112	177	8.18708
112	178	8.45999
112	187	9.0316
112	188	8.88267
112	189	8.71787
112	190	8.99607
112	194	9.14309
113	50	5.00016
113	65	6.26428
113	70	6.26312
113	90	6.29157
113	93	6.95307
113	96	6.79155
113	105	6.12135
113	106	6.71264
113	110	6.59707
113	138	7.05733
113	142	7.47783
113	143	8.19907
113	155	7.76389
113	165	7.87374
113	169	7.98858
113	174	8.3393
113	175	8.52296
113	178	8.64039
113	181	8.93912
113	190	8.86611
113	191	9.02682
113	193	9.18999
113	194	8.48807
113	195	9.03073
113	196	9.10403
113	197	9.14875
114	2	5.39371
114	4	5.27171
114	53	6.66299
114	76	6.2538
114	100	6.78609
114	102	6.78294
114	118	6.14677
114	122	7.12994
114	125	7.13587
114	127	6.83757
114	130	6.9542
114	145	8.28283
114	147	8.12563
114	150	7.79921
114	152	7.99705
114	157	7.56839
114	165	7.99512
114	166	7.47584
114	172	8.56326
114	175	8.65515
114	179	8.4169
114	183	9.2799
114	188	9.18445
114	190	9.29786
114	191	9.1482
114	197	9.03109
115	24	5.80482
115	46	5.96115
115	59	5.62221
115	81	5.96187
115	86	6.99524
115	88	5.01832
115	89	6.62514
115	99	7.08718
115	100	6.9625
115	102	6.95935
115	117	6.8985
115	124	6.71771
115	126	7.13692
115	146	6.01268
115	164	8.41184
115	166	8.31408
115	167	7.021
115	175	8.83156
115	179	8.9224
115	181	8.48721
115	183	8.06203
115	185	9.08834
115	186	8.64226
115	191	9.42128
115	197	9.44653
115	199	9.7623
116	31	5.06554
116	36	5.80875
116	38	6.17086
116	39	4.25833
116	43	6.05545
116	73	6.50488
116	74	6.30897
116	79	5.90138
116	83	6.30794
116	84	7.09401
116	128	7.18221
116	129	6.49667
116	140	7.13402
116	151	8.42234
116	157	7.66823
116	162	8.53324
116	164	8.24083
116	168	7.82077
116	170	8.51418
116	174	8.56051
116	176	8.91336
116	182	8.24279
116	188	9.28429
116	192	9.08117
116	198	9.70464
116	200	9.64851
117	6	6.27931
117	10	5.47765
117	15	5.44591
117	29	7.07804
117	82	5.9628
117	91	7.27253
117	98	6.24208
117	110	6.51855
117	111	6.88774
117	125	6.93597
117	128	7.12626
117	134	7.91516
117	140	6.83428
117	141	6.56825
117	143	8.12055
117	146	8.41225
117	153	8.32553
117	157	7.36849
117	159	7.51382
117	160	7.79441
117	161	7.70007
117	165	7.79522
117	177	8.96257
117	180	9.31991
117	191	8.9483
117	193	9.11146
118	29	6.17991
118	76	6.10883
118	82	6.01773
118	89	6.30376
118	91	6.3744
118	95	6.45841
118	104	6.10011
118	108	7.28623
118	110	6.57348
118	126	6.81554
118	144	7.71954
118	151	8.17754
118	156	7.48925
118	157	7.42342
118	173	8.36797
118	176	8.66855
118	178	7.92627
118	179	8.60113
118	180	8.42178
118	183	9.13493
118	186	9.41514
118	187	9.18842
118	194	9.2999
118	197	9.21532
118	198	9.14422
118	200	9.4037
119	11	5.79697
119	13	4.93407
119	20	5.74495
119	25	6.0857
119	29	5.8888
119	53	6.64746
119	64	6.27684
119	69	6.23667
119	102	6.81998
119	122	7.07012
119	130	6.93868
119	131	7.23919
119	133	7.93459
119	135	6.73843
119	137	7.34956
119	145	7.20598
119	155	8.31015
119	160	7.97878
119	161	7.88445
119	166	8.12214
119	173	9.24002
119	175	8.63963
119	176	8.64311
119	195	9.13658
119	198	9.27366
119	200	9.65616
120	33	5.6668
120	39	4.25181
120	41	4.70422
120	45	5.8705
120	73	6.25158
120	80	6.23885
120	100	6.63264
120	134	7.2303
120	144	7.43605
120	149	7.50404
120	152	7.8436
120	154	8.17819
120	158	7.13228
120	171	7.71444
120	173	8.35949
120	176	8.66007
120	182	8.23627
120	185	8.75848
120	186	9.40666
120	187	9.10684
120	191	8.99475
120	192	9.07465
120	193	9.15791
120	195	8.99865
120	197	9.11667
120	198	9.69812
121	6	5.45504
121	13	5.18624
121	25	6.33787
121	44	6.20028
121	55	6.49662
121	64	6.52901
121	83	6.86612
121	84	7.23081
121	92	6.67154
121	115	5.80214
121	116	7.55821
121	145	7.45815
121	147	6.52644
121	153	8.22176
121	156	8.11215
121	159	7.95036
121	167	6.79956
121	169	8.47012
121	172	8.7999
121	174	8.69731
121	181	8.26578
121	184	7.6421
121	186	8.42083
121	191	9.19985
121	193	9.548
121	199	9.82253
122	6	5.81523
122	8	5.64436
122	11	5.81062
122	12	5.11636
122	13	4.89035
122	51	5.3903
122	60	6.62344
122	63	6.43664
122	110	6.65921
122	124	6.48206
122	129	8.84686
122	135	6.69471
122	136	7.8303
122	140	6.97494
122	142	7.53996
122	143	8.2612
122	145	8.90112
122	146	8.5529
122	154	8.2724
122	177	8.4985
122	178	8.36033
122	179	9.03519
122	181	9.00125
122	182	9.15296
122	188	9.12521
122	196	9.16617
123	6	5.64842
123	11	6.02058
123	15	5.79654
123	16	5.4685
123	18	5.38585
123	20	5.59136
123	30	6.03742
123	33	5.97098
123	57	6.04387
123	61	7.17313
123	80	6.72154
123	87	6.88515
123	102	6.93366
123	121	7.8061
123	128	7.47689
123	129	8.68005
123	134	7.28427
123	138	7.32943
123	145	8.73431
123	146	8.76287
123	156	7.78495
123	161	8.0507
123	174	8.2165
123	176	8.96424
123	190	9.44858
123	198	9.43991
124	15	5.34474
124	42	5.15626
124	44	5.66255
124	45	5.72287
124	51	7.49838
124	62	5.77514
124	71	6.01132
124	74	6.47937
124	75	6.54933
124	99	6.60969
124	101	7.95422
124	110	7.9628
124	123	7.21765
124	130	8.50696
124	141	10.2305
124	143	8.01937
124	144	7.56343
124	161	8.4868
124	166	7.83659
124	174	8.15959
124	180	8.28588
124	182	8.91112
124	192	8.94577
124	194	9.14379
124	197	8.96904
124	200	9.2476
125	12	5.13674
125	21	5.66075
125	25	6.20433
125	65	6.3468
125	74	6.32432
125	78	6.16819
125	92	6.39603
125	97	7.0264
125	115	7.41563
125	116	6.89865
125	137	7.32622
125	144	7.45792
125	148	7.73722
125	149	7.52592
125	150	7.69649
125	159	7.67486
125	160	7.95544
125	163	7.97333
125	170	8.37548
125	178	8.72291
125	180	8.54809
125	181	9.02163
125	189	8.98079
125	192	9.09653
125	195	9.11324
125	198	9.71999
126	19	5.4918
126	38	5.95177
126	58	5.80436
126	59	6.66811
126	65	6.2664
126	73	6.71724
126	87	6.07554
126	96	6.83244
126	107	6.13942
126	118	6.7127
126	128	7.20691
126	129	6.27758
126	141	6.64889
126	151	8.20325
126	155	8.36636
126	160	7.87505
126	165	7.87586
126	171	7.74864
126	172	8.67298
126	176	8.69932
126	178	8.64251
126	179	8.62673
126	183	9.16064
126	187	9.21413
126	188	9.23636
126	197	9.15087
127	1	5.77468
127	5	5.74397
127	11	5.83551
127	19	5.98243
127	47	6.1639
127	55	6.22564
127	65	6.53435
127	72	6.45504
127	77	6.3748
127	79	5.76719
127	80	6.75428
127	122	7.61417
127	144	7.83016
127	147	8.09128
127	154	8.2973
127	160	7.95996
127	165	7.96077
127	166	7.96007
127	168	8.51944
127	169	8.19913
127	172	8.52892
127	174	8.24925
127	178	8.22627
127	183	9.24555
127	192	9.2125
127	199	9.55154
128	24	5.68401
128	40	6.50134
128	60	6.53545
128	68	6.65659
128	74	6.41189
128	95	6.15652
128	98	6.49758
128	102	6.83854
128	108	6.62894
128	116	6.98622
128	120	7.05937
128	125	7.1014
128	129	6.45243
128	140	7.08978
128	152	8.05265
128	157	7.62399
128	165	8.05072
128	166	8.19327
128	168	7.92369
128	171	7.9235
128	174	8.51627
128	179	8.80159
128	180	8.64256
128	182	8.34571
128	187	9.21628
128	188	9.24005
129	9	5.69
129	34	5.42747
129	36	6.71391
129	48	6.0106
129	50	5.98023
129	53	6.29984
129	57	5.53
129	96	6.54977
129	102	6.41979
129	103	6.96144
129	118	7.20845
129	123	7.83834
129	132	6.72222
129	140	6.67103
129	155	7.52211
129	166	8.53753
129	172	8.20011
129	174	8.82671
129	184	9.22256
129	185	8.54878
129	190	8.93471
129	192	8.8837
129	194	9.08172
129	195	8.78895
129	198	8.92604
129	199	9.22274
130	11	5.70575
130	12	6.7834
130	19	5.44695
130	25	5.93712
130	29	5.74022
130	50	6.17927
130	63	6.33178
130	67	6.01538
130	76	7.54396
130	81	6.67547
130	85	7.61574
130	94	6.78083
130	105	7.0604
130	112	8.37007
130	128	7.16205
130	134	7.21965
130	149	8.42489
130	153	7.82101
130	156	7.47012
130	158	8.15639
130	159	9.01379
130	177	8.32476
130	181	8.89639
130	184	9.4216
130	186	9.396
130	187	9.16928
131	13	4.92452
131	52	6.34434
131	54	5.86458
131	56	5.4517
131	70	6.58083
131	72	6.46431
131	105	6.43907
131	106	7.03035
131	112	6.40517
131	113	6.6481
131	117	6.69701
131	134	7.35867
131	151	7.37669
131	152	7.97197
131	155	7.86018
131	157	7.54331
131	160	7.96922
131	166	8.11259
131	168	8.52871
131	169	8.30629
131	172	8.53818
131	183	9.25481
131	190	9.18382
131	193	9.28628
131	194	8.80578
131	195	9.12702
132	8	5.38831
132	9	5.95112
132	19	5.50903
132	32	5.75171
132	89	6.3467
132	95	6.50135
132	96	6.81089
132	100	7.61496
132	107	6.15665
132	112	6.32822
132	120	6.79914
132	130	6.85217
132	131	7.15268
132	154	8.27457
132	157	9.26217
132	159	7.61169
132	160	8.54765
132	165	8.1534
132	168	8.45176
132	171	7.76587
132	181	8.95846
132	188	9.08242
132	189	8.91762
132	193	9.20933
132	196	8.88885
132	200	9.44664
133	7	6.00589
133	38	5.42058
133	57	6.21225
133	64	6.61147
133	65	6.70476
133	71	6.6315
133	82	6.48181
133	83	7.11794
133	88	5.04871
133	91	6.72043
133	102	7.10204
133	110	7.03755
133	121	5.7228
133	124	6.86041
133	141	7.08725
133	142	7.91831
133	143	8.63955
133	146	6.04307
133	147	6.77827
133	160	8.31341
133	181	8.5176
133	183	8.09242
133	186	8.67265
133	194	9.76398
133	198	9.60829
133	200	9.86778
134	13	4.98832
134	14	5.41679
134	31	5.00442
134	41	6.78895
134	42	5.49606
134	62	6.11494
134	65	6.48516
134	91	6.6252
134	103	6.33479
134	105	7.26322
134	107	6.2974
134	123	7.2117
134	138	7.21743
134	157	7.60711
134	160	8.03303
134	161	7.9387
134	163	8.1426
134	171	7.90662
134	177	8.31524
134	179	8.85193
134	180	8.67258
134	182	9.25092
134	187	9.37211
134	192	9.28557
134	196	9.26413
134	200	9.5874
135	3	5.65038
135	10	5.47492
135	15	5.44319
135	17	5.25438
135	21	6.9783
135	22	5.19725
135	34	5.58799
135	43	5.75298
135	71	6.10977
135	74	6.57781
135	83	6.00547
135	104	6.899
135	110	8.00651
135	113	6.58294
135	130	8.55067
135	136	7.68692
135	141	10.2742
135	142	7.39657
135	163	7.80956
135	164	8.0328
135	176	8.61089
135	187	9.13076
135	189	8.81702
135	191	8.94557
135	192	9.04422
135	200	9.34604
136	16	6.77008
136	26	6.35712
136	31	5.24464
136	38	6.34996
136	54	6.16861
136	62	5.97533
136	63	5.88018
136	69	5.98948
136	79	6.08048
136	92	6.71383
136	106	7.12305
136	107	6.53762
136	124	6.82025
136	127	7.42295
136	129	6.67578
136	130	7.23314
136	144	8.14344
136	147	8.40457
136	152	7.93261
136	155	8.06296
136	163	8.29113
136	165	8.27406
136	170	7.71975
136	177	8.76781
136	183	9.55884
136	200	9.40897
137	7	5.71811
137	19	6.04988
137	32	5.88507
137	35	5.97295
137	40	6.47707
137	42	5.48866
137	50	6.37471
137	63	6.52721
137	81	6.87091
137	85	5.75495
137	86	6.85016
137	92	6.46622
137	104	6.46756
137	108	7.65367
137	133	7.98144
137	149	8.62032
137	156	7.66555
137	160	8.02563
137	164	8.26676
137	170	8.44567
137	172	8.59459
137	178	8.29372
137	179	8.96857
137	180	8.78923
137	190	9.32918
137	200	9.58
138	8	5.59501
138	42	5.34874
138	46	5.67614
138	83	7.73525
138	88	5.66602
138	93	6.41776
138	113	6.67697
138	119	6.97546
138	121	6.34011
138	122	6.97704
138	127	7.0354
138	132	6.97676
138	133	6.88046
138	139	7.25928
138	143	8.21185
138	156	8.98129
138	162	8.3248
138	173	8.40434
138	174	8.35207
138	177	8.38026
138	183	8.70973
138	189	8.91105
138	190	9.18925
138	191	10.069
138	197	9.16152
138	199	9.47729
139	7	6.11234
139	28	5.61263
139	43	5.93894
139	57	5.87648
139	63	6.47921
139	75	6.83374
139	76	6.23713
139	99	6.87777
139	106	7.15598
139	111	7.07097
139	112	6.41358
139	116	7.3049
139	130	6.93754
139	131	7.659
139	140	7.01751
139	149	8.57232
139	153	7.96845
139	162	7.57359
139	165	7.97845
139	169	8.43192
139	175	8.9663
139	179	8.72932
139	187	9.31672
139	194	8.93141
139	195	9.13543
139	199	9.56922
140	2	6.42196
140	14	5.21009
140	15	6.06046
140	20	5.5925
140	62	6.74476
140	75	6.82141
140	100	6.61811
140	103	6.7198
140	108	6.40536
140	120	6.73319
140	124	6.37333
140	126	8.32704
140	127	6.97603
140	137	7.1971
140	138	7.01073
140	143	8.15247
140	158	7.11775
140	161	7.73199
140	169	8.0655
140	173	9.76227
140	176	9.16536
140	178	8.59379
140	180	8.41898
140	187	9.16541
140	192	9.07887
140	195	8.98412
141	9	5.80015
141	10	5.42456
141	19	5.35806
141	21	7.31349
141	26	6.48025
141	33	5.56725
141	34	5.53762
141	37	6.54605
141	77	6.68479
141	78	6.91879
141	98	7.63524
141	99	6.65777
141	102	6.52994
141	114	6.78299
141	133	7.69711
141	148	8.03064
141	153	7.73212
141	166	7.88467
141	169	7.98048
141	170	8.16134
141	172	8.31026
141	177	8.23587
141	185	8.65893
141	188	8.93145
141	198	9.03619
141	200	9.29568
142	16	6.96982
142	25	6.15307
142	33	5.78648
142	35	6.15192
142	39	6.90251
142	64	6.3442
142	72	5.81832
142	78	6.25889
142	79	5.85338
142	86	5.9523
142	89	6.50057
142	96	6.72879
142	134	7.43559
142	137	7.41692
142	145	7.27335
142	163	8.06403
142	164	8.28727
142	167	8.83573
142	171	7.91974
142	178	8.81361
142	188	9.13271
142	190	9.34969
142	191	9.20004
142	192	9.29868
142	193	9.14795
142	199	8.97627
143	1	3.91248
143	17	5.39104
143	37	4.5438
143	69	6.82229
143	74	6.09694
143	77	7.35295
143	88	7.109
143	92	6.85006
143	103	7.30294
143	112	6.84541
143	114	7.45115
143	115	7.86966
143	116	6.67127
143	120	6.74441
143	123	7.9339
143	127	7.55917
143	138	7.59387
143	141	7.18331
143	149	7.29853
143	155	8.30043
143	156	8.04938
143	168	7.60874
143	172	8.97843
143	180	9.00212
143	187	8.90133
143	198	9.49261
144	17	5.69734
144	27	5.32389
144	28	5.80517
144	43	6.13148
144	49	6.34486
144	52	6.08318
144	60	6.65572
144	76	6.42967
144	79	5.97741
144	87	6.37067
144	104	7.2775
144	108	6.74921
144	109	7.08965
144	120	7.05071
144	127	7.31988
144	133	8.12598
144	143	6.99241
144	149	7.60483
144	163	8.18806
144	177	8.66474
144	182	8.33706
144	183	9.45577
144	192	9.17544
144	196	9.40128
144	197	9.44599
144	198	9.79891
145	1	5.65412
145	11	5.71495
145	20	6.0931
145	44	5.80873
145	46	5.62984
145	66	7.00812
145	77	6.8438
145	84	6.83926
145	86	6.66393
145	108	8.05522
145	114	6.64562
145	119	6.92915
145	130	6.7993
145	152	7.84214
145	153	8.19638
145	155	7.73036
145	156	7.47932
145	165	7.84021
145	166	8.42907
145	168	8.39888
145	170	8.25944
145	184	9.43081
145	189	8.86475
145	190	9.14295
145	194	9.28997
145	198	9.13428
146	28	6.09135
146	32	6.31579
146	55	6.72203
146	56	5.93884
146	61	4.45068
146	62	6.53826
146	73	6.86709
146	94	7.40699
146	100	7.24814
146	115	5.75586
146	120	7.36322
146	126	7.42256
146	130	7.41625
146	133	5.96504
146	147	6.48015
146	156	8.06586
146	162	8.89546
146	167	6.75327
146	170	8.87639
146	173	8.97499
146	183	7.79431
146	184	7.59582
146	186	8.37454
146	191	9.15356
146	192	9.70889
146	200	10.0107
147	11	6.08253
147	70	6.49184
147	72	6.70206
147	76	6.46647
147	81	6.08189
147	87	6.40747
147	88	5.13834
147	121	5.81243
147	122	7.29832
147	128	7.53883
147	131	7.46739
147	133	6.35278
147	142	7.81188
147	151	8.53518
147	152	8.20972
147	156	8.4536
147	160	8.20698
147	162	8.64608
147	166	8.35034
147	167	7.14101
147	181	8.60723
147	183	8.18205
147	186	8.76228
147	193	9.52403
147	195	9.36477
147	197	9.48279
148	2	5.44071
148	14	6.12283
148	39	6.89767
148	40	6.49274
148	49	6.21598
148	59	6.83437
148	64	6.33936
148	68	6.64799
148	78	5.88807
148	85	7.05687
148	92	5.92342
148	95	6.65038
148	110	7.31098
148	128	7.37316
148	141	9.57869
148	145	7.26851
148	161	7.83498
148	171	8.85808
148	174	8.50767
148	175	8.70215
148	182	9.2592
148	185	8.95893
148	187	9.38038
148	190	9.34485
148	192	9.29384
148	200	9.59567
149	1	4.15127
149	37	4.78259
149	41	4.7375
149	46	6.20514
149	49	6.58939
149	50	6.76378
149	51	5.86994
149	52	6.01567
149	69	6.82752
149	75	7.27081
149	78	6.62745
149	79	6.22194
149	90	6.89163
149	91	6.82172
149	103	7.30818
149	106	7.2645
149	114	7.45639
149	120	6.98321
149	133	8.37051
149	143	6.92491
149	159	8.13412
149	180	9.00735
149	182	8.26955
149	187	9.14012
149	188	9.60485
149	198	9.7314
150	10	5.70363
150	20	5.85462
150	22	6.59617
150	38	6.0971
150	58	6.33979
150	60	6.71989
150	61	7.04848
150	71	6.28459
150	78	6.23312
150	86	6.8449
150	99	6.93684
150	124	6.56738
150	130	6.98028
150	132	7.11144
150	140	7.06025
150	156	7.66029
150	163	8.42231
150	170	8.44041
150	173	8.53901
150	174	8.47977
150	175	8.68122
150	176	8.83959
150	177	8.59495
150	178	8.45678
150	188	9.21052
150	198	9.31526
151	4	5.53
151	21	5.95791
151	29	6.16262
151	41	7.00852
151	50	5.0159
151	55	6.51827
151	63	6.75417
151	84	6.02023
151	86	7.07712
151	96	7.17121
151	102	7.04123
151	105	6.1371
151	113	6.34613
151	139	7.57899
151	142	7.85749
151	147	8.38392
151	159	7.97201
151	162	7.146
151	172	8.82155
151	173	8.77123
151	174	8.71896
151	175	8.5387
151	182	9.47049
151	190	8.88185
151	194	8.50381
151	197	9.52841
152	17	5.56097
152	21	5.80358
152	23	6.19663
152	32	5.74909
152	40	5.6829
152	69	6.20664
152	81	6.94355
152	94	7.0489
152	96	6.7462
152	99	7.01474
152	102	6.78995
152	117	6.82606
152	118	6.93592
152	125	7.23984
152	126	7.77476
152	127	7.24797
152	144	7.96847
152	151	8.42647
152	153	8.08908
152	158	7.3897
152	172	8.58674
152	174	8.56464
152	178	8.86574
152	182	9.31617
152	190	9.40182
152	200	9.62613
153	8	5.80269
153	19	5.91444
153	47	6.29733
153	50	6.44247
153	64	6.09738
153	66	6.47114
153	69	6.50621
153	79	5.90062
153	97	7.16434
153	101	6.65338
153	104	6.33212
153	107	6.35776
153	110	6.81754
153	117	8.35928
153	127	7.25381
153	130	7.05329
153	145	8.69907
153	147	8.22471
153	155	7.98435
153	160	8.09339
153	175	8.75424
153	179	8.83314
153	182	9.31129
153	184	9.6848
153	185	9.01102
153	188	9.28354
154	11	6.12172
154	19	5.86292
154	33	6.07211
154	41	7.00209
154	44	5.53263
154	45	6.05183
154	47	6.4501
154	48	6.294
154	51	5.7014
154	53	5.40984
154	56	5.72864
154	72	6.74124
154	73	6.65689
154	78	6.45891
154	100	7.41896
154	117	6.97395
154	121	7.90723
154	123	7.77059
154	160	8.35165
154	162	8.68526
154	167	9.03575
154	175	8.90701
154	184	9.83757
154	185	9.61648
154	193	9.56322
154	196	8.69285
155	28	5.68634
155	35	6.15712
155	47	5.96723
155	57	5.95019
155	78	6.26409
155	86	6.0214
155	94	7.00198
155	98	6.49903
155	107	6.31572
155	110	6.77549
155	111	8.25183
155	122	7.14269
155	138	7.23575
155	139	7.42493
155	141	6.82519
155	142	7.87549
155	151	8.37955
155	161	7.95702
155	164	8.29248
155	166	8.19471
155	168	8.61083
155	176	8.66475
155	183	9.33694
155	188	9.2018
155	193	9.21704
155	198	9.34623
156	9	6.00626
156	38	6.16771
156	68	6.5541
156	72	6.4425
156	80	6.34542
156	86	6.77194
156	89	6.40184
156	118	6.78506
156	119	7.03717
156	133	7.01027
156	138	8.32891
156	140	6.98729
156	144	7.81761
156	145	7.17462
156	146	6.79019
156	147	7.52539
156	148	7.72919
156	168	8.5069
156	170	8.36745
156	172	8.51637
156	175	8.60826
156	177	8.44197
156	183	8.83955
156	184	8.64106
156	188	9.13756
156	198	9.2423
157	30	5.82676
157	44	5.90168
157	45	6.42088
157	60	6.41991
157	64	6.23243
157	79	8.16503
157	83	6.14816
157	107	6.19874
157	108	6.5134
157	112	6.37031
157	120	6.84123
157	123	7.4588
157	129	6.3369
157	132	8.39633
157	136	7.82961
157	139	7.30795
157	144	7.80457
157	150	7.67542
157	162	8.37347
157	164	8.1755
157	165	8.32645
157	169	8.17354
157	170	8.3544
157	180	8.52702
157	196	9.0619
157	200	9.48874
158	57	7.47642
158	66	6.00548
158	69	6.20198
158	83	6.00296
158	92	6.13788
158	104	6.89648
158	120	6.69603
158	124	8.29159
158	135	8.69938
158	142	7.39406
158	147	7.92049
158	161	8.04944
158	164	8.03029
158	165	7.78998
158	166	7.93253
158	171	9.07254
158	175	8.45001
158	176	8.60838
158	179	8.54085
158	182	9.00706
158	183	9.07476
158	192	9.04171
158	194	9.23973
158	195	8.59147
158	196	9.02027
158	197	9.06498
159	6	5.16412
159	12	6.76666
159	16	5.2635
159	26	5.99167
159	33	5.76597
159	44	5.90935
159	52	6.31515
159	53	6.60871
159	54	5.83539
159	67	5.99864
159	77	6.88351
159	82	8.83685
159	122	7.03136
159	135	9.02706
159	142	7.54492
159	143	8.26617
159	146	8.55787
159	148	7.54206
159	149	8.53471
159	152	7.94277
159	185	8.85765
159	191	9.09392
159	193	9.25708
159	195	8.91915
159	196	9.17113
159	199	9.53161
160	16	5.37843
160	28	7.22155
160	36	5.76956
160	43	6.01626
160	45	6.13192
160	46	6.05409
160	49	6.22964
160	53	5.48993
160	60	6.54049
160	66	6.27127
160	100	7.49904
160	108	6.63399
160	114	7.09664
160	115	7.51514
160	120	6.96182
160	140	7.09483
160	154	8.15866
160	163	8.07284
160	165	8.03748
160	178	8.82242
160	179	8.80664
160	185	9.69656
160	188	9.2451
160	198	9.34984
160	199	9.64654
160	200	9.60932
161	14	6.41207
161	63	6.51605
161	78	6.17732
161	83	6.22827
161	85	7.34611
161	88	6.714
161	92	6.21267
161	96	6.93309
161	97	7.08543
161	107	8.44142
161	112	8.10044
161	120	6.92134
161	121	7.67555
161	126	6.98068
161	131	7.27489
161	137	7.38525
161	145	7.24168
161	158	7.88676
161	159	8.74416
161	168	8.57396
161	169	8.25365
161	170	8.43451
161	175	8.67532
161	176	8.83369
161	181	9.08066
161	191	9.16837
162	10	4.74633
162	44	6.23902
162	49	6.44437
162	50	4.98629
162	65	6.66104
162	86	7.09422
162	90	6.2777
162	98	6.71737
162	105	6.10749
162	106	6.69877
162	113	6.31652
162	118	7.10734
162	125	7.41125
162	129	6.67222
162	131	7.20179
162	139	7.54938
162	143	8.59583
162	145	7.4969
162	172	8.83865
162	175	8.50909
162	177	8.76425
162	178	9.03715
162	192	9.52223
162	194	8.4742
162	196	9.5008
162	198	9.56457
163	38	6.09947
163	68	6.62944
163	69	6.43557
163	75	6.87886
163	80	6.81002
163	83	6.23655
163	84	7.02261
163	94	6.68802
163	98	6.47043
163	104	6.45585
163	109	6.94223
163	110	6.7469
163	126	6.98896
163	129	8.76854
163	132	7.11381
163	135	6.7824
163	137	7.62288
163	148	7.80453
163	153	7.78313
163	167	8.81234
163	178	8.28201
163	179	8.95687
163	193	9.33981
163	194	9.47332
163	199	9.61434
163	200	9.57712
164	2	5.51683
164	17	5.84595
164	25	6.43185
164	37	4.9987
164	49	6.2921
164	80	6.51542
164	95	6.29647
164	103	7.01089
164	112	6.55336
164	121	7.77849
164	125	7.24135
164	134	7.50687
164	136	8.01266
164	137	7.4882
164	138	7.30182
164	143	7.14101
164	144	7.68544
164	148	7.89919
164	153	8.10823
164	168	8.06364
164	172	8.68638
164	176	8.93663
164	180	8.71007
164	188	9.30756
164	193	9.43447
164	198	9.94751
165	4	5.70553
165	9	6.07487
165	45	5.92054
165	46	5.84272
165	48	6.16272
165	62	6.09794
165	66	6.23234
165	68	6.62272
165	100	7.28767
165	104	7.12335
165	111	7.10936
165	132	7.89599
165	151	8.34423
165	153	8.00684
165	166	8.15939
165	167	8.80561
165	168	8.57551
165	172	8.58498
165	177	8.51059
165	180	8.60868
165	184	9.60743
165	185	9.48519
165	190	9.31958
165	193	9.33308
165	196	8.56156
165	197	9.29184
166	20	5.58
166	24	5.71076
166	49	6.25134
166	64	6.12127
166	66	6.49502
166	68	6.68335
166	98	6.52434
166	100	6.86844
166	114	6.13252
166	121	7.73773
166	122	7.57007
166	123	7.21679
166	125	7.21822
166	131	7.33707
166	144	7.94686
166	151	8.40486
166	153	7.68329
166	156	7.71657
166	164	8.31779
166	170	8.49669
166	171	7.95025
166	172	8.64562
166	180	8.67767
166	186	9.64246
166	189	9.102
166	195	9.23445
167	19	5.9388
167	36	6.03665
167	39	7.17841
167	48	6.70149
167	59	5.70761
167	67	6.26061
167	69	6.73487
167	71	6.64014
167	78	6.53479
167	93	5.85546
167	96	7.24066
167	110	7.04619
167	115	6.10898
167	131	7.58246
167	138	7.63679
167	155	8.21301
167	156	8.41899
167	158	7.61347
167	163	8.33993
167	164	8.56318
167	174	8.78841
167	181	8.57262
167	183	8.14744
167	186	8.72767
167	191	9.50669
167	192	9.57459
168	15	5.86985
168	16	5.54182
168	25	6.19848
168	33	6.04429
168	39	4.26783
168	59	7.01141
168	64	6.5164
168	98	6.66602
168	106	7.06814
168	119	7.3081
168	120	6.96594
168	125	7.00797
168	127	7.36804
168	128	7.19171
168	129	6.62087
168	134	7.60779
168	143	6.90764
168	144	7.45206
168	174	8.68471
168	181	9.28453
168	182	8.25228
168	184	9.80975
168	185	9.13597
168	189	9.24369
168	192	9.09067
168	193	9.5354
169	19	5.65532
169	22	5.44414
169	70	6.54751
169	81	6.88384
169	99	6.71883
169	104	7.14588
169	105	6.40575
169	109	6.95804
169	131	7.50006
169	133	7.99437
169	137	7.40934
169	138	7.22296
169	142	7.64346
169	147	8.16988
169	150	7.77961
169	152	8.04131
169	153	8.02937
169	161	7.94423
169	162	7.41465
169	175	8.80736
169	176	8.85778
169	187	9.37764
169	190	9.1505
169	193	9.35562
169	194	8.77247
169	195	9.19636
170	7	5.80718
170	43	6.51632
170	59	6.90776
170	66	6.33102
170	69	5.95695
170	76	6.37419
170	85	5.84401
170	91	6.52172
170	101	6.67468
170	103	7.00817
170	109	7.03417
170	111	7.95046
170	132	7.20576
170	135	6.87435
170	139	7.48828
170	156	7.75461
170	158	7.40613
170	167	8.90428
170	176	8.36339
170	188	8.90043
170	189	9.50062
170	191	9.26859
170	196	9.3458
170	198	9.40958
170	199	8.744
170	200	9.37644
171	18	6.8953
171	22	5.3014
171	24	6.54558
171	30	5.78821
171	32	5.75526
171	67	6.02959
171	68	6.50251
171	76	7.55817
171	89	6.90141
171	95	6.5049
171	97	6.96677
171	110	7.88407
171	127	7.04552
171	137	7.2666
171	151	8.22402
171	168	8.4553
171	170	8.31585
171	173	8.41445
171	174	8.36219
171	176	8.71503
171	181	8.96201
171	186	9.46162
171	193	9.21288
171	194	9.34639
171	195	8.9501
171	200	9.45019
172	4	5.41257
172	6	5.35926
172	8	5.84447
172	51	5.5904
172	61	7.16327
172	68	5.90489
172	72	5.81742
172	74	6.9213
172	75	6.25082
172	95	6.74424
172	100	6.92695
172	107	6.39954
172	119	7.53726
172	127	7.28486
172	140	8.93318
172	141	6.90901
172	145	7.36237
172	153	8.12598
172	159	7.85458
172	160	8.13516
172	167	8.92475
172	170	7.91859
172	174	8.60153
172	193	9.14705
172	198	9.43005
172	200	9.60781
173	10	5.75562
173	11	5.96945
173	14	5.45614
173	30	6.416
173	42	7.29627
173	49	5.92251
173	59	6.86544
173	60	6.55791
173	73	6.83351
173	74	6.85851
173	80	6.47038
173	82	6.24077
173	96	6.94871
173	111	8.40266
173	114	7.11406
173	121	7.73345
173	131	7.33279
173	135	6.83203
173	137	7.44315
173	149	8.66706
173	158	7.3638
173	167	8.86196
173	169	8.31155
173	180	8.66503
173	193	9.36787
173	196	9.30348
174	14	5.43879
174	28	5.69002
174	43	6.01633
174	48	6.43447
174	57	5.95387
174	60	6.41462
174	65	6.45959
174	84	7.05489
174	88	6.75455
174	90	6.53195
174	98	6.5027
174	104	6.32535
174	127	7.24704
174	134	7.24226
174	149	8.64971
174	150	8.20868
174	152	8.05777
174	166	7.88531
174	177	8.28967
174	186	9.62083
174	188	9.24517
174	190	9.35858
174	193	9.37208
174	196	9.28613
174	198	9.34991
174	200	9.60939
175	16	5.41802
175	22	5.50013
175	23	6.1929
175	29	6.00457
175	58	6.41396
175	84	6.39002
175	90	6.6771
175	97	7.1655
175	98	6.54223
175	99	6.81997
175	106	7.09818
175	119	7.1843
175	122	7.18589
175	125	7.23611
175	131	7.6012
175	151	7.44451
175	162	7.51579
175	169	8.37411
175	171	7.96814
175	176	8.91376
175	177	8.58911
175	178	8.86201
175	180	8.6872
175	184	9.68595
175	192	9.34709
175	197	9.37036
176	14	5.54148
176	23	6.25608
176	24	5.79183
176	36	5.87233
176	41	6.91365
176	47	5.83224
176	58	5.63481
176	60	6.64326
176	63	6.01403
176	87	6.35822
176	103	7.0512
176	110	6.88187
176	111	8.11684
176	112	6.59367
176	136	7.1238
176	141	6.93157
176	144	8.02792
176	152	8.06645
176	163	8.17561
176	168	8.71721
176	173	9.12668
176	180	8.75037
176	182	9.37562
176	189	9.667
176	190	9.46127
176	195	9.31552
177	40	6.48098
177	49	6.20422
177	58	6.34895
177	71	5.98862
177	76	6.28903
177	79	5.83677
177	80	6.68883
177	84	7.0294
177	93	7.10968
177	127	7.25634
177	133	7.98534
177	135	6.78919
177	137	7.50168
177	150	8.21799
177	152	8.03228
177	160	8.02954
177	166	7.89462
177	171	7.90313
177	176	8.84875
177	178	8.16082
177	181	9.09573
177	186	9.59534
177	188	9.21968
177	189	9.05488
177	194	9.48011
177	197	9.44986
178	10	5.82105
178	34	5.93412
178	62	6.21971
178	69	6.55062
178	75	6.99391
178	76	6.39729
178	82	6.3062
178	90	6.61473
178	98	6.58548
178	103	6.26237
178	108	7.46461
178	119	7.22755
178	124	6.6848
178	131	7.39821
178	134	7.1954
178	137	7.44552
178	151	8.466
178	163	8.07018
178	169	8.37697
178	170	8.55784
178	176	8.95702
178	179	8.77951
178	180	8.60016
178	193	9.45486
178	196	9.3689
178	197	9.3937
179	3	5.17749
179	17	5.55535
179	23	5.71646
179	24	5.72675
179	27	5.24636
179	28	5.72764
179	35	6.01498
179	45	6.12229
179	49	6.26733
179	56	5.57513
179	66	6.64861
179	118	6.74048
179	147	8.22397
179	151	8.42085
179	153	7.83687
179	163	8.30128
179	167	8.88223
179	170	8.51268
179	171	7.96624
179	178	8.33575
179	190	9.3962
179	191	9.24654
179	194	9.54321
179	197	9.6248
179	199	9.68423
179	200	9.64701
180	12	5.2123
180	37	6.83574
180	48	6.41045
180	54	6.50984
180	77	6.41452
180	82	6.1994
180	92	6.47159
180	101	6.59099
180	108	7.62594
180	120	6.93787
180	122	7.65388
180	123	7.3006
180	126	6.99721
180	129	8.75251
180	133	7.98681
180	137	7.60685
180	138	7.21541
180	154	8.36834
180	156	7.67092
180	161	7.93667
180	170	8.45104
180	179	8.94084
180	183	9.31659
180	185	8.94863
180	191	9.1849
180	199	9.62259
181	14	5.60133
181	27	5.37129
181	33	6.04352
181	35	6.32334
181	50	6.56664
181	59	6.14261
181	61	5.23879
181	67	6.15613
181	78	6.43031
181	83	7.60795
181	91	6.62459
181	93	6.29045
181	110	6.94171
181	118	7.05522
181	121	6.2128
181	133	6.75315
181	139	7.59115
181	147	7.26827
181	152	8.22031
181	167	7.54139
181	173	8.7362
181	175	8.87842
181	186	9.16266
181	193	9.53463
181	197	9.49339
181	199	9.80915
182	1	4.08835
182	17	5.56692
182	54	6.13802
182	58	6.56207
182	75	7.09877
182	86	7.06719
182	91	6.64968
182	92	6.68325
182	95	6.01744
182	96	7.16128
182	112	6.6786
182	114	7.28434
182	116	6.84714
182	125	6.96232
182	128	7.14606
182	129	6.64519
182	145	7.46987
182	150	7.98371
182	156	7.88258
182	164	8.20467
182	180	8.83531
182	192	9.04501
182	193	9.55972
182	194	9.69323
182	197	9.51848
182	198	9.66848
183	2	5.63061
183	21	5.93651
183	27	5.38492
183	83	7.36165
183	85	5.96051
183	89	6.68563
183	93	6.04416
183	106	7.081
183	112	6.66714
183	121	5.96651
183	135	6.99085
183	138	7.82549
183	140	7.27108
183	146	6.28677
183	147	7.02197
183	149	8.82589
183	152	8.23394
183	156	8.60768
183	159	7.95061
183	163	8.24909
183	167	7.29509
183	174	8.69757
183	175	8.89205
183	177	8.72576
183	188	9.42135
183	191	9.69538
184	5	4.39639
184	25	6.44591
184	31	5.31038
184	51	5.79422
184	58	6.65839
184	59	5.73169
184	76	6.59848
184	88	5.1278
184	111	7.43232
184	115	6.13306
184	121	5.80189
184	122	7.43032
184	133	6.34224
184	146	6.12216
184	156	8.44306
184	166	8.48235
184	167	7.13048
184	168	8.89847
184	171	8.21257
184	179	9.09067
184	183	8.17151
184	188	9.52913
184	191	9.53076
184	193	9.65604
184	199	9.93057
184	200	9.89335
185	21	5.75776
185	26	6.13633
185	32	5.91189
185	48	6.46847
185	53	5.58431
185	68	6.65914
185	75	6.90856
185	79	7.97045
185	92	6.49304
185	93	7.13259
185	99	6.96892
185	104	7.15977
185	108	6.63149
185	117	6.78024
185	119	7.14221
185	132	8.20175
185	154	8.25304
185	156	7.69237
185	157	9.24064
185	158	7.34388
185	165	8.13187
185	169	8.29162
185	170	8.47249
185	181	9.11864
185	186	9.61826
185	189	9.0778
186	2	5.65567
186	5	4.71838
186	11	6.13182
186	24	5.89037
186	30	6.14866
186	38	5.82166
186	44	6.22559
186	54	6.15162
186	57	6.15511
186	81	6.39333
186	88	5.44978
186	91	6.66328
186	93	6.20152
186	97	5.72663
186	136	8.15151
186	145	7.48347
186	146	6.44414
186	148	8.03804
186	157	7.83035
186	169	8.49543
186	175	8.91711
186	178	9.02373
186	180	8.84891
186	181	8.91867
186	184	8.295
186	200	9.81063
187	2	5.56816
187	7	5.86123
187	9	6.2276
187	34	5.96507
187	35	6.27452
187	37	4.95871
187	40	6.62019
187	41	4.91362
187	45	6.1984
187	54	6.06411
187	74	6.51185
187	111	7.26208
187	120	7.15933
187	122	7.26009
187	128	7.3851
187	131	7.42916
187	149	7.71345
187	173	8.68739
187	178	8.93621
187	182	8.44567
187	186	9.73456
187	188	9.3589
187	190	9.4723
187	192	9.28406
187	196	9.39986
187	199	9.76034
188	5	5.899
188	9	5.67308
188	13	5.07029
188	24	5.7491
188	25	6.22192
188	34	5.91131
188	60	6.60053
188	62	6.1358
188	85	5.8443
188	103	7.00847
188	115	7.57518
188	120	7.02186
188	125	7.25656
188	130	7.07489
188	135	6.87464
188	142	7.76713
188	143	8.44113
188	144	7.98519
188	155	8.22344
188	172	8.53006
188	173	9.15331
188	177	8.60955
188	179	8.86668
188	193	9.10869
188	195	9.27279
188	199	8.93701
189	1	5.86602
189	14	5.43507
189	26	6.13518
189	39	6.90767
189	40	5.85396
189	47	6.08661
189	48	6.43075
189	75	6.44019
189	79	5.85854
189	86	6.14078
189	104	7.15862
189	118	6.88895
189	136	7.37817
189	139	7.42488
189	147	8.18263
189	150	7.79235
189	156	7.69122
189	159	7.77072
189	162	8.4904
189	170	8.10797
189	173	9.38105
189	174	8.51767
189	176	8.78414
189	177	8.54586
189	183	9.3369
189	192	9.30384
190	6	5.38247
190	10	5.08801
190	38	6.2351
190	50	5.32797
190	63	6.65996
190	67	6.09694
190	71	6.47647
190	83	6.37218
190	84	6.3323
190	92	6.59897
190	96	7.077
190	105	6.44917
190	133	8.11419
190	135	6.91803
190	137	7.52916
190	138	7.34278
190	139	7.89106
190	151	7.38679
190	152	8.16112
190	159	7.87779
190	162	7.45807
190	175	8.85078
190	176	8.97759
190	188	9.34853
190	194	8.81588
190	198	9.45326
191	15	5.72339
191	28	5.70688
191	38	6.06544
191	40	6.52332
191	42	5.53492
191	43	6.03319
191	52	6.44701
191	58	6.3913
191	88	5.69356
191	111	7.16522
191	126	7.03809
191	133	6.908
191	134	7.46133
191	146	6.68792
191	149	8.66657
191	150	7.81293
191	157	7.64597
191	166	8.21525
191	171	7.94548
191	173	8.59052
191	181	9.16245
191	184	8.53878
191	186	9.3175
191	187	9.41097
191	189	9.09723
191	192	9.32442
192	11	5.97784
192	26	6.18616
192	39	4.41452
192	63	6.60386
192	73	6.51302
192	81	6.94756
192	95	6.20978
192	99	7.01875
192	115	7.56247
192	117	6.83007
192	119	7.19204
192	125	7.15466
192	126	7.06849
192	128	7.3384
192	144	7.59875
192	148	7.88406
192	158	7.39371
192	159	7.82169
192	162	8.54138
192	164	8.39701
192	167	8.89187
192	168	7.97695
192	172	8.67124
192	179	8.85397
192	189	9.12763
192	198	9.86082
193	11	5.68304
193	18	5.36654
193	32	5.66518
193	39	6.98208
193	43	6.6821
193	47	5.83165
193	52	6.50084
193	57	6.02456
193	59	6.91878
193	74	6.91186
193	106	6.97552
193	108	6.70475
193	110	6.84986
193	129	6.52825
193	137	7.4965
193	139	7.4993
193	145	7.35292
193	152	8.06586
193	164	8.36685
193	165	8.12653
193	169	8.36489
193	172	8.50284
193	173	9.12609
193	176	8.52917
193	185	9.04335
193	186	9.69152
194	5	5.96463
194	10	4.90818
194	26	6.2645
194	31	5.15202
194	42	5.64366
194	57	6.07947
194	59	6.97369
194	64	6.47868
194	70	6.4111
194	84	6.15247
194	93	7.26077
194	99	6.58242
194	133	8.13643
194	139	7.71123
194	150	7.92167
194	151	7.20696
194	162	7.27824
194	169	8.13657
194	170	8.60066
194	178	8.94809
194	180	8.77327
194	183	9.46622
194	185	9.09825
194	186	9.74643
194	189	9.20597
194	190	9.01409
195	12	6.2981
195	19	5.6852
195	55	6.33412
195	57	7.33554
195	68	6.67513
195	74	6.85458
195	83	6.28224
195	93	7.14858
195	95	6.67752
195	98	6.6781
195	107	8.22576
195	117	6.79623
195	121	7.72951
195	124	8.15071
195	135	8.5585
195	142	7.67334
195	146	8.68628
195	150	7.80949
195	158	7.67109
195	159	8.52849
195	166	8.2118
195	172	8.6374
195	175	8.72929
195	178	8.8359
195	179	8.82013
195	182	9.28634
196	2	5.49437
196	16	5.41844
196	28	6.91687
196	34	6.90324
196	54	5.99032
196	60	6.5805
196	71	6.41305
196	78	6.30771
196	79	7.57139
196	87	6.29545
196	94	7.04559
196	100	7.19437
196	132	7.80269
196	139	7.46854
196	141	6.8688
196	151	8.42316
196	156	7.73488
196	157	8.84158
196	160	8.12706
196	176	8.91418
196	178	8.86242
196	183	9.38055
196	185	9.39189
196	193	9.41202
196	195	9.25276
196	199	9.68655
197	23	5.6948
197	29	6.56772
197	31	5.01395
197	49	6.21724
197	63	6.54413
197	66	6.62695
197	70	6.32741
197	81	6.88783
197	85	5.77187
197	87	7.00572
197	105	7.27275
197	116	7.36981
197	117	8.51509
197	128	7.37441
197	129	8.80062
197	140	7.08243
197	145	8.85488
197	147	8.17387
197	148	7.82433
197	150	8.37126
197	155	7.93351
197	161	7.94822
197	170	8.46259
197	181	9.10874
197	190	9.3461
197	192	9.29509
198	5	5.79917
198	23	6.11351
198	27	5.16887
198	36	5.72976
198	39	4.53871
198	47	6.21909
198	66	6.23147
198	80	6.41316
198	89	6.46958
198	93	7.0953
198	95	6.33397
198	99	6.93162
198	125	7.27885
198	135	6.77481
198	164	8.5212
198	167	8.80474
198	168	8.10114
198	174	8.48152
198	182	8.52316
198	185	8.93278
198	187	9.39373
198	188	9.2053
198	192	9.36155
198	194	9.46572
198	196	9.24626
198	199	9.60674
199	17	5.55151
199	29	5.99883
199	59	6.88188
199	66	6.30513
199	85	5.81812
199	91	6.49583
199	105	7.31901
199	112	6.52475
199	113	6.88008
199	115	7.549
199	118	6.92646
199	122	7.18015
199	123	7.61324
199	140	8.67966
199	152	7.87794
199	155	8.00829
199	160	8.08881
199	170	7.66508
199	172	8.31492
199	173	8.93817
199	188	8.8783
199	190	9.39236
199	192	9.34135
199	196	9.31992
199	198	9.38369
199	200	9.3543
200	3	5.15976
200	27	5.22864
200	31	5.04632
200	33	5.75111
200	49	5.66721
200	68	5.87041
200	83	6.28872
200	94	7.02555
200	101	6.6349
200	103	6.96839
200	119	7.50278
200	123	7.59935
200	124	6.62192
200	129	6.47745
200	132	7.16598
200	143	8.40106
200	152	8.09698
200	162	8.51402
200	163	8.09281
200	172	8.53395
200	180	8.66757
200	182	9.29282
200	188	9.09733
200	191	9.22881
200	193	9.11257
200	198	9.3698
