in-degree distribution (probability density function of the degree in logarithmic bins) 
8.52703	0.176575
10.3091	0.111728
12	0.063989
13.8571	0.0515317
16.4118	0.0213088
19.1765	0.036282
23	0.0145357
26.5714	0.010828
31.2222	0.00592603
37.25	0.0044845
40	0.00047723

in-degree distribution (degree-occurrences) 
8	0.116667
9	0.13
10	0.126667
11	0.0566667
12	0.123333
13	0.0466667
14	0.04
15	0.03
16	0.0333333
17	0.0233333
18	0.03
19	0.0366667
20	0.0433333
21	0.00333333
22	0.02
23	0.0133333
24	0.02
25	0.00666667
26	0.0166667
27	0.0133333
28	0.01
29	0.01
31	0.00666667
32	0.00333333
33	0.00666667
34	0.00333333
36	0.01
37	0.00666667
38	0.00333333
39	0.00666667
40	0.00333333


--------------------------------------
out-degree distribution (probability density function of the degree in logarithmic bins) 
13	0.0177903
14	1.34151
15	3.36117

out-degree distribution (degree-occurrences) 
13	0.00333333
14	0.27
15	0.726667


--------------------------------------
community distribution (size-occurrences)
12	0.0769231
13	0.0769231
15	0.0769231
16	0.0769231
18	0.0769231
21	0.153846
23	0.0769231
26	0.0769231
29	0.0769231
33	0.153846
40	0.0769231


--------------------------------------
mixing parameter (in-links)
0.222222	0.0433333
0.230769	0.00666667
0.25	0.14
0.265107	0.03
0.272727	0.06
0.277614	0.03
0.286329	0.05
0.294324	0.05
0.300534	0.196667
0.309172	0.0866667
0.317652	0.0566667
0.333333	0.196667
0.354342	0.01
0.363636	0.00333333
0.375	0.04

--------------------------------------
mixing parameter (out-links)
0	0.0266667
0.0687831	0.03
0.136289	0.0966667
0.2	0.0566667
0.214286	0.0433333
0.266667	0.203333
0.285714	0.116667
0.338492	0.2
0.384615	0.00333333
0.4	0.0666667
0.428571	0.01
0.466667	0.07
0.5	0.00666667
0.533333	0.0566667
0.6	0.0133333

--------------------------------------
mixing parameter (weights)
0.29961	0.0433333
0.299794	0.0866667
0.299965	0.466667
0.300117	0.253333
0.300309	0.0866667
0.300488	0.0366667
0.300649	0.0133333
0.301438	0.00333333
0.301558	0.00333333
0.303085	0.00666667

--------------------------------------
internal weights (weight-occurrences)
1.50762	0.000967742
1.99978	0.00580645
2.36064	0.013871
2.70472	0.0154839
3.13745	0.0274194
3.51113	0.0374194
3.86919	0.0619355
4.24979	0.0751613
4.62741	0.0706452
5.00724	0.0890323
5.39898	0.101613
5.75957	0.0906452
6.1662	0.0903226
6.54214	0.105484
6.91515	0.0906452
7.29653	0.0654839
7.65615	0.0370968
8.00341	0.0145161
8.4156	0.00419355
8.81742	0.00225806

--------------------------------------
external weights (weight-occurrences)
0.232215	0.0379651
1.16869	0.0334093
1.85214	0.0516325
2.67031	0.0569476
3.40941	0.0607441
4.15571	0.0949127
4.91856	0.132118
5.66306	0.113895
6.44845	0.107821
7.18467	0.0842825
7.92252	0.0797267
8.71075	0.0531511
9.43796	0.0364465
10.1678	0.0265756
10.8362	0.0113895
11.7708	0.00759301
12.3876	0.00531511
13.1894	0.00303721
13.998	0.000759301
14.6719	0.0022779
