1	3	1.50413
1	26	4.74168
1	39	3.63746
1	51	1.9376
1	57	4.1854
1	168	4.9247
1	189	4.55059
1	207	5.18114
1	211	5.34743
1	212	5.48804
1	230	5.71643
1	243	8.9152
1	260	8.00804
1	265	6.45129
1	288	7.05579
2	41	5.05522
2	50	3.89346
2	100	5.00611
2	108	5.64924
2	116	3.57481
2	132	5.59813
2	146	5.83644
2	160	4.80063
2	173	6.33957
2	179	3.69605
2	220	5.39925
2	240	5.2992
2	244	5.21698
2	245	5.87186
2	252	5.36491
3	5	3.72462
3	86	5.3397
3	155	0.000751098
3	165	6.59821
3	174	7.06622
3	177	5.50773
3	190	6.07318
3	196	7.2516
3	206	4.28579
3	242	7.36174
3	248	6.55609
3	265	5.03049
3	266	4.92046
3	268	4.34226
3	281	5.48455
4	33	3.52672
4	61	4.51579
4	72	3.3755
4	92	4.07877
4	101	4.73793
4	103	4.47653
4	122	4.18526
4	139	7.27077
4	151	2.00301
4	175	5.23678
4	208	5.3704
4	227	6.22232
4	255	6.24086
4	257	6.58612
4	263	6.4642
5	56	5.4522
5	58	4.00454
5	65	5.20449
5	74	4.07774
5	107	5.01585
5	130	0.00394276
5	162	12.9858
5	165	5.17568
5	174	5.64369
5	177	4.08519
5	181	5.46009
5	196	5.82906
5	242	5.93921
5	248	5.13355
5	279	7.1874
6	95	3.27752
6	115	2.91771
6	138	3.67615
6	143	3.82052
6	153	3.39187
6	157	3.34065
6	215	7.14964
6	236	4.83696
6	255	6.61992
6	269	5.6217
6	271	6.48223
6	273	8.89517
6	283	6.57571
6	290	6.52926
6	300	7.2842
7	40	3.71729
7	43	3.76631
7	64	3.76032
7	81	4.66266
7	104	5.07638
7	123	13.1865
7	144	4.80688
7	193	4.91905
7	205	5.02179
7	245	5.69316
7	254	5.86546
7	273	5.74793
7	275	6.52791
7	282	6.87801
7	287	7.63457
8	65	0.531759
8	84	4.75178
8	118	3.76805
8	150	4.27937
8	152	7.46508
8	166	5.95967
8	171	6.09607
8	181	4.61153
8	184	1.94503
8	190	7.83681
8	199	4.51742
8	270	6.63944
8	273	6.28945
8	276	6.8223
8	280	6.9298
9	38	4.74888
9	62	2.23249
9	69	2.66482
9	78	2.78131
9	90	2.93102
9	171	4.50882
9	210	4.43362
9	214	2.01352
9	243	5.43547
9	262	6.10888
9	273	8.37592
9	294	7.00422
9	295	7.56393
9	298	8.31219
9	299	7.53846
10	69	4.35704
10	87	3.79483
10	122	4.11719
10	175	5.16871
10	192	5.05829
10	195	4.64315
10	208	5.30233
10	215	5.17962
10	219	5.64421
10	227	6.15426
10	237	5.21929
10	255	6.17279
10	261	6.41818
10	270	5.99889
10	297	8.37793
11	19	4.82788
11	26	0.951349
11	30	0.000342833
11	53	6.55568
11	133	6.92467
11	178	5.09821
11	189	3.93242
11	194	5.58635
11	195	5.4809
11	206	5.79673
11	213	7.0914
11	216	4.82668
11	227	2.47926
11	254	3.79899
11	284	8.16917
12	67	3.51955
12	81	4.72545
12	97	5.08682
12	110	3.88079
12	134	5.08131
12	184	6.3333
12	192	4.51329
12	197	5.72015
12	224	4.9343
12	251	7.36394
12	256	6.36891
12	264	6.0064
12	279	6.66595
12	292	8.06042
12	296	8.19707
13	37	4.19367
13	90	7.26932
13	96	10.7562
13	111	4.52623
13	116	4.13907
13	140	7.56905
13	145	6.75071
13	146	6.40069
13	154	0.00143445
13	173	6.90383
13	179	4.26031
13	185	4.64362
13	244	5.78123
13	252	5.92917
13	269	3.28553
14	29	3.94636
14	75	3.25196
14	103	4.47655
14	114	4.4155
14	164	4.64061
14	198	5.00892
14	203	5.70874
14	216	5.11614
14	226	5.16194
14	229	5.91642
14	246	5.60538
14	249	3.414
14	266	6.25744
14	268	6.50926
14	297	9.41626
15	9	3.24596
15	62	1.94715
15	72	4.14728
15	110	6.87127
15	140	3.2766
15	161	3.87486
15	162	2.93867
15	201	4.87501
15	219	5.71232
15	247	5.10323
15	250	4.87756
15	290	11.5755
15	294	6.71888
15	298	8.02685
15	299	7.25312
16	141	5.55888
16	168	4.96128
16	189	4.58717
16	202	5.01515
16	204	4.21227
16	207	5.21772
16	224	5.55504
16	230	5.75301
16	238	5.72398
16	264	5.64433
16	265	6.48788
16	269	6.12608
16	274	7.00617
16	275	5.5528
16	288	7.09237
17	12	4.42126
17	13	0.00186666
17	25	1.04328
17	75	5.12797
17	164	1.90774
17	203	0.894832
17	224	6.20193
17	225	6.5274
17	231	4.91511
17	250	4.9516
17	258	2.59787
17	260	7.05662
17	264	7.27403
17	279	7.93358
17	288	5.61329
18	21	1.88354
18	138	3.21869
18	143	3.36306
18	182	3.19995
18	221	4.72216
18	230	8.87098
18	259	4.90949
18	269	5.16423
18	271	6.02476
18	283	6.11825
18	285	5.80484
18	290	6.0718
18	297	6.88528
18	299	11.1948
18	300	6.82674
19	11	5.55706
19	20	4.4415
19	53	5.72903
19	59	5.26412
19	64	3.69455
19	127	6.75335
19	128	4.66475
19	130	6.70865
19	133	6.09802
19	178	4.27156
19	206	4.97007
19	209	4.0723
19	213	6.26474
19	214	0.946272
19	244	5.48454
20	38	4.29586
20	45	1.7976
20	142	3.75928
20	180	4.8382
20	182	8.74965
20	200	3.36603
20	223	4.42218
20	235	5.62438
20	253	5.9088
20	281	6.63976
20	284	5.69447
20	289	6.61256
20	291	6.55411
20	293	6.69237
20	296	6.59674
21	66	5.17654
21	95	3.08292
21	115	2.72311
21	159	4.03272
21	170	4.00539
21	179	7.78936
21	221	4.98503
21	253	7.62021
21	259	5.17235
21	269	5.42709
21	283	6.38111
21	285	6.06771
21	290	6.33466
21	297	7.14815
21	300	7.0896
22	70	2.50045
22	133	1.88632
22	168	4.17647
22	172	4.81107
22	200	3.67067
22	217	4.22014
22	225	3.96778
22	235	5.92902
22	253	6.21344
22	281	6.9444
22	289	6.91719
22	292	6.68545
22	293	6.99701
22	296	6.90138
22	299	10.4408
23	50	4.20326
23	76	3.83426
23	118	3.96046
23	120	2.17984
23	129	4.0068
23	150	4.47177
23	158	4.62352
23	208	5.6125
23	209	6.04352
23	212	5.32453
23	222	5.30921
23	273	6.48186
23	276	7.0147
23	280	7.12221
23	294	8.30562
24	60	0.0549633
24	98	4.83072
24	106	4.09305
24	134	5.31884
24	172	5.10458
24	184	6.57082
24	220	6.3368
24	228	4.9284
24	256	6.60643
24	260	6.02652
24	264	6.24392
24	267	3.9945
24	279	6.90347
24	292	7.70142
24	294	7.31787
25	27	2.86026
25	33	3.12106
25	92	3.6731
25	227	5.81666
25	231	5.1225
25	234	5.77763
25	237	4.88168
25	238	5.43957
25	257	6.18046
25	258	6.33885
25	261	6.08058
25	269	6.98143
25	278	6.2598
25	286	6.27184
25	293	8.58175
26	23	1.45843
26	50	1.63189
26	93	4.27045
26	94	4.70154
26	115	7.9259
26	120	5.06102
26	130	0.00376968
26	163	5.29768
26	189	5.25855
26	238	6.39536
26	245	3.6103
26	274	7.67755
26	288	7.76375
26	297	7.71866
26	298	7.67484
27	25	2.91433
27	69	3.92035
27	86	3.16168
27	187	4.13268
27	198	4.91187
27	227	5.71757
27	234	5.67855
27	239	7.5014
27	255	5.73611
27	257	6.08137
27	258	6.23977
27	261	5.9815
27	263	5.95945
27	267	6.04082
27	277	7.79869
28	21	2.17546
28	117	3.94428
28	131	3.06801
28	143	3.65498
28	151	4.24245
28	174	4.26349
28	239	4.89268
28	257	9.00536
28	259	5.20141
28	269	5.45615
28	272	5.97247
28	283	6.41017
28	285	6.09676
28	290	6.36372
28	300	7.11865
29	27	3.51331
29	47	4.6003
29	56	1.1162
29	83	4.4729
29	91	5.98066
29	125	4.16688
29	172	2.58832
29	203	6.07307
29	216	5.48047
29	217	7.64915
29	229	6.28074
29	233	5.66973
29	246	5.96971
29	266	6.62176
29	268	6.87359
30	35	6.49812
30	60	5.63034
30	99	5.78166
30	121	5.07472
30	126	5.93791
30	136	12.4831
30	148	4.56523
30	151	5.9132
30	155	6.31413
30	158	0.61734
30	214	8.30742
30	220	4.91556
30	235	2.59232
30	246	2.86572
30	298	5.26845
31	7	3.18596
31	77	3.7142
31	91	3.91348
31	121	4.59638
31	186	4.95807
31	193	5.22656
31	196	1.40698
31	205	5.3293
31	240	6.84076
31	248	5.25073
31	249	6.68806
31	254	6.17297
31	268	6.299
31	275	6.83542
31	282	7.18552
32	18	1.38217
32	153	2.81252
32	221	4.60027
32	228	4.34843
32	236	4.25761
32	239	4.47887
32	269	5.04234
32	272	5.55866
32	276	7.97331
32	283	5.99636
32	285	5.68295
32	290	5.94991
32	294	11.698
32	297	6.76339
32	300	6.70485
33	4	3.68827
33	39	4.61317
33	127	3.71112
33	163	4.04222
33	169	4.18622
33	175	4.9034
33	187	4.30405
33	198	5.08324
33	215	4.91431
33	224	7.4929
33	257	6.25274
33	258	6.41114
33	261	6.15287
33	263	6.13082
33	264	7.58219
34	29	3.83128
34	53	1.96928
34	103	4.36147
34	114	4.30042
34	125	3.68747
34	164	4.52554
34	203	5.59366
34	226	5.04687
34	233	5.19033
34	244	6.62214
34	246	5.4903
34	252	7.65927
34	266	6.14236
34	268	6.39418
34	280	7.03951
35	18	6.02461
35	47	0.93756
35	49	5.62085
35	52	5.65066
35	54	2.97088
35	60	6.04187
35	113	0.463587
35	121	5.48625
35	137	7.45581
35	155	6.72565
35	167	3.74302
35	191	2.83403
35	214	8.71895
35	234	4.46256
35	288	6.6875
36	5	3.83583
36	34	4.13682
36	68	1.21967
36	83	5.03055
36	145	1.132
36	181	5.11885
36	203	6.63072
36	226	6.08393
36	232	6.12445
36	233	6.22739
36	244	5.36385
36	246	6.52736
36	255	4.91273
36	266	7.17942
36	268	7.43124
37	13	4.40902
37	70	7.8084
37	100	5.4294
37	106	2.82544
37	108	6.07253
37	119	1.06907
37	146	6.25973
37	173	6.76286
37	179	4.11934
37	211	5.09213
37	220	5.82254
37	240	5.72249
37	244	5.64027
37	252	5.78821
37	265	7.13682
38	51	1.28654
38	110	4.93405
38	120	4.70662
38	135	5.41416
38	149	4.57069
38	156	5.1853
38	163	4.94328
38	168	5.27826
38	189	4.90415
38	211	5.701
38	249	2.57247
38	260	7.35699
38	265	6.80486
38	288	7.40936
38	295	7.46331
39	56	1.46227
39	57	4.19719
39	135	5.07239
39	141	5.53409
39	156	4.84353
39	189	4.56238
39	197	4.33306
39	202	4.99036
39	207	5.19293
39	238	5.69919
39	269	7.03245
39	272	6.4469
39	274	6.98138
39	281	7.13789
39	288	7.06758
40	31	3.8206
40	91	4.08547
40	94	0.739982
40	104	5.55588
40	127	5.31385
40	157	6.78878
40	162	11.3258
40	176	5.84503
40	186	5.13007
40	232	6.02653
40	236	6.79222
40	245	6.17267
40	249	6.86005
40	275	7.00742
40	282	7.35752
41	40	3.69391
41	107	1.48962
41	144	4.7835
41	171	6.01452
41	176	5.34215
41	186	4.62718
41	193	4.89567
41	228	6.76666
41	232	5.52364
41	245	5.66978
41	249	6.35717
41	254	5.84208
41	259	8.45691
41	275	6.50453
41	282	6.85463
42	56	1.66282
42	84	4.72134
42	129	3.78395
42	150	4.24892
42	181	4.58109
42	191	4.66094
42	199	4.48698
42	205	6.64979
42	209	5.82067
42	210	8.51206
42	270	6.60899
42	273	6.259
42	276	6.79185
42	278	7.7921
42	280	6.89936
43	41	3.42752
43	77	3.91683
43	91	4.11611
43	155	0.7954
43	175	1.73642
43	193	5.42919
43	205	5.53193
43	245	6.2033
43	249	6.89069
43	254	6.3756
43	257	5.71735
43	258	5.11774
43	275	7.03805
43	282	7.38815
43	288	8.13316
44	18	2.12987
44	45	10.6835
44	65	1.58085
44	93	3.79587
44	143	3.98887
44	159	4.39567
44	165	3.38989
44	182	3.82576
44	259	5.5353
44	272	6.30636
44	283	6.74406
44	285	6.43066
44	290	6.69761
44	297	7.5111
44	300	7.45255
45	22	2.22644
45	71	2.28696
45	100	4.97012
45	217	3.80664
45	218	3.52741
45	223	4.31331
45	235	5.51552
45	281	6.5309
45	284	5.58561
45	286	10.1835
45	289	6.50369
45	291	6.44525
45	292	6.27195
45	293	6.58351
45	296	6.48787
46	50	4.02614
46	57	1.78318
46	70	7.72638
46	76	3.65713
46	100	1.48049
46	166	5.97495
46	181	4.62681
46	191	4.70667
46	222	5.13209
46	270	6.65472
46	273	6.30473
46	276	6.83758
46	280	6.94508
46	282	7.30337
46	292	9.88189
47	22	5.57779
47	36	5.4702
47	103	4.92687
47	138	5.59665
47	144	2.66672
47	203	6.15906
47	204	4.30749
47	226	5.61226
47	228	5.92676
47	229	6.36673
47	233	5.75572
47	246	6.0557
47	266	6.70775
47	268	6.95958
47	270	5.35283
48	82	3.32621
48	90	2.61628
48	109	3.14206
48	152	3.6878
48	201	4.8456
48	211	6.03647
48	219	5.68291
48	239	8.66192
48	256	6.73731
48	267	5.80574
48	277	6.13611
48	286	6.71705
48	294	6.68947
48	295	7.24918
48	299	7.22371
49	30	5.42878
49	52	4.77347
49	99	5.31601
49	126	5.47225
49	137	6.57862
49	151	5.44755
49	154	6.05478
49	177	2.7885
49	183	1.68513
49	214	7.84176
49	237	6.16007
49	238	4.32222
49	259	7.2598
49	281	5.96952
49	286	5.15449
50	14	4.0761
50	42	3.72997
50	84	5.14696
50	106	1.66795
50	118	4.16322
50	166	6.35485
50	181	5.00671
50	199	4.91259
50	209	6.24628
50	211	3.93464
50	270	7.03461
50	273	6.68462
50	276	7.21747
50	283	7.47389
50	287	8.44338
51	92	4.2579
51	112	10.8296
51	122	4.36439
51	153	6.4364
51	169	4.69873
51	175	5.41591
51	208	5.54953
51	213	1.85365
51	231	5.70729
51	234	6.36243
51	237	5.46648
51	259	6.97278
51	260	5.86989
51	263	6.64333
51	278	6.84459
52	30	5.36767
52	48	3.2991
52	99	5.2549
52	121	4.54796
52	126	5.41115
52	137	6.51752
52	151	5.38644
52	155	5.78736
52	176	1.67127
52	201	4.37255
52	214	7.78065
52	225	6.50663
52	240	4.14531
52	296	7.25552
52	298	6.10715
53	11	6.38735
53	32	5.69888
53	40	0.00430913
53	49	0.00574496
53	59	6.09442
53	119	7.51444
53	130	7.53895
53	152	5.82777
53	186	4.01561
53	194	5.58999
53	206	5.80037
53	213	7.09504
53	247	6.47935
53	249	1.01374
53	251	7.28743
54	17	6.16319
54	72	2.60616
54	85	3.68693
54	97	5.30129
54	106	4.07001
54	144	3.90569
54	187	4.81403
54	192	4.72776
54	197	5.93462
54	224	5.14877
54	252	6.90204
54	256	6.58339
54	260	6.00347
54	264	6.22088
54	279	6.88042
55	139	4.04604
55	148	2.45376
55	152	3.32352
55	180	4.51972
55	185	3.24488
55	243	4.75644
55	247	4.70954
55	251	4.30073
55	262	5.42986
55	275	9.00899
55	277	5.77183
55	292	12.0607
55	294	6.32519
55	298	7.63316
55	299	6.85943
56	5	4.05471
56	17	0.00845532
56	74	5.83037
56	92	3.59376
56	94	1.01529
56	107	6.76848
56	116	3.36632
56	124	5.48412
56	142	5.07494
56	177	5.83782
56	182	6.97124
56	196	7.58169
56	242	7.69183
56	248	6.88618
56	266	5.45706
57	93	3.9172
57	94	4.34829
57	120	4.70776
57	154	0.531016
57	156	5.18644
57	168	5.27941
57	182	6.73096
57	200	12.1071
57	202	5.33328
57	211	5.70214
57	230	6.07114
57	255	3.62895
57	274	7.3243
57	285	7.28786
57	288	7.4105
58	5	3.18095
58	56	6.33107
58	65	6.08336
58	107	5.89472
58	112	10.433
58	165	6.05455
58	186	3.69066
58	188	3.90019
58	192	3.37141
58	196	6.70793
58	207	2.93963
58	219	3.95733
58	242	6.81808
58	248	6.01243
58	265	4.83185
59	19	4.64855
59	76	2.97697
59	119	7.33146
59	128	5.31206
59	130	7.35597
59	133	6.74533
59	143	5.18366
59	171	4.76628
59	194	5.40701
59	206	5.61739
59	211	3.41965
59	213	6.91206
59	232	4.97821
59	234	4.54014
59	246	4.87698
60	30	5.63424
60	49	4.94913
60	119	0.00869004
60	126	5.67772
60	137	6.78409
60	151	5.65301
60	154	6.26025
60	184	0.910261
60	186	4.61815
60	214	8.04722
60	217	7.07074
60	222	5.21823
60	223	5.4039
60	261	3.90082
60	264	5.62623
61	9	4.98069
61	67	3.62244
61	98	4.69609
61	106	3.95842
61	128	2.73517
61	172	4.96995
61	184	6.43619
61	189	4.84552
61	197	5.82304
61	224	5.03719
61	256	6.4718
61	260	5.89188
61	265	6.52458
61	279	6.76884
61	300	8.59563
62	41	5.3255
62	73	9.67083
62	81	2.97309
62	180	4.34042
62	219	5.13933
62	220	9.85379
62	250	4.30457
62	262	5.25056
62	267	5.26215
62	277	5.59253
62	286	6.17347
62	294	6.14589
62	295	6.7056
62	298	7.45386
62	299	6.68013
63	71	2.16946
63	73	2.27016
63	136	2.35666
63	142	3.53292
63	149	10.5938
63	167	3.15122
63	188	3.62343
63	253	5.68243
63	281	6.4134
63	287	6.19015
63	289	6.38619
63	291	6.32775
63	292	6.15445
63	293	6.46601
63	296	6.37037
64	26	2.06349
64	31	3.8475
64	72	4.05234
64	83	2.97883
64	91	4.11237
64	113	5.20681
64	193	5.42545
64	204	5.15842
64	205	5.52819
64	208	6.47404
64	245	6.19956
64	249	6.88695
64	262	7.2162
64	275	7.03431
64	282	7.38441
65	58	5.57089
65	67	0.542674
65	74	5.64409
65	142	4.46162
65	174	7.21004
65	177	5.65155
65	196	7.39541
65	209	2.29478
65	229	4.65852
65	230	4.51026
65	242	7.50556
65	248	6.69991
65	263	4.45598
65	277	5.83181
65	282	5.20233
66	36	3.04808
66	43	3.81594
66	78	7.51472
66	82	3.76307
66	91	3.65561
66	144	4.85652
66	186	4.7002
66	205	5.07143
66	232	5.59666
66	245	5.7428
66	249	6.43018
66	254	5.9151
66	275	6.57755
66	282	6.92765
66	295	7.0972
67	9	4.35637
67	24	3.78076
67	75	4.00205
67	109	5.75964
67	110	4.0225
67	172	5.00877
67	184	6.475
67	224	5.07601
67	256	6.51062
67	260	5.9307
67	263	5.40248
67	264	6.14811
67	279	6.80766
67	283	7.39481
67	296	8.864
68	3	5.51591
68	58	4.9309
68	65	6.13085
68	69	0.166503
68	86	4.84353
68	165	6.10204
68	174	6.57005
68	177	5.01156
68	224	5.07778
68	228	5.35428
68	242	6.86557
68	248	6.05992
68	264	5.16708
68	295	6.04797
68	300	7.37126
69	27	3.43918
69	51	4.60775
69	101	4.91119
69	195	4.88447
69	210	7.04069
69	227	6.39558
69	230	4.9695
69	231	5.70142
69	232	4.92688
69	237	5.46061
69	251	7.54363
69	257	6.75938
69	258	6.91778
69	263	6.63746
69	266	5.30298
70	73	2.61031
70	99	3.80777
70	112	2.57042
70	123	2.16223
70	167	3.49136
70	223	4.53596
70	225	3.77692
70	284	5.80825
70	287	6.5303
70	289	6.72633
70	291	6.66789
70	292	6.49459
70	293	6.80615
70	295	10.001
70	296	6.71052
71	45	2.05515
71	70	2.45336
71	200	3.62358
71	217	4.17305
71	218	3.89383
71	225	3.92069
71	235	5.88194
71	258	6.64152
71	259	10.1005
71	287	6.67407
71	289	6.87011
71	291	6.81166
71	292	6.63837
71	293	6.94992
71	296	6.85429
72	7	3.25087
72	40	4.0897
72	113	5.07282
72	180	3.29834
72	186	5.02297
72	192	4.34519
72	232	5.91943
72	245	6.06558
72	249	6.75296
72	254	6.23787
72	257	4.69058
72	260	6.44709
72	273	6.38304
72	275	6.90033
72	282	7.25043
73	43	6.58377
73	63	1.99954
73	112	2.80753
73	123	2.39934
73	135	3.18112
73	188	4.20068
73	217	4.26639
73	235	5.97527
73	254	7.63393
73	281	6.99065
73	284	6.04536
73	287	6.7674
73	289	6.96344
73	291	6.905
73	296	6.94762
74	5	3.34725
74	56	6.49737
74	68	4.93844
74	84	0.000940923
74	107	6.06102
74	165	6.22085
74	174	6.68885
74	177	5.13036
74	215	4.47537
74	232	5.15738
74	242	6.98438
74	248	6.17872
74	256	4.29965
74	265	5.64351
74	291	8.55154
75	24	3.93732
75	97	5.38508
75	98	4.89146
75	172	5.16533
75	181	4.42695
75	197	6.01841
75	201	5.99946
75	224	5.23256
75	233	5.51334
75	256	6.66717
75	260	6.08726
75	261	4.06015
75	264	6.30466
75	279	6.96421
75	295	6.66646
76	23	3.66905
76	84	4.85629
76	87	4.12032
76	124	6.91735
76	129	3.9189
76	158	4.53562
76	166	6.06418
76	189	5.32126
76	191	4.79589
76	222	5.22131
76	270	6.74395
76	273	6.39396
76	276	6.9268
76	280	7.03431
76	299	8.88062
77	144	5.03119
77	176	5.58983
77	193	5.14335
77	194	3.09923
77	205	5.2461
77	206	5.25135
77	229	5.70081
77	232	5.77132
77	237	6.64066
77	245	5.91746
77	249	6.60485
77	254	6.08976
77	275	6.75221
77	282	7.10232
77	288	7.29679
78	52	2.00429
78	132	3.68368
78	140	2.9665
78	147	3.62574
78	171	3.91339
78	210	3.83819
78	247	4.79314
78	262	5.51345
78	267	5.52505
78	277	5.85542
78	279	9.62661
78	286	6.43637
78	295	6.96849
78	298	7.71675
78	299	6.94302
79	73	2.59655
79	88	10.8972
79	96	1.97055
79	138	8.10725
79	188	3.94982
79	204	4.77848
79	235	5.72441
79	241	4.15135
79	253	6.00882
79	281	6.73978
79	284	5.7945
79	289	6.71258
79	291	6.65413
79	292	6.48084
79	293	6.79239
80	45	9.44992
80	74	1.77736
80	132	4.32623
80	140	3.60905
80	148	3.1799
80	162	3.27112
80	171	4.55594
80	197	4.25886
80	247	5.43568
80	250	5.21001
80	286	7.07891
80	295	7.61104
80	298	8.3593
80	299	7.58557
80	300	8.68069
81	82	3.719
81	85	4.67035
81	90	3.00907
81	100	2.6287
81	104	3.40883
81	162	3.30205
81	185	4.00196
81	187	5.90539
81	219	6.0757
81	262	6.18693
81	277	6.52891
81	286	7.10985
81	294	7.08227
81	297	10.0622
81	299	7.6165
82	55	2.51318
82	89	2.73036
82	109	3.42645
82	175	1.84481
82	180	5.16839
82	210	4.40327
82	243	5.40512
82	248	5.20431
82	278	7.84853
82	286	7.00145
82	288	8.24155
82	294	6.97386
82	295	7.53357
82	298	8.28183
82	299	7.5081
83	33	4.65136
83	37	3.87612
83	103	4.7926
83	114	4.73155
83	125	4.11861
83	138	5.97569
83	164	4.95667
83	203	6.0248
83	206	5.50702
83	226	5.478
83	229	6.23247
83	233	5.62146
83	266	6.57349
83	268	6.82532
83	291	9.15975
84	8	3.98461
84	42	4.03129
84	46	4.08685
84	96	12.3055
84	158	5.12761
84	159	1.75745
84	161	4.70952
84	218	10.0335
84	222	5.81331
84	258	2.77154
84	262	4.9788
84	270	7.33594
84	273	6.98595
84	276	7.51879
84	280	7.6263
85	5	3.66997
85	22	6.14984
85	81	4.36831
85	89	3.2976
85	115	8.51115
85	147	4.75806
85	148	3.66968
85	185	4.4608
85	210	4.97051
85	229	6.14949
85	243	5.97236
85	244	5.19799
85	267	6.65737
85	286	7.56869
85	298	8.84908
86	56	6.32736
86	59	1.03633
86	68	4.76843
86	74	4.95291
86	107	5.89102
86	165	6.05084
86	174	6.51885
86	177	4.96036
86	178	5.146
86	212	5.73107
86	242	6.81437
86	248	6.00872
86	256	4.92476
86	268	5.58038
86	280	5.43924
87	33	3.29142
87	44	5.46525
87	51	4.19919
87	79	6.35663
87	159	4.03343
87	185	8.46891
87	208	5.13509
87	215	5.01238
87	227	5.98702
87	234	5.94799
87	237	5.05205
87	255	6.00555
87	261	6.25094
87	263	6.2289
87	278	6.43016
88	21	2.00373
88	89	7.91186
88	124	3.03068
88	138	3.33887
88	143	3.48324
88	157	3.00337
88	182	3.32014
88	259	5.02967
88	269	5.28442
88	271	6.14495
88	272	5.80073
88	283	6.23843
88	290	6.19198
88	297	7.00547
88	300	6.94692
89	78	2.20948
89	80	3.19477
89	139	4.15324
89	180	4.62692
89	243	4.86364
89	250	4.59107
89	251	4.40793
89	262	5.53706
89	277	5.87903
89	282	7.32551
89	290	9.99966
89	294	6.43239
89	295	6.9921
89	298	7.74036
89	299	6.96663
90	15	2.5423
90	48	2.59483
90	106	7.23006
90	139	4.1839
90	152	3.46137
90	162	2.68283
90	190	4.0658
90	201	4.61917
90	250	4.62173
90	251	4.43859
90	267	5.57931
90	277	5.90969
90	294	6.46304
90	295	7.02275
90	298	7.77101
91	40	4.05773
91	54	5.87861
91	66	3.36771
91	77	3.74713
91	101	6.59153
91	104	5.41682
91	107	3.07153
91	168	3.91045
91	176	5.70597
91	186	4.991
91	205	5.36223
91	232	5.88746
91	254	6.2059
91	275	6.86835
91	282	7.21845
92	4	3.91372
92	94	2.75992
92	101	4.63
92	175	5.12885
92	187	4.52951
92	198	5.30869
92	208	5.26247
92	215	5.13976
92	216	6.52693
92	222	6.7706
92	231	5.42024
92	234	6.07537
92	258	6.63659
92	260	7.95317
92	278	6.55754
93	16	3.48406
93	63	12.0139
93	113	1.13005
93	120	4.26701
93	141	5.43625
93	163	4.50367
93	168	4.83865
93	197	3.70245
93	211	5.26139
93	212	5.40199
93	230	5.63039
93	265	6.36525
93	274	6.88354
93	288	6.96974
93	299	7.93353
94	38	4.34638
94	135	5.22341
94	168	5.08751
94	183	5.08838
94	202	5.14138
94	211	5.51024
94	212	5.65085
94	238	5.85021
94	261	3.9141
94	265	6.6141
94	269	6.12126
94	288	7.2186
94	289	6.56201
94	291	8.68067
94	293	7.72157
95	18	2.26134
95	88	2.612
95	131	3.53337
95	170	4.49981
95	182	3.95724
95	219	6.75531
95	221	5.47945
95	247	8.95238
95	259	5.66677
95	271	6.78205
95	272	6.43783
95	277	8.50789
95	285	6.56213
95	297	7.64257
95	300	7.58402
96	63	1.46888
96	71	2.21605
96	142	3.57951
96	167	3.19781
96	217	3.73573
96	225	3.48337
96	235	5.44461
96	241	3.87156
96	281	6.45999
96	284	5.5147
96	289	6.43278
96	291	6.37434
96	292	6.20104
96	293	6.5126
96	296	6.41697
97	17	6.91097
97	44	4.66975
97	54	4.57477
97	106	4.81779
97	124	5.88373
97	134	6.04357
97	172	5.82932
97	174	0.109763
97	184	7.29555
97	197	6.6824
97	213	2.59191
97	236	7.46714
97	248	4.2302
97	267	5.08687
97	279	7.6282
98	61	4.16193
98	75	4.58417
98	137	1.34503e-05
98	172	5.5909
98	192	5.23712
98	198	3.89797
98	223	6.09066
98	224	5.65813
98	256	7.09275
98	257	5.33105
98	260	6.51283
98	264	6.73023
98	278	7.35383
98	279	7.38978
98	281	6.90017
99	30	5.69928
99	52	5.04397
99	60	5.43519
99	121	4.87956
99	134	2.47559
99	137	6.84913
99	153	6.57732
99	154	6.32528
99	155	6.11897
99	173	9.47635e-05
99	214	8.11226
99	229	5.07412
99	233	4.96401
99	262	5.86195
99	276	4.08826
100	2	3.94771
100	10	1.88174
100	95	3.81539
100	111	5.03855
100	131	2.24455
100	145	7.26303
100	160	5.8772
100	220	6.47583
100	240	6.37578
100	244	6.29355
100	252	6.44149
100	267	4.43009
100	271	5.43364
100	280	4.48055
100	289	6.09929
101	4	4.31359
101	20	5.1737
101	27	3.55787
101	92	4.37071
101	98	3.999
101	127	4.33644
101	173	0.656912
101	195	5.00316
101	198	5.70856
101	215	5.53963
101	222	6.92235
101	234	6.47524
101	249	3.3204
101	257	6.87807
101	278	6.95741
102	28	2.44492
102	32	1.82544
102	95	3.32756
102	124	3.418
102	159	4.27737
102	170	4.25004
102	228	4.97783
102	237	9.15064
102	239	5.10827
102	272	6.18806
102	285	6.31236
102	288	9.80678
102	290	6.57931
102	297	7.3928
102	300	7.33425
103	14	3.95411
103	29	4.4831
103	47	4.77271
103	61	3.09094
103	71	5.80652
103	118	4.83895
103	125	4.33929
103	164	5.17735
103	189	4.77708
103	203	6.24548
103	210	8.08382
103	229	6.45315
103	233	5.84214
103	246	6.14212
103	266	6.79418
104	16	1.18839
104	41	4.05629
104	43	4.90522
104	64	4.89924
104	66	4.16618
104	150	4.74446
104	176	6.50444
104	188	4.81797
104	229	5.4544
104	242	1.62611
104	249	7.51946
104	256	4.40579
104	275	7.66683
104	282	8.01693
104	289	6.53901
105	22	2.13657
105	79	1.99921
105	96	1.67179
105	136	2.3843
105	200	3.16729
105	225	3.46441
105	235	5.42565
105	253	5.71007
105	281	6.44103
105	284	5.49574
105	287	6.21779
105	291	6.35538
105	292	6.18208
105	293	6.49364
105	296	6.398
106	8	2.90055
106	17	6.24409
106	75	4.15571
106	97	5.38219
106	98	4.88857
106	112	11.5161
106	168	1.53089
106	184	6.62867
106	195	5.78436
106	197	6.01552
106	224	5.22967
106	256	6.66428
106	260	6.08437
106	261	4.0564
106	264	6.30177
107	47	1.13127
107	56	6.82926
107	65	6.58155
107	68	5.27032
107	86	5.29423
107	98	2.11599
107	187	3.28286
107	196	7.20612
107	199	5.27965
107	203	2.16276
107	242	7.31626
107	248	6.51061
107	250	6.21953
107	270	5.06063
107	272	5.34354
108	13	5.33877
108	62	4.89421
108	100	6.35915
108	103	1.89195
108	116	4.92786
108	130	0.000671986
108	146	7.18948
108	209	2.63742
108	230	4.8529
108	239	5.87717
108	240	6.65225
108	244	6.57002
108	252	6.71796
108	276	4.0153
108	300	7.36746
109	9	3.38227
109	74	3.59703
109	90	2.782
109	137	0.583876
109	201	5.01132
109	238	7.23605
109	243	5.28645
109	246	7.84194
109	247	5.23954
109	251	4.83073
109	286	6.88277
109	294	6.85519
109	295	7.4149
109	298	8.16316
109	299	7.38943
110	12	3.4674
110	61	3.75186
110	67	3.83331
110	106	4.1693
110	114	3.5694
110	134	5.39508
110	172	5.18083
110	176	4.80673
110	192	4.82705
110	203	4.00953
110	256	6.68267
110	260	6.10276
110	264	6.32016
110	279	6.97971
110	285	9.38829
111	2	3.41614
111	13	4.53072
111	28	6.54108
111	123	12.5828
111	145	6.73145
111	160	5.34563
111	173	6.88457
111	179	4.24105
111	205	4.33225
111	220	5.94425
111	235	3.70608
111	240	5.8442
111	244	5.76197
111	252	5.90991
111	268	3.87861
112	17	4.71376
112	22	2.52694
112	45	1.98923
112	79	2.38958
112	136	2.77466
112	142	3.95092
112	200	3.55766
112	218	3.82791
112	235	5.81602
112	253	6.10043
112	281	6.8314
112	284	5.88611
112	287	6.60815
112	293	6.88401
112	296	6.78837
113	72	4.37428
113	91	4.43431
113	102	5.48836
113	104	5.90471
113	149	3.54606
113	176	6.19387
113	210	7.30457
113	248	3.9404
113	249	7.20889
113	254	6.6938
113	256	4.33304
113	274	3.84934
113	275	7.35625
113	282	7.70635
113	298	7.49226
114	34	3.63793
114	47	4.65907
114	125	4.22564
114	199	5.86406
114	203	6.13184
114	213	2.7901
114	216	5.53924
114	226	5.58504
114	228	6.21897
114	229	6.33951
114	233	5.7285
114	266	6.68053
114	268	6.93235
114	291	9.07292
114	299	8.0452
115	28	2.40277
115	95	3.28541
115	117	4.11772
115	124	3.37585
115	126	4.58368
115	157	3.34854
115	201	9.82618
115	236	4.84485
115	259	5.37485
115	269	5.62959
115	272	6.14591
115	283	6.58361
115	290	6.53715
115	297	7.35064
115	300	7.29209
116	2	3.14266
116	64	4.06107
116	100	5.27763
116	111	4.2335
116	145	6.45798
116	146	6.10796
116	153	8.30577
116	160	5.07215
116	173	6.6111
116	216	6.31301
116	220	5.67078
116	240	5.57073
116	244	5.4885
116	252	5.63644
116	279	7.33339
117	21	3.09477
117	32	2.52915
117	153	4.14563
117	159	4.98108
117	170	4.95375
117	228	5.68154
117	239	5.81198
117	250	6.93996
117	256	4.95705
117	263	5.80312
117	271	7.23598
117	282	6.54947
117	285	7.01607
117	297	8.09651
117	300	8.03796
118	46	3.51443
118	50	4.13493
118	76	3.76593
118	122	5.99061
118	129	3.93847
118	134	4.54153
118	166	6.08375
118	209	5.97518
118	222	5.24088
118	270	6.76351
118	273	6.41352
118	274	5.60775
118	276	6.94637
118	280	7.05388
118	282	7.68388
119	53	6.69368
119	126	0.169615
119	128	5.6294
119	129	2.38863
119	139	4.72112
119	166	0.119967
119	178	5.23621
119	194	5.72435
119	200	12.1116
119	206	5.93473
119	208	5.08177
119	213	7.22939
119	252	5.12174
119	261	3.47281
119	263	4.83356
120	1	3.84947
120	10	2.83374
120	33	4.66156
120	38	4.49188
120	135	5.36891
120	141	5.83061
120	149	4.52543
120	157	7.75893
120	183	5.23388
120	202	5.28688
120	212	5.79635
120	225	8.47678
120	234	5.33773
120	274	7.2779
120	288	7.3641
121	3	1.12256
121	23	2.58399
121	35	5.91272
121	49	4.62393
121	99	5.19627
121	126	5.35251
121	137	6.45889
121	146	1.05222
121	151	5.32781
121	154	5.93504
121	155	5.72873
121	160	3.26481
121	214	7.72202
121	277	7.86308
121	284	9.54273
122	10	3.82778
122	27	3.16407
122	51	4.33264
122	69	4.32325
122	104	2.74073
122	156	3.86991
122	215	5.14583
122	227	6.12047
122	231	5.42631
122	234	6.08144
122	251	9.66552
122	257	6.48427
122	259	9.27923
122	263	6.36235
122	278	6.56361
123	71	2.30607
123	73	2.40678
123	136	2.49328
123	142	3.66953
123	188	3.76004
123	204	4.58871
123	218	3.54653
123	225	3.57339
123	281	6.55001
123	284	5.60472
123	287	6.32677
123	291	6.46436
123	292	6.29106
123	293	6.60262
123	296	6.50699
124	44	3.27639
124	75	4.0648
124	102	3.19241
124	117	4.40655
124	153	3.6886
124	182	3.95414
124	224	8.14749
124	228	5.22451
124	239	5.35495
124	269	5.91842
124	272	6.43474
124	278	9.27763
124	285	6.55903
124	297	7.63947
124	300	7.58093
125	83	4.18836
125	114	4.49529
125	143	6.84355
125	164	4.72041
125	203	5.78854
125	216	5.19594
125	226	5.24174
125	229	5.99621
125	233	5.3852
125	238	5.93098
125	246	5.68517
125	266	6.33723
125	268	6.58906
125	272	6.88729
125	284	9.68193
126	1	3.37531
126	49	5.0153
126	52	5.04511
126	60	5.43632
126	121	4.8807
126	137	6.85026
126	151	5.71919
126	154	6.32642
126	193	2.35207
126	214	8.1134
126	223	5.2019
126	226	5.10492
126	257	4.44229
126	280	4.72798
126	300	7.62841
127	29	4.67519
127	92	3.89483
127	169	4.33566
127	173	1.57692
127	187	4.4535
127	195	4.52728
127	208	5.18646
127	237	5.10341
127	248	6.64699
127	257	6.40219
127	258	6.56058
127	261	6.30231
127	263	6.28026
127	278	6.48153
127	286	8.02251
128	6	5.49065
128	11	5.73612
128	37	3.85353
128	53	5.90809
128	119	6.86321
128	122	4.78444
128	130	6.88771
128	133	6.27708
128	178	4.45062
128	185	7.93584
128	194	4.93876
128	197	3.87836
128	206	5.14913
128	213	6.4438
128	274	4.40158
129	8	3.43967
129	46	3.54191
129	76	3.79341
129	105	12.4456
129	166	6.11123
129	167	5.02481
129	181	4.76309
129	209	6.00267
129	213	3.29376
129	222	5.26836
129	270	6.791
129	271	6.79227
129	273	6.44101
129	276	6.97385
129	280	7.08136
130	11	6.45495
130	14	2.18545
130	19	4.89913
130	133	6.99591
130	140	8.72082
130	162	10.1227
130	164	1.68388
130	178	5.16945
130	194	5.65759
130	206	5.86797
130	213	7.16264
130	220	5.55116
130	234	3.16448
130	239	4.66944
130	287	6.55272
131	160	2.8306
131	182	3.84471
131	228	5.11508
131	237	7.19542
131	259	5.55425
131	269	5.80899
131	271	6.66952
131	272	6.32531
131	281	7.00487
131	283	6.763
131	285	6.4496
131	290	6.71655
131	291	9.45885
131	297	7.53004
131	300	7.47149
132	62	2.45855
132	140	3.788
132	161	4.38626
132	164	4.44485
132	170	6.23085
132	190	4.83304
132	202	5.25513
132	210	4.65969
132	219	6.22372
132	251	5.20582
132	275	6.625
132	294	7.23028
132	295	7.78999
132	298	8.53825
132	299	7.76452
133	19	4.65313
133	119	7.33605
133	125	2.80227
133	128	5.31665
133	145	0.000913485
133	150	3.95212
133	178	4.92346
133	194	5.4116
133	206	5.62198
133	213	6.91664
133	218	10.5045
133	252	4.74769
133	268	4.26907
133	279	5.19288
133	291	7.86533
134	17	6.80197
134	58	0.216354
134	61	4.29136
134	64	3.63198
134	67	4.3728
134	76	4.18135
134	110	4.73405
134	192	5.36655
134	256	7.22217
134	258	4.95404
134	260	6.64225
134	261	4.81018
134	264	6.85966
134	279	7.51921
134	300	8.73977
135	26	5.34377
135	38	4.78566
135	122	3.40391
135	163	5.1918
135	200	11.6289
135	207	5.78323
135	209	2.18962
135	212	6.09013
135	217	6.15999
135	220	6.31108
135	230	6.31852
135	238	6.28949
135	274	7.57168
135	287	7.31264
135	288	7.65788
136	20	2.10193
136	63	1.83585
136	105	1.99375
136	112	2.64384
136	142	3.94648
136	167	3.56478
136	223	4.60937
136	225	3.85034
136	253	6.096
136	287	6.60372
136	289	6.79975
136	291	6.74131
136	292	6.56801
136	293	6.87957
136	296	6.78393
137	15	4.00615
137	35	6.63465
137	52	5.37566
137	60	5.76688
137	121	5.21126
137	151	6.04974
137	155	6.45066
137	190	5.28075
137	214	8.44395
137	236	5.7385
137	243	5.78666
137	274	2.41051
137	281	4.69212
137	290	7.16078
137	294	6.68161
138	44	3.37944
138	78	9.38298
138	95	3.67729
138	115	3.31749
138	157	3.74042
138	159	4.6271
138	170	4.59977
138	182	4.05719
138	202	6.62316
138	236	5.23674
138	271	6.882
138	283	6.97549
138	285	6.66208
138	290	6.92904
138	300	7.68398
139	15	3.55846
139	27	5.08409
139	48	3.61098
139	80	4.24158
139	82	4.11594
139	89	3.2357
139	103	4.50408
139	148	3.60777
139	160	4.18833
139	185	4.3989
139	247	5.86355
139	293	9.85748
139	294	7.4792
139	295	8.03891
139	299	8.01344
140	55	2.31959
140	78	2.55736
140	89	2.53677
140	111	4.4584
140	171	4.28488
140	185	3.69996
140	201	4.9364
140	219	5.77371
140	247	5.16462
140	253	9.86371
140	262	5.88494
140	277	6.22691
140	294	6.78027
140	298	8.08824
140	299	7.31451
141	16	4.36604
141	21	5.87905
141	31	3.16995
141	57	4.98133
141	79	5.48035
141	93	4.35843
141	94	4.78952
141	109	5.7453
141	143	5.60524
141	149	5.01306
141	178	4.7633
141	221	5.24704
141	265	7.24723
141	274	7.76552
141	288	7.85173
142	63	2.5883
142	112	3.39629
142	183	4.142
142	185	9.67904
142	188	4.78944
142	206	7.22763
142	213	4.59754
142	218	4.57593
142	225	4.60279
142	241	4.99098
142	284	6.63412
142	289	7.55221
142	291	7.49376
142	293	7.63202
142	296	7.53639
143	28	2.88275
143	32	2.26327
143	35	2.74821
143	93	4.12355
143	117	4.5977
143	170	4.68787
143	221	5.6675
143	236	5.32484
143	259	5.85483
143	269	6.10957
143	271	6.9701
143	287	10.6349
143	290	7.01714
143	297	7.83062
143	300	7.77208
144	30	0.000134828
144	57	1.22631
144	72	4.4362
144	77	4.29695
144	134	3.60415
144	176	6.25578
144	205	5.91205
144	232	6.43728
144	245	6.58342
144	249	7.2708
144	275	7.41817
144	282	7.76827
144	287	8.96197
144	288	7.79867
144	289	7.28729
145	6	4.91977
145	38	2.6086
145	85	2.23353
145	108	6.95607
145	111	5.2688
145	141	1.0684
145	178	4.53563
145	179	5.00288
145	223	5.30279
145	240	6.60603
145	244	6.5238
145	252	6.67174
145	271	5.78196
145	286	5.29727
145	298	7.47361
146	13	5.20568
146	37	4.84937
146	83	1.58509
146	179	4.916
146	191	2.77715
146	216	4.54508
146	220	6.6192
146	231	5.93244
146	240	6.51915
146	244	6.43693
146	252	6.58487
146	272	5.09294
146	275	5.10522
146	277	6.20793
146	298	7.14524
147	80	3.95108
147	118	5.976
147	132	4.46359
147	137	0.00488424
147	152	4.18702
147	161	4.34467
147	211	5.5485
147	243	5.61995
147	251	5.16423
147	259	9.33752
147	267	6.30496
147	277	6.63533
147	286	7.21628
147	294	7.18869
147	295	7.7484
148	109	3.02877
148	180	4.77071
148	190	4.17894
148	214	3.14362
148	239	9.50939
148	243	5.00744
148	251	4.55173
148	267	5.69245
148	277	6.02283
148	283	10.4232
148	286	6.60377
148	294	6.57618
148	295	7.13589
148	298	7.88415
148	299	7.11042
149	11	1.85465
149	79	6.66951
149	93	3.73838
149	141	5.69819
149	163	4.76561
149	168	5.10059
149	189	4.72648
149	193	3.86979
149	207	5.35703
149	211	5.52332
149	212	5.66393
149	227	3.94286
149	238	5.86329
149	274	7.14548
149	288	7.23168
150	23	3.91145
150	84	5.09868
150	118	4.11495
150	129	4.1613
150	130	0.00995363
150	166	6.30658
150	181	4.95843
150	199	4.86432
150	238	6.52319
150	242	3.5929
150	270	6.98634
150	273	6.63635
150	276	7.1692
150	280	7.27671
150	292	10.5435
151	30	5.57895
151	35	6.18263
151	41	2.14951
151	49	4.89384
151	60	5.31486
151	114	1.35748
151	126	5.62243
151	137	6.7288
151	154	6.20496
151	155	5.99864
151	237	5.85993
151	266	5.1053
151	274	3.38777
151	290	8.13804
151	294	7.65887
152	15	3.10774
152	62	2.25675
152	139	4.74933
152	148	3.15705
152	161	4.18446
152	185	3.94817
152	187	6.49407
152	210	4.45788
152	219	6.02192
152	234	7.86748
152	267	6.14474
152	277	6.47512
152	294	7.02848
152	295	7.58819
152	299	7.56272
153	102	3.11258
153	115	3.13461
153	120	5.44722
153	124	3.58485
153	138	3.89305
153	143	4.03742
153	193	5.92416
153	236	5.05385
153	239	5.27512
153	259	5.58385
153	271	6.69912
153	272	6.35491
153	285	6.4792
153	297	7.55964
153	300	7.50109
154	49	5.27393
154	52	5.30373
154	60	5.69495
154	99	5.84627
154	110	3.92619
154	121	5.13932
154	151	5.97781
154	155	6.37873
154	191	3.15495
154	214	8.37202
154	215	4.53954
154	264	5.57455
154	265	5.70768
154	266	5.59765
154	299	7.58799
155	35	6.2999
155	49	5.0111
155	52	5.04091
155	55	6.04248
155	70	5.90005
155	99	5.58344
155	126	5.73969
155	154	6.32222
155	195	5.0979
155	214	8.1092
155	230	4.78496
155	245	2.97929
155	270	4.70862
155	281	5.68252
155	286	4.86749
156	39	4.15722
156	94	4.51334
156	120	4.87282
156	163	5.10948
156	176	3.59651
156	202	5.49833
156	211	5.8672
156	217	7.52841
156	230	6.23619
156	238	6.20716
156	252	6.00742
156	255	4.51916
156	262	6.70961
156	265	6.97105
156	274	7.48935
157	8	6.29245
157	18	2.14516
157	21	2.52464
157	89	6.85507
157	138	3.85979
157	170	4.38363
157	221	5.36326
157	228	5.11142
157	236	5.02059
157	239	5.24185
157	283	6.75935
157	285	6.44594
157	290	6.7129
157	297	7.52638
157	300	7.46783
158	8	3.72847
158	118	4.20841
158	138	6.40168
158	183	2.84738
158	191	5.13174
158	199	4.95778
158	202	5.0832
158	209	6.29147
158	222	5.55716
158	240	6.53125
158	270	7.07979
158	273	6.7298
158	276	7.26265
158	280	7.37016
158	297	8.53691
159	21	3.08068
159	28	3.13454
159	92	4.76381
159	204	5.17196
159	219	5.86262
159	228	5.66745
159	253	5.55081
159	259	6.10662
159	267	5.85732
159	269	6.36136
159	271	7.2219
159	272	6.87768
159	283	7.31538
159	290	7.26893
159	300	8.02387
160	7	0.696541
160	19	3.08794
160	36	2.91924
160	88	8.73451
160	108	6.52988
160	116	4.45545
160	145	7.06709
160	173	7.22021
160	179	4.57669
160	220	6.27989
160	221	5.58171
160	236	7.72101
160	240	6.17984
160	244	6.09761
160	252	6.24555
161	48	3.28551
161	66	4.78116
161	82	3.79046
161	85	4.74181
161	140	3.71145
161	147	4.37068
161	148	3.2823
161	170	7.79236
161	190	4.75648
161	243	5.58498
161	251	5.12927
161	277	6.60037
161	293	10.3601
161	294	7.15373
161	299	7.68797
162	23	7.63431
162	48	2.70033
162	85	4.15663
162	89	2.32504
162	132	3.84344
162	161	3.72453
162	185	3.48824
162	243	4.9998
162	247	4.9529
162	250	4.72722
162	251	4.54409
162	294	6.56854
162	295	7.12825
162	298	7.87651
162	299	7.10278
163	42	3.47904
163	141	5.87861
163	156	5.18805
163	189	4.9069
163	202	5.33488
163	209	3.61153
163	212	5.84435
163	230	6.07274
163	238	6.04371
163	249	2.12744
163	265	6.8076
163	274	7.3259
163	278	7.17823
163	292	9.09761
163	293	8.21944
164	47	4.72913
164	54	4.50125
164	83	4.60172
164	97	2.51858
164	167	5.27339
164	203	6.20189
164	216	5.60929
164	226	5.65509
164	229	6.40957
164	233	5.79856
164	246	6.09853
164	266	6.75059
164	268	7.00241
164	277	7.79518
164	287	9.38117
165	1	3.83583
165	3	5.88574
165	5	3.59828
165	43	3.15524
165	97	1.61934
165	102	5.82936
165	174	6.93988
165	177	5.38139
165	196	7.12526
165	214	0.232877
165	242	7.2354
165	248	6.42975
165	254	4.2054
165	269	6.3665
165	297	7.87708
166	23	4.64481
166	35	0.234786
166	46	4.47063
166	51	0.107589
166	95	4.04206
166	158	5.51138
166	181	5.6918
166	199	5.59769
166	218	11.0838
166	222	6.19708
166	231	6.13916
166	241	8.74426
166	276	7.90257
166	280	8.01007
166	300	7.60765
167	63	2.31219
167	112	3.12018
167	142	4.42282
167	218	4.29981
167	241	4.71486
167	243	8.84332
167	266	7.18469
167	281	7.3033
167	287	7.08005
167	289	7.27609
167	291	7.21765
167	292	7.04435
167	293	7.35591
167	296	7.26027
167	299	9.17503
168	1	4.03457
168	26	5.2351
168	34	4.45272
168	39	4.13088
168	156	5.32515
168	189	5.04401
168	207	5.67456
168	212	5.98146
168	233	5.41057
168	243	7.36452
168	265	6.94471
168	274	7.463
168	288	7.54921
168	294	8.25947
168	295	6.56369
169	87	3.83531
169	101	4.71035
169	175	5.20919
169	195	4.68363
169	208	5.34281
169	231	5.50058
169	255	6.21327
169	258	6.71693
169	261	6.45866
169	263	6.43662
169	274	4.88506
169	276	5.43151
169	278	6.63788
169	289	7.50198
169	298	8.52799
170	28	3.05034
170	59	2.5996
170	88	2.96764
170	124	4.02343
170	157	3.99611
170	215	6.66373
170	236	5.49243
170	242	3.70834
170	269	6.27716
170	276	6.55077
170	283	7.23118
170	285	6.91778
170	290	7.18473
170	297	7.99822
170	300	7.93967
171	15	3.36113
171	81	4.10907
171	85	4.86995
171	99	2.36812
171	147	4.49883
171	148	3.41044
171	162	3.50166
171	210	4.71127
171	250	5.44055
171	260	8.45504
171	267	6.39814
171	284	10.3713
171	286	7.30945
171	294	7.28187
171	295	7.84158
172	12	3.82371
172	17	6.61879
172	48	5.15965
172	59	0.920045
172	61	4.10818
172	71	5.50271
172	75	4.53042
172	105	11.9294
172	134	5.75139
172	147	4.9276
172	192	5.18337
172	224	5.60438
172	260	6.45907
172	264	6.67648
172	279	7.33603
173	36	1.54978
173	37	4.973
173	100	6.3497
173	157	6.34812
173	160	6.14422
173	179	5.03964
173	199	4.5503
173	205	4.61654
173	220	6.74284
173	225	7.06598
173	238	3.65788
173	240	6.64279
173	252	6.7085
173	296	7.81487
173	297	6.71032
174	58	5.40853
174	65	6.60848
174	68	5.29726
174	98	1.84236
174	107	6.41984
174	125	3.15182
174	163	1.63375
174	165	6.57967
174	221	4.66797
174	242	7.3432
174	248	6.53755
174	270	4.78699
174	273	5.88424
174	291	8.21487
174	300	7.3779
175	25	3.76413
175	92	4.42383
175	122	4.53032
175	136	14.4698
175	148	6.5519
175	169	4.86466
175	187	4.98249
175	220	6.90222
175	221	4.80088
175	226	4.98731
175	255	6.58592
175	258	7.08958
175	261	6.8313
175	263	6.80926
175	278	7.01052
176	7	3.9708
176	66	4.11961
176	104	6.16872
176	117	3.27799
176	140	11.4373
176	141	2.21529
176	158	3.9694
176	188	5.87347
176	205	6.11414
176	214	1.02013
176	227	3.67292
176	232	6.63937
176	249	7.47289
176	275	7.62026
176	282	7.97036
177	3	5.3692
177	56	6.23186
177	68	4.67292
177	74	4.8574
177	86	4.69682
177	144	3.50615
177	174	6.42334
177	196	6.60872
177	198	4.16396
177	207	4.81988
177	232	6.22598
177	242	6.71886
177	248	5.91321
177	262	7.2047
177	272	6.47518
178	53	5.62106
178	59	5.15616
178	65	1.25596
178	108	1.73122
178	119	6.57618
178	128	4.55678
178	130	6.60069
178	133	5.99005
178	194	4.65173
178	206	4.86211
178	213	6.15678
178	227	4.38611
178	281	7.97238
178	287	9.98237
179	13	4.22718
179	37	3.87087
179	68	2.19659
179	76	5.10014
179	108	5.8907
179	116	3.81627
179	145	6.42791
179	146	6.07789
179	173	6.58103
179	220	5.64071
179	240	5.54066
179	244	5.45843
179	252	5.60637
179	280	6.75814
179	296	10.5513
180	9	4.18871
180	80	4.42402
180	118	5.19396
180	147	4.87859
180	160	3.09093
180	166	1.59977
180	171	5.16624
180	210	5.09104
180	247	6.04599
180	250	5.82031
180	262	6.7663
180	277	7.10827
180	287	9.27519
180	288	8.11189
180	298	8.9696
181	23	3.97733
181	50	4.42364
181	76	4.05464
181	118	4.18083
181	131	4.21528
181	158	4.84389
181	191	5.10417
181	199	4.9302
181	209	6.26389
181	240	7.13418
181	270	7.05222
181	276	7.23508
181	280	7.34258
181	282	7.52922
181	286	6.91968
182	32	2.05738
182	102	3.17767
182	138	3.95814
182	153	3.67386
182	170	4.48198
182	172	5.18219
182	221	5.46162
182	239	5.34021
182	271	6.76421
182	272	6.42
182	283	6.8577
182	290	6.81125
182	297	7.62474
182	298	10.747
182	300	7.56619
183	39	4.06293
183	57	4.61087
183	91	5.73603
183	136	15.1232
183	149	4.64259
183	152	6.76408
183	163	5.01519
183	189	4.97606
183	202	5.40404
183	207	5.60661
183	208	5.84355
183	249	1.95005
183	265	6.87676
183	274	7.39506
183	288	7.48126
184	24	4.80544
184	46	3.35126
184	61	4.60448
184	67	4.68593
184	158	2.99158
184	192	5.67967
184	193	2.62203
184	235	4.96655
184	240	5.68085
184	260	6.95538
184	264	7.17279
184	267	4.94749
184	277	6.70537
184	279	7.83233
184	282	6.07589
185	78	2.66753
185	80	3.65282
185	89	2.64694
185	109	3.34303
185	152	3.88877
185	171	4.39505
185	202	7.50826
185	219	5.88388
185	263	8.605
185	267	6.00671
185	286	6.91802
185	294	6.89044
185	295	7.45015
185	298	8.19841
185	299	7.42468
186	7	3.56121
186	40	4.40004
186	41	3.60013
186	43	4.44906
186	101	5.7597
186	113	5.38316
186	144	5.48964
186	193	5.6018
186	205	5.70455
186	232	6.22978
186	245	6.37592
186	250	8.10171
186	280	6.63328
186	282	7.56077
186	289	8.25202
187	77	2.69132
187	127	4.02271
187	175	5.21499
187	195	4.68943
187	198	5.39483
187	208	5.34861
187	215	5.2259
187	226	6.40883
187	234	6.16151
187	241	10.0689
187	257	6.56434
187	261	6.46446
187	263	6.44242
187	269	7.20988
187	278	6.64368
188	14	5.67073
188	105	2.67247
188	142	4.6252
188	204	5.54437
188	207	5.68173
188	217	4.78142
188	225	4.52906
188	246	6.98661
188	253	6.77472
188	271	7.69768
188	284	6.56039
188	287	7.28244
188	289	7.47847
188	293	7.55829
188	296	7.46265
189	38	4.42525
189	57	4.42708
189	80	4.05419
189	120	4.59474
189	183	5.16726
189	202	5.22025
189	207	5.42283
189	211	5.58912
189	230	5.95812
189	238	5.92909
189	265	6.69298
189	272	6.94666
189	288	7.29747
189	295	7.93136
189	297	9.04279
190	82	3.90359
190	90	3.19366
190	139	4.98771
190	140	3.82458
190	147	4.48381
190	148	3.39542
190	149	6.52521
190	171	4.77146
190	184	3.80695
190	250	5.42554
190	262	6.37152
190	267	6.38312
190	279	8.89163
190	286	7.29444
190	299	7.80109
191	118	4.22954
191	129	4.27589
191	150	4.74086
191	156	3.05005
191	158	4.8926
191	166	6.42117
191	199	4.97891
191	222	5.5783
191	262	7.20762
191	270	7.10093
191	273	6.75094
191	276	7.28379
191	280	7.3913
191	294	9.15858
191	297	8.57423
192	24	4.00953
192	54	3.98299
192	61	3.80858
192	75	4.23082
192	98	4.96368
192	197	6.09063
192	201	7.30892
192	219	6.35362
192	224	5.30478
192	256	6.73939
192	260	6.15947
192	264	6.37688
192	279	7.03643
192	285	9.1892
192	289	8.01751
193	18	7.02164
193	40	4.46281
193	48	5.39113
193	66	3.77279
193	91	4.35149
193	104	5.8219
193	113	5.44593
193	186	5.39609
193	205	5.76732
193	221	5.74493
193	232	6.29255
193	250	7.02285
193	254	6.61099
193	282	7.62354
193	296	9.34754
194	11	5.56535
194	12	1.18029
194	59	5.27242
194	119	6.69244
194	128	4.67304
194	130	6.71695
194	133	6.10631
194	157	8.02078
194	178	4.27985
194	206	4.97837
194	213	6.27303
194	252	6.31418
194	263	6.02601
194	286	6.16281
195	20	5.60331
195	51	4.39709
195	71	7.24347
195	89	5.44133
195	127	4.00709
195	198	5.37921
195	215	5.21028
195	231	5.49076
195	234	6.14589
195	237	5.24995
195	255	6.20345
195	257	6.54872
195	263	6.4268
195	278	6.62806
195	286	7.53211
196	5	3.73673
196	42	2.54992
196	58	5.43919
196	68	5.32792
196	85	1.91667
196	86	5.35182
196	107	6.45051
196	165	6.61033
196	177	5.51985
196	205	5.1068
196	212	4.80384
196	218	10.8886
196	242	7.37386
196	293	7.29032
196	296	8.30513
197	13	0.0091818
197	24	4.59841
197	67	4.47891
197	109	6.66751
197	110	4.84015
197	120	3.12589
197	184	7.29266
197	191	4.25539
197	192	5.47265
197	224	5.89366
197	254	4.99563
197	260	6.74835
197	264	6.96576
197	279	7.62531
197	292	9.63522
198	25	3.74197
198	51	4.75739
198	69	4.748
198	74	1.8343
198	127	4.36739
198	187	4.96033
198	200	13.4469
198	215	5.57058
198	237	5.61025
198	242	2.54304
198	255	6.56375
198	261	6.80914
198	263	6.7871
198	278	6.98836
198	291	9.5746
199	8	3.59764
199	42	3.64432
199	84	5.06131
199	129	4.12393
199	134	4.91418
199	150	4.5889
199	180	5.30066
199	204	6.24277
199	209	6.16064
199	222	5.42634
199	251	9.93858
199	270	6.94897
199	273	6.59898
199	276	7.13183
199	280	7.23933
200	63	2.12434
200	79	2.67363
200	96	2.34621
200	105	2.28224
200	123	2.52414
200	167	3.85327
200	188	4.32548
200	217	4.39119
200	253	6.38449
200	284	6.17016
200	287	6.8922
200	289	7.08824
200	291	7.0298
200	292	6.8565
200	293	7.16806
201	15	3.56899
201	25	4.78315
201	48	3.62152
201	68	2.6615
201	78	3.26682
201	81	4.31693
201	85	5.07782
201	132	4.76463
201	162	3.70952
201	180	5.68426
201	190	5.09249
201	263	7.55463
201	294	7.48973
201	298	8.7977
201	299	8.02397
202	26	5.08693
202	135	5.40585
202	137	0.00960693
202	147	5.87395
202	149	4.56237
202	156	5.17699
202	183	5.27083
202	211	5.69269
202	212	5.83329
202	238	6.03265
202	241	10.3063
202	254	5.28619
202	265	6.79655
202	276	5.81757
202	288	7.40104
203	36	5.71947
203	47	4.93556
203	83	4.80815
203	144	3.14733
203	163	2.68019
203	216	5.81573
203	233	6.00499
203	235	5.49253
203	246	6.30496
203	260	6.99473
203	266	6.95702
203	268	7.20884
203	279	6.58887
203	288	7.65403
203	297	8.21248
204	92	5.14315
204	123	3.21337
204	136	3.74795
204	142	4.9242
204	167	4.5425
204	174	1.25954
204	192	5.65603
204	253	7.07372
204	255	5.41862
204	287	7.58143
204	289	7.77747
204	291	7.71903
204	292	7.54573
204	296	7.76165
204	300	9.18753
205	4	6.46167
205	31	4.08178
205	43	4.50699
205	64	4.50101
205	72	4.28663
205	77	4.14738
205	176	6.10621
205	177	5.04588
205	193	5.65973
205	227	4.64062
205	232	6.28771
205	245	6.43385
205	254	6.60615
205	282	7.6187
205	295	8.52061
206	11	5.61689
206	19	4.06106
206	53	5.78886
206	59	5.32395
206	119	6.74398
206	128	4.72458
206	130	6.76848
206	131	4.46045
206	133	6.15785
206	141	2.93597
206	178	4.33139
206	194	4.81953
206	213	6.32457
206	254	5.71334
206	296	10.4896
207	44	5.66221
207	93	4.00377
207	164	4.55436
207	166	1.74779
207	183	5.36686
207	202	5.41985
207	211	5.78872
207	212	5.92932
207	230	6.15772
207	233	6.55381
207	238	6.12869
207	265	6.89258
207	274	7.41087
207	288	7.49707
207	300	9.03022
208	10	4.17184
208	19	4.59274
208	86	3.96641
208	90	12.0578
208	97	3.32684
208	127	4.2867
208	169	4.7618
208	194	4.82856
208	195	4.95342
208	227	6.46453
208	231	5.77037
208	237	5.52955
208	255	6.48306
208	263	6.7064
208	278	6.90767
209	8	4.16818
209	21	6.62097
209	42	4.21486
209	158	5.31117
209	169	3.95427
209	170	6.00902
209	181	5.4916
209	191	5.57145
209	199	5.39749
209	205	6.39323
209	206	5.88312
209	236	8.12826
209	273	7.16951
209	276	7.70236
209	280	7.80987
210	55	2.58533
210	62	2.27428
210	82	3.68274
210	85	4.63409
210	93	4.78679
210	140	3.60373
210	180	5.24054
210	250	5.20469
210	257	7.71907
210	262	6.15068
210	277	6.49265
210	286	7.07359
210	294	7.04601
210	295	7.60572
210	298	8.35398
211	1	4.06211
211	12	1.54355
211	43	4.0244
211	73	8.16656
211	93	4.08345
211	135	5.58156
211	141	6.04325
211	167	5.24331
211	183	5.44653
211	202	5.49953
211	238	6.20836
211	265	6.97225
211	274	7.49055
211	288	7.57675
211	299	8.76736
212	1	4.06813
212	26	5.26866
212	93	4.08947
212	94	4.52056
212	135	5.58757
212	149	4.7441
212	183	5.45255
212	189	5.07757
212	196	1.96495
212	211	5.87441
212	226	7.09276
212	230	6.24341
212	238	6.21438
212	269	7.89381
212	283	9.03975
213	3	0.380481
213	4	4.93178
213	19	4.60271
213	59	5.8656
213	119	7.28562
213	128	5.26622
213	130	7.31013
213	133	6.6995
213	178	4.87303
213	180	3.73566
213	194	5.36117
213	206	5.57155
213	218	11.7902
213	265	6.24295
213	298	8.05832
214	99	6.04657
214	121	5.33962
214	126	6.20281
214	147	4.25961
214	151	6.17811
214	154	6.78534
214	155	6.57903
214	170	4.86553
214	176	2.86383
214	226	5.03191
214	255	3.78648
214	273	6.06174
214	276	4.20324
214	284	8.04204
214	295	6.23211
215	4	4.13705
215	30	0.00898628
215	92	4.19416
215	127	4.15989
215	143	6.96765
215	231	5.64356
215	234	6.29869
215	237	5.40275
215	241	10.456
215	250	7.88738
215	255	6.35625
215	258	6.85991
215	261	6.60164
215	263	6.5796
215	278	6.78086
216	29	4.37394
216	34	3.64242
216	36	5.44746
216	102	7.24126
216	103	4.90413
216	114	4.84308
216	214	1.64479
216	226	5.58952
216	229	6.34399
216	233	5.73298
216	246	6.03296
216	247	8.75233
216	266	6.68501
216	268	6.93684
216	298	9.24516
217	96	2.58016
217	136	3.29267
217	188	4.55943
217	204	5.38809
217	223	5.13181
217	225	4.37278
217	241	4.76096
217	248	6.80859
217	281	7.3494
217	284	6.40411
217	287	7.12616
217	291	7.26375
217	293	7.40201
217	296	7.30637
217	300	10.6161
218	20	2.42415
218	45	2.30701
218	70	2.70523
218	96	2.37994
218	105	2.31597
218	204	5.18787
218	217	4.42492
218	253	6.41821
218	281	7.14918
218	284	6.20389
218	287	6.92593
218	289	7.12197
218	291	7.06353
218	292	6.89023
218	296	7.10615
219	24	1.18536
219	60	2.38675
219	90	3.64497
219	132	4.99306
219	150	6.31452
219	162	3.93795
219	185	4.63786
219	215	6.15156
219	251	5.6937
219	253	6.13336
219	262	6.82283
219	267	6.83443
219	277	7.1648
219	298	9.02613
219	299	8.2524
220	2	3.6558
220	50	4.19579
220	58	1.971
220	100	5.79077
220	108	6.4339
220	111	4.74663
220	116	4.35947
220	117	4.89622
220	145	6.97111
220	160	5.58529
220	179	4.48071
220	191	5.87063
220	240	6.08386
220	244	6.00163
220	252	6.14957
221	53	1.45378
221	88	3.08874
221	102	3.67225
221	131	4.01012
221	146	1.42056
221	239	5.83479
221	247	8.67592
221	271	7.25879
221	272	6.91458
221	285	7.03888
221	290	7.30583
221	292	10.1805
221	297	8.11932
221	300	8.06077
222	23	3.93591
222	50	4.38222
222	53	1.48858
222	76	4.01322
222	150	4.65073
222	181	4.98289
222	190	8.43086
222	199	4.88878
222	207	5.49595
222	270	7.0108
222	273	6.66081
222	275	7.16352
222	276	7.19366
222	280	7.30117
223	112	3.31277
223	167	4.23371
223	169	4.83487
223	200	4.22215
223	218	4.4924
223	235	6.48051
223	276	6.22731
223	280	6.67904
223	284	6.5506
223	287	7.27264
223	289	7.46868
223	291	7.41024
223	292	7.23694
223	293	7.5485
224	75	4.2126
224	97	5.43907
224	98	4.94546
224	107	2.30376
224	110	4.23305
224	134	5.43357
224	154	2.73092
224	197	6.0724
224	256	6.72117
224	260	6.14125
224	264	6.35866
224	267	6.64689
224	279	7.0182
224	300	9.59777
225	167	3.87343
225	204	5.1743
225	218	4.13212
225	231	9.35098
225	241	4.54717
225	261	6.88989
225	281	7.1356
225	284	6.19032
225	287	6.91236
225	289	7.1084
225	291	7.04996
225	292	6.87666
225	293	7.18822
225	296	7.09258
226	14	3.74978
226	36	5.35229
226	67	3.01573
226	88	9.94075
226	114	4.7479
226	125	4.13495
226	194	4.53
226	216	5.44855
226	229	6.24882
226	233	5.63781
226	246	5.93778
226	266	6.58984
226	268	6.84166
226	295	8.17459
227	10	4.35107
227	46	3.79475
227	86	2.51184
227	101	5.15936
227	187	5.05886
227	195	5.13265
227	215	5.66912
227	231	5.9496
227	241	9.47847
227	255	6.66229
227	258	7.16595
227	261	6.90768
227	282	6.51938
227	284	8.82851
228	6	3.25502
228	44	3.60023
228	87	4.6913
228	95	3.89809
228	116	5.37053
228	159	4.84789
228	221	5.8002
228	269	6.24227
228	271	7.1028
228	272	6.75859
228	273	8.1487
228	297	7.96332
228	299	9.45161
228	300	7.90477
229	14	4.02059
229	34	3.81806
229	39	4.32465
229	77	3.25685
229	133	0.7526
229	164	5.24384
229	169	4.75324
229	203	6.31196
229	216	5.71936
229	226	5.76517
229	246	6.2086
229	266	6.86066
229	268	7.11248
229	284	9.98449
230	2	6.39872
230	16	4.01173
230	38	4.62519
230	39	4.07908
230	57	4.62702
230	126	2.2105
230	135	5.50222
230	183	5.36719
230	202	5.42019
230	207	5.62276
230	242	3.24869
230	274	7.41121
230	288	7.49741
230	293	9.32116
231	25	3.49628
231	77	3.63123
231	87	3.9401
231	99	2.3557
231	169	4.59681
231	175	5.31399
231	195	4.78842
231	208	5.44761
231	227	6.29953
231	234	6.26051
231	258	6.82173
231	275	7.57653
231	278	6.74267
231	297	9.66038
232	31	4.08042
232	35	1.92339
232	55	8.1601
232	72	4.28527
232	113	5.43973
232	128	3.55668
232	155	1.30907
232	176	6.10485
232	193	5.65837
232	245	6.43249
232	254	6.60479
232	275	7.26724
232	278	8.2538
232	282	7.61734
233	14	3.76112
233	47	4.57972
233	83	4.45231
233	125	4.14629
233	147	6.15459
233	150	6.37414
233	164	4.98436
233	216	5.45989
233	226	5.50569
233	229	6.26016
233	253	6.19298
233	266	6.60118
233	268	6.85301
233	278	8.28703
234	4	4.37337
234	33	3.87845
234	87	4.21462
234	122	4.53698
234	129	4.22013
234	169	4.87132
234	172	3.41339
234	187	4.98916
234	217	8.47422
234	227	6.57405
234	231	5.87989
234	255	6.59258
234	261	6.83797
234	299	9.04314
235	20	3.24801
235	70	3.52909
235	73	3.82981
235	105	3.13983
235	159	4.45927
235	204	6.01174
235	207	5.29581
235	217	5.24878
235	247	8.51058
235	253	7.24208
235	284	7.02775
235	287	7.7498
235	292	7.71409
235	298	9.0034
236	6	3.18554
236	31	5.55149
236	47	3.81824
236	117	4.66092
236	124	3.91905
236	166	3.05607
236	221	5.73072
236	228	5.47887
236	239	5.60931
236	271	7.03332
236	272	6.6891
236	290	7.08035
236	297	7.89384
236	300	7.83529
237	29	4.10917
237	69	4.40073
237	75	3.51235
237	78	8.98275
237	82	5.2311
237	87	3.83852
237	175	5.21241
237	198	5.39225
237	234	6.15893
237	255	6.21649
237	257	6.56175
237	258	6.72015
237	261	6.46187
237	278	6.64109
238	1	3.91884
238	26	5.11936
238	94	4.37126
238	120	4.73074
238	149	4.5948
238	152	7.66922
238	156	5.20942
238	212	5.86572
238	219	6.12373
238	229	6.70302
238	230	6.09412
238	257	5.88319
238	265	6.82898
238	288	7.43347
239	18	2.57027
239	80	4.63863
239	124	3.97671
239	131	3.8423
239	153	4.00063
239	184	2.91894
239	223	7.41258
239	228	5.53654
239	269	6.23045
239	271	7.09098
239	285	6.87106
239	290	7.13801
239	297	7.9515
239	300	7.89295
240	2	3.44875
240	37	4.20703
240	100	5.58372
240	111	4.53959
240	145	6.76407
240	146	6.41405
240	160	5.37824
240	161	7.65668
240	175	2.33737
240	220	5.97687
240	244	5.79459
240	245	5.1842
240	252	5.94253
240	253	6.24703
241	22	2.8775
241	73	3.03873
241	79	2.74015
241	123	2.59065
241	136	3.12523
241	218	4.17848
241	223	4.96438
241	253	6.451
241	281	7.18196
241	284	6.23667
241	287	6.95872
241	289	7.15476
241	291	7.09631
241	292	6.92302
242	3	5.63553
242	58	5.05052
242	86	4.96315
242	165	6.22166
242	175	0.882693
242	177	5.13118
242	196	6.87505
242	216	5.1939
242	248	6.17954
242	279	6.21428
242	280	5.14932
242	285	7.93974
242	290	8.90141
242	298	7.79406
243	9	3.79541
243	55	2.80765
243	81	4.09553
243	111	1.59442
243	139	4.98918
243	151	2.30808
243	161	4.42431
243	190	4.87108
243	219	6.26177
243	246	7.59871
243	286	7.29591
243	295	7.82804
243	298	8.5763
243	299	7.80257
244	13	4.53095
244	116	4.12003
244	128	3.18739
244	145	6.73168
244	146	6.38166
244	160	5.34585
244	173	6.8848
244	179	4.24128
244	220	5.94448
244	224	6.75437
244	240	5.84443
244	252	5.91014
244	253	5.79045
244	294	9.42034
245	31	4.07354
245	64	4.49277
245	90	10.9173
245	104	5.80882
245	113	5.43285
245	125	4.42987
245	179	5.5677
245	183	2.75456
245	186	5.38301
245	232	6.27947
245	249	7.11299
245	254	6.59791
245	275	7.26036
245	283	8.07945
246	29	4.36156
246	34	3.63004
246	103	4.89175
246	114	4.8307
246	117	3.7228
246	196	1.6697
246	216	5.53134
246	226	5.57715
246	229	6.33162
246	233	5.72061
246	251	9.38057
246	262	7.74254
246	266	6.67264
246	268	6.92446
247	9	3.75939
247	48	3.36409
247	55	2.77163
247	78	3.0094
247	80	3.9947
247	81	4.05951
247	139	4.95316
247	153	9.38799
247	161	4.38829
247	190	4.83507
247	262	6.33698
247	267	6.34858
247	277	6.67895
247	298	8.54028
248	3	5.39018
248	58	4.80517
248	65	6.00513
248	74	4.87838
248	86	4.71781
248	119	0.698641
248	135	0.501094
248	148	7.87855
248	174	6.44432
248	196	6.6297
248	197	4.41562
248	242	6.73984
248	285	8.72744
249	37	3.60647
249	41	3.82035
249	62	5.57988
249	77	4.30967
249	123	13.998
249	144	5.70986
249	173	0.000228933
249	193	5.82202
249	254	6.76844
249	275	7.43089
249	280	5.1527
249	282	7.78099
249	285	7.94312
249	292	8.80917
250	15	3.23094
250	109	3.60426
250	147	4.36863
250	152	4.15001
250	161	4.30766
250	180	5.34621
250	201	5.30781
250	240	7.68932
250	267	6.26795
250	286	7.17926
250	292	10.6629
250	294	7.15168
250	295	7.71139
250	298	8.45965
251	80	3.81904
251	108	2.7266
251	129	5.571
251	162	3.27644
251	171	4.56126
251	185	3.97635
251	247	5.44101
251	250	5.21534
251	267	6.17292
251	277	6.5033
251	286	7.08424
251	294	7.05666
251	295	7.61637
251	298	8.36463
252	2	3.42749
252	37	4.18576
252	108	6.20559
252	111	4.51832
252	116	4.13116
252	146	6.39278
252	173	6.89592
252	196	1.76373
252	220	5.9556
252	222	6.80285
252	235	6.48321
252	240	5.85555
252	244	5.77332
252	296	10.3077
253	52	0.00292512
253	112	3.72159
253	133	0.24303
253	135	0.651926
253	188	5.11474
253	223	5.68713
253	225	4.92809
253	235	6.88934
253	241	5.31628
253	279	7.15281
253	291	7.81906
253	293	7.95732
253	294	9.36078
253	296	7.86169
254	7	3.57264
254	15	6.45693
254	41	3.61157
254	64	4.45451
254	77	4.10088
254	114	2.831
254	186	5.34475
254	231	7.2914
254	245	6.38735
254	249	7.07473
254	259	8.43318
254	275	7.2221
254	282	7.5722
254	283	8.1834
255	25	3.63385
255	33	3.74149
255	91	6.34348
255	122	4.40003
255	195	4.92599
255	198	5.63139
255	210	8.32826
255	257	6.80089
255	258	6.95929
255	261	6.70102
255	263	6.67897
255	277	7.57863
255	278	6.88023
255	283	8.19514
256	11	1.63647
256	24	4.36408
256	54	4.33754
256	98	5.31823
256	110	4.60582
256	115	8.92333
256	134	5.80634
256	192	5.23832
256	197	6.44517
256	212	6.31936
256	242	2.73337
256	264	6.73143
256	279	7.39098
256	296	9.82064
257	10	4.27787
257	16	2.3678
257	87	4.21113
257	95	5.43452
257	101	5.08617
257	122	4.53349
257	127	4.39273
257	169	4.86783
257	186	5.78785
257	198	5.76485
257	231	5.8764
257	234	6.53153
257	278	7.0137
257	283	8.42361
258	7	1.19244
258	33	3.92662
258	34	5.35327
258	63	12.6771
258	69	4.82501
258	101	5.13783
258	195	5.11112
258	201	6.79725
258	208	5.7703
258	212	6.17893
258	215	5.64759
258	237	5.68725
258	257	6.98602
258	263	6.8641
259	6	3.19852
259	18	2.5256
259	28	2.95895
259	131	3.79763
259	138	4.24023
259	157	3.90472
259	230	7.67847
259	236	5.40104
259	239	5.6223
259	269	6.18577
259	283	7.13979
259	285	6.82639
259	297	7.90683
259	300	7.84828
260	54	4.06709
260	61	3.89267
260	84	0.703741
260	97	5.54139
260	154	2.76622
260	172	5.32164
260	181	6.07028
260	184	6.78787
260	192	4.96786
260	224	5.38887
260	256	6.82349
260	264	6.46097
260	268	6.87378
260	279	7.12052
261	27	3.52387
261	51	4.69244
261	81	6.09567
261	87	4.12084
261	96	14.4229
261	169	4.77754
261	187	4.89538
261	227	6.48027
261	231	5.78611
261	237	5.5453
261	257	6.84407
261	266	6.49351
261	278	6.92341
261	292	9.43064
262	55	2.9397
262	62	2.62865
262	66	3.8922
262	140	3.9581
262	199	7.22138
262	201	5.55651
262	210	4.82978
262	219	6.39382
262	247	5.78473
262	251	5.37592
262	277	6.84702
262	286	7.42796
262	293	9.47114
262	299	7.93462
263	111	0.48616
263	139	6.46758
263	187	4.83545
263	208	5.56842
263	215	5.4457
263	227	6.42034
263	231	5.72618
263	236	8.57825
263	237	5.48537
263	245	4.82864
263	255	6.43888
263	258	6.94254
263	261	6.68426
263	271	7.20153
264	2	6.23831
264	12	3.64557
264	17	6.44065
264	54	4.10445
264	67	4.01148
264	97	5.57875
264	106	4.34747
264	113	2.28863
264	134	5.57325
264	184	6.82523
264	224	5.42623
264	243	8.76041
264	256	6.86085
264	290	10.1345
265	16	4.0415
265	39	4.10886
265	87	4.383
265	120	4.82445
265	141	5.99369
265	145	1.78441
265	163	5.06111
265	168	5.39609
265	183	5.39697
265	207	5.65254
265	225	9.47784
265	234	6.33879
265	274	7.44098
265	288	7.52719
266	36	5.49306
266	83	4.58175
266	103	4.94973
266	117	3.68835
266	164	5.1138
266	194	4.31867
266	196	1.63524
266	203	6.18192
266	216	5.58933
266	233	5.77859
266	241	10.4232
266	246	6.07856
266	268	6.98244
266	291	10.1235
267	89	3.12269
267	140	3.92391
267	148	3.49476
267	180	5.56072
267	201	5.52232
267	244	5.68895
267	277	6.81283
267	284	9.49339
267	286	7.39377
267	288	8.23643
267	290	9.85841
267	294	7.36619
267	295	7.9259
267	298	8.67416
268	14	3.9842
268	28	8.97484
268	34	3.78166
268	36	5.58671
268	114	4.98232
268	121	4.60975
268	125	4.36937
268	156	3.33561
268	216	5.68297
268	226	5.72877
268	229	6.48324
268	246	6.1722
268	266	6.82426
268	294	9.44415
269	40	2.03358
269	105	13.1383
269	117	4.71215
269	228	5.53011
269	236	5.43928
269	239	5.66054
269	259	5.96928
269	270	6.84139
269	271	7.08455
269	272	6.74034
269	283	7.17804
269	290	7.13158
269	297	7.94507
269	300	7.88652
270	16	2.46703
270	46	4.00545
270	50	4.62595
270	132	4.50537
270	150	4.89446
270	158	5.04621
270	191	5.30648
270	209	6.46621
270	256	5.68442
270	271	7.15199
270	273	6.90454
270	275	6.80362
270	276	7.43739
270	280	7.5449
271	29	3.49745
271	88	3.18475
271	102	3.76826
271	124	4.24053
271	149	5.07491
271	153	4.26445
271	157	4.21322
271	159	5.09989
271	228	5.80036
271	235	6.34498
271	275	6.98109
271	285	7.13488
271	290	7.40184
271	300	8.15677
272	32	2.52774
272	44	3.732
272	115	3.67006
272	171	6.38081
272	182	4.40976
272	221	5.93197
272	236	5.5893
272	259	6.1193
272	271	7.23457
272	283	7.32806
272	285	7.01465
272	296	10.0426
272	297	8.09509
272	299	8.95917
273	8	3.73324
273	12	2.02559
273	46	3.83549
273	159	4.64032
273	166	6.40481
273	191	5.13652
273	199	4.96255
273	209	6.29624
273	222	5.56194
273	246	6.78173
273	270	7.08457
273	274	5.54154
273	276	7.26743
273	280	7.37493
274	38	4.71332
274	94	4.52333
274	149	4.74687
274	161	6.80395
274	168	5.45445
274	183	5.45532
274	212	6.01779
274	222	6.03952
274	230	6.24618
274	264	6.44752
274	271	6.70436
274	272	6.34371
274	288	7.58554
274	293	8.52958
275	7	3.63212
275	31	4.09476
275	64	4.51399
275	66	3.78093
275	72	4.29961
275	113	5.45407
275	135	0.817044
275	144	5.56055
275	182	8.48649
275	186	5.40423
275	245	6.44683
275	254	6.61913
275	258	5.36767
275	268	6.39411
276	10	3.29617
276	42	3.89808
276	101	5.0214
276	118	4.33134
276	127	6.74643
276	191	5.25467
276	209	6.4144
276	222	5.68009
276	232	6.23823
276	243	8.27296
276	270	7.20272
276	273	6.85274
276	274	4.89681
276	280	7.49309
277	104	2.62555
277	139	5.07088
277	142	6.92758
277	190	4.95278
277	203	4.00201
277	219	6.34347
277	247	5.73438
277	250	5.50871
277	251	5.32557
277	262	6.4547
277	270	6.89987
277	294	7.35003
277	295	7.90974
277	299	7.88427
278	4	4.14984
278	9	5.90439
278	10	4.05782
278	25	3.54726
278	27	3.39411
278	42	4.65681
278	122	4.31345
278	198	5.54481
278	208	5.49859
278	213	4.07349
278	237	5.41554
278	255	6.36905
278	257	6.71431
278	258	6.87271
279	12	3.74234
279	49	1.96242
279	54	4.20122
279	106	4.44424
279	110	4.46949
279	132	4.6762
279	168	2.81506
279	172	5.45577
279	184	6.922
279	192	5.10199
279	197	6.30885
279	227	4.06689
279	256	6.95762
279	260	6.3777
280	42	3.91623
280	46	3.97179
280	76	4.22329
280	84	5.33322
280	129	4.39583
280	150	4.8608
280	181	5.19297
280	198	4.24034
280	222	5.69824
280	270	7.22087
280	273	6.87089
280	279	7.02408
280	291	9.69652
280	297	8.64768
281	57	1.95273
281	63	2.87547
281	123	3.27527
281	188	5.07661
281	195	7.09378
281	217	5.14232
281	223	5.64899
281	241	5.27814
281	244	5.97761
281	253	7.13562
281	278	8.13207
281	289	7.83937
281	292	7.60763
281	296	7.82355
282	41	3.69418
282	43	4.54311
282	66	3.80407
282	113	5.47721
282	144	5.58369
282	156	3.49799
282	165	2.70965
282	174	1.30604
282	188	6.2313
282	193	5.69585
282	221	6.5241
282	232	6.32383
282	254	6.64227
282	265	7.16297
283	6	3.39854
283	44	3.74375
283	83	3.79182
283	102	3.65978
283	115	3.6818
283	131	3.99764
283	157	4.10474
283	228	5.69187
283	236	5.60105
283	239	5.82231
283	245	5.28743
283	285	7.0264
283	290	7.29335
283	295	8.28437
284	82	5.36432
284	123	2.89552
284	136	3.4301
284	158	5.11494
284	204	5.52553
284	217	4.76257
284	223	5.26925
284	225	4.51021
284	241	4.8984
284	281	7.48683
284	287	7.26359
284	292	7.22789
284	293	7.53945
284	296	7.44381
285	1	5.51698
285	40	2.37136
285	88	2.9706
285	115	3.57614
285	131	3.89198
285	143	4.47895
285	159	4.88575
285	221	5.83805
285	228	5.58621
285	236	5.49539
285	283	7.23414
285	289	8.48839
285	290	7.18769
285	297	8.00117
286	82	4.01507
286	109	3.83092
286	152	4.37667
286	190	4.98109
286	201	5.53447
286	210	4.80774
286	243	5.80959
286	247	5.76269
286	258	5.12853
286	273	7.4206
286	285	8.80426
286	293	8.79215
286	298	8.68631
286	299	7.91258
287	22	3.33966
287	24	1.65462
287	70	3.20017
287	79	3.20231
287	96	2.87489
287	105	2.81091
287	123	3.05281
287	204	5.68282
287	235	6.62874
287	241	5.05569
287	289	7.61691
287	290	10.7117
287	292	7.38517
287	293	7.69673
288	16	3.9002
288	39	3.96756
288	108	1.53444
288	132	4.79864
288	141	5.85239
288	156	5.16183
288	163	4.91981
288	165	2.86822
288	207	5.51124
288	230	6.04653
288	238	6.0175
288	265	6.78139
288	270	6.80169
288	274	7.29968
289	20	2.92216
289	136	3.59046
289	167	4.38501
289	198	4.57708
289	200	4.37346
289	218	4.64371
289	223	5.42961
289	235	6.63181
289	271	7.24895
289	281	7.64719
289	290	10.0479
289	291	7.56154
289	292	7.38825
289	296	7.60417
290	6	3.21432
290	44	3.55953
290	69	2.69711
290	88	2.89205
290	102	3.47556
290	138	4.25602
290	170	4.77987
290	182	4.23729
290	233	7.42546
290	259	5.94682
290	272	6.71788
290	283	7.15558
290	297	7.92262
290	300	7.86407
291	20	2.84526
291	45	2.72812
291	71	3.32635
291	80	4.64681
291	105	2.73708
291	131	4.71084
291	200	4.29655
291	241	4.98185
291	281	7.57029
291	284	6.625
291	287	7.34704
291	292	7.31134
291	293	7.6229
291	296	7.52726
292	71	3.1917
292	73	3.2924
292	188	4.64567
292	200	4.1619
292	204	5.47433
292	218	4.43215
292	223	5.21805
292	225	4.45901
292	241	4.8472
292	253	6.70467
292	284	6.49035
292	287	7.21239
292	293	7.48824
292	296	7.39261
293	45	2.70459
293	79	3.10494
293	96	2.77752
293	200	4.27302
293	204	5.58545
293	217	4.8225
293	218	4.54327
293	241	4.95832
293	247	8.72086
293	284	6.60147
293	289	7.51955
293	291	7.46111
293	292	7.28781
293	296	7.50373
294	85	4.77312
294	121	5.11173
294	139	4.90589
294	147	4.40199
294	179	6.48539
294	185	4.10473
294	219	6.17847
294	223	7.14713
294	250	5.34372
294	262	6.2897
294	286	7.21262
294	295	7.74474
294	298	8.493
294	299	7.71927
295	161	4.4735
295	171	4.82212
295	177	4.24003
295	190	4.92027
295	243	5.74877
295	247	5.70187
295	251	5.29306
295	262	6.42218
295	264	6.83387
295	267	6.43378
295	268	6.27876
295	285	8.92804
295	286	7.3451
295	299	7.85175
296	22	3.16938
296	45	2.63167
296	70	3.02989
296	79	3.03203
296	200	4.20011
296	223	5.25626
296	239	8.26489
296	241	4.88541
296	281	7.47384
296	287	7.2506
296	289	7.44663
296	291	7.38819
296	292	7.21489
296	293	7.52645
297	32	2.42885
297	88	2.96563
297	95	3.93097
297	116	5.06292
297	117	4.76328
297	169	4.59014
297	182	4.31087
297	221	5.83308
297	228	5.58124
297	259	6.0204
297	269	6.27515
297	271	7.13568
297	272	6.79147
297	283	7.22916
298	32	7.72948
298	55	2.98999
298	78	3.22776
298	81	4.27787
298	84	0.329139
298	90	3.37748
298	109	3.90325
298	132	4.72557
298	152	4.449
298	243	5.88192
298	251	5.42621
298	255	5.48955
298	281	7.64146
298	295	8.01038
299	62	2.47004
299	132	4.51667
299	146	1.2845
299	162	3.46155
299	201	5.39789
299	210	4.67117
299	243	5.67302
299	250	5.40045
299	262	6.34643
299	267	6.35803
299	272	6.98038
299	286	7.26935
299	289	8.00669
299	295	7.80148
300	6	3.20865
300	115	3.49191
300	131	3.80775
300	143	4.39472
300	153	3.96607
300	239	5.63242
300	259	5.94115
300	269	6.1959
300	283	7.14991
300	285	6.83651
300	289	8.04141
300	290	7.10346
300	293	9.20098
300	297	7.91695
