1	20	2.87414
1	98	4.25609
1	105	3.93389
1	114	4.12306
1	126	3.63989
1	134	4.26737
1	145	5.65441
1	167	5.79873
1	176	3.88906
1	181	4.16387
1	197	5.0718
1	217	5.98667
1	253	7.01268
1	264	7.06226
1	298	8.04993
2	40	3.8025
2	98	2.99339
2	117	6.10102
2	152	4.42637
2	185	5.18439
2	208	6.06163
2	212	5.339
2	216	5.43548
2	221	4.94616
2	226	5.56309
2	234	5.76687
2	235	5.98906
2	237	6.2201
2	273	6.66087
2	292	7.55265
3	48	3.70013
3	61	3.53391
3	102	3.58802
3	126	3.61908
3	159	4.82811
3	169	3.63697
3	193	4.8397
3	201	5.48763
3	215	4.79171
3	217	5.96586
3	246	5.04035
3	269	6.80516
3	285	7.10504
3	286	6.99676
3	298	8.02912
4	10	2.79801
4	18	3.96362
4	97	4.57255
4	123	6.20437
4	156	3.28807
4	196	5.11623
4	198	3.55552
4	204	5.62868
4	216	6.08185
4	219	4.96168
4	231	6.3557
4	268	6.29731
4	284	6.91206
4	291	6.38716
4	299	7.79711
5	36	4.02938
5	141	3.73987
5	146	4.44519
5	150	5.29096
5	157	5.25001
5	162	3.62474
5	176	2.714
5	184	4.97584
5	205	6.00447
5	207	4.84207
5	246	7.26742
5	260	6.7566
5	270	7.02785
5	273	5.76275
5	274	7.12339
6	40	2.60066
6	49	2.76612
6	76	2.32269
6	96	4.35364
6	132	4.27051
6	171	4.39222
6	179	3.92181
6	213	5.858
6	220	6.45353
6	247	6.74118
6	258	6.76487
6	271	6.6615
6	292	7.40639
6	295	7.70479
6	297	7.9634
7	63	2.82906
7	74	3.5029
7	93	2.94643
7	138	4.03377
7	170	4.57866
7	187	6.0344
7	190	4.8127
7	212	5.54956
7	255	5.70422
7	256	6.36105
7	283	7.12554
7	287	6.48175
7	289	7.76314
7	292	7.16823
7	300	7.78173
8	2	3.16497
8	50	4.75976
8	54	4.46388
8	59	3.93895
8	92	5.21481
8	137	4.23165
8	145	3.66131
8	195	5.09543
8	210	5.34
8	242	5.26075
8	249	5.67473
8	253	6.8059
8	267	6.07817
8	271	7.17123
8	277	7.44764
9	27	3.59309
9	35	3.20293
9	86	3.58783
9	115	2.12476
9	171	4.68669
9	188	4.06841
9	231	5.23743
9	234	5.89581
9	236	6.4773
9	241	6.01562
9	251	7.51808
9	257	6.9211
9	276	6.01095
9	282	5.76941
9	291	7.85662
10	15	4.32247
10	65	3.93981
10	84	2.84083
10	113	3.16533
10	136	3.16913
10	177	4.3752
10	231	5.10595
10	255	6.93113
10	256	6.39325
10	262	5.92555
10	281	7.60893
10	283	7.48999
10	294	6.62677
10	296	6.66359
10	299	6.54736
11	25	4.08012
11	32	2.26075
11	112	7.46377
11	131	5.65131
11	143	3.21156
11	153	5.48741
11	188	5.42192
11	228	7.10008
11	237	5.50322
11	257	5.00716
11	263	5.16328
11	271	5.68559
11	273	5.24539
11	286	5.63073
11	287	5.80093
12	26	3.15939
12	94	3.48758
12	122	3.27681
12	150	6.51507
12	161	6.72498
12	164	5.34445
12	180	4.03843
12	221	5.00191
12	236	5.24032
12	238	5.65228
12	240	6.25531
12	250	5.40032
12	288	7.51686
12	289	6.55487
12	291	6.61964
13	54	5.28129
13	89	3.88503
13	175	5.84126
13	195	5.91284
13	208	3.81012
13	210	6.15742
13	232	5.21248
13	241	5.13866
13	242	6.07816
13	249	6.49214
13	264	5.26429
13	265	6.36406
13	266	5.29694
13	269	5.00589
13	292	6.73023
14	46	2.02737
14	68	3.02037
14	95	4.97905
14	123	7.07396
14	189	5.10709
14	190	4.95874
14	214	5.35519
14	232	4.34094
14	239	5.83712
14	268	5.71015
14	270	6.92597
14	278	6.52293
14	281	7.144
14	284	5.98008
14	298	7.84077
15	61	2.93017
15	78	2.81843
15	140	3.91347
15	166	4.46564
15	171	4.87299
15	186	5.1511
15	207	5.76278
15	222	4.80599
15	238	6.07981
15	241	5.20618
15	255	6.01987
15	257	6.11165
15	272	6.54202
15	291	7.04717
15	298	7.54398
16	58	3.84473
16	63	3.2103
16	110	4.2774
16	143	4.64569
16	148	4.57458
16	151	4.53228
16	194	6.28991
16	199	4.66077
16	227	4.6408
16	263	6.59741
16	266	6.02011
16	272	6.71207
16	280	6.26419
16	286	6.87492
16	288	7.20951
17	38	3.40997
17	42	3.86373
17	71	3.91116
17	93	3.17178
17	109	3.97449
17	158	5.89426
17	166	5.40829
17	172	4.86905
17	176	5.85916
17	208	5.74022
17	226	5.24168
17	248	6.79939
17	272	6.76595
17	273	6.33946
17	276	6.96239
18	10	2.34169
18	147	4.8043
18	158	4.86639
18	165	3.57301
18	205	4.44533
18	218	5.79259
18	239	5.1483
18	246	4.13446
18	270	5.97741
18	279	6.52871
18	290	6.40717
18	294	7.4202
18	296	7.45703
18	299	7.34079
18	300	7.47558
19	72	4.63594
19	109	3.69471
19	127	5.74553
19	176	5.57938
19	181	4.78538
19	212	4.73781
19	217	4.44287
19	218	6.29963
19	226	4.9619
19	234	5.16568
19	254	5.58859
19	273	6.05968
19	276	6.68261
19	282	5.81098
19	299	7.66349
20	129	3.14437
20	154	3.47163
20	157	4.71438
20	178	4.70915
20	202	4.87997
20	237	5.39724
20	238	5.5943
20	246	6.7318
20	258	5.70432
20	265	6.86228
20	270	6.49222
20	274	6.58776
20	288	6.16806
20	293	6.59408
20	294	6.72601
21	13	4.86142
21	18	2.04379
21	41	4.07171
21	59	4.6656
21	61	2.5761
21	85	3.46772
21	168	6.89169
21	197	4.13721
21	212	5.04474
21	242	5.9874
21	249	6.40138
21	267	6.80483
21	270	6.27511
21	294	7.09117
21	297	7.09922
22	52	4.07902
22	73	3.72456
22	79	2.92755
22	111	4.33188
22	142	3.33904
22	163	3.4221
22	171	3.92666
22	198	5.20434
22	206	6.72836
22	230	5.96231
22	271	6.19593
22	287	6.25434
22	292	6.94082
22	293	7.25454
22	300	7.55432
23	22	4.96841
23	50	2.56513
23	77	3.87262
23	126	3.72618
23	132	4.68092
23	173	5.28182
23	190	4.5984
23	202	4.84721
23	230	4.82272
23	240	6.72199
23	247	5.17206
23	270	6.56563
23	288	7.01715
23	298	8.13622
23	300	8.0638
24	102	3.29618
24	104	3.3599
24	108	4.00944
24	154	4.53191
24	174	5.25599
24	181	5.27117
24	183	3.61785
24	244	5.0595
24	255	5.2829
24	256	5.93973
24	293	7.06064
24	297	7.30393
24	298	7.88504
24	299	8.14928
24	300	7.36042
25	18	3.61772
25	83	1.20206
25	84	5.47992
25	85	3.07954
25	102	4.55376
25	193	4.8544
25	195	6.53675
25	200	5.58481
25	204	4.75389
25	239	5.98757
25	260	5.33496
25	263	5.65788
25	268	5.8606
25	284	6.13053
25	297	8.67315
26	70	3.92473
26	106	3.28672
26	116	3.7131
26	167	3.92128
26	187	4.41255
26	215	5.43859
26	225	5.62456
26	241	5.45912
26	244	5.42995
26	251	7.59325
26	254	6.08652
26	261	6.42798
26	265	7.47039
26	272	6.79496
26	274	6.60491
27	9	4.1585
27	34	2.85026
27	35	2.08907
27	69	5.30398
27	94	3.6107
27	162	5.04516
27	207	5.45837
27	220	6.93809
27	228	4.95112
27	241	4.90177
27	261	5.87063
27	266	7.34027
27	273	7.18318
27	280	6.44277
27	289	6.67799
28	2	1.91371
28	89	4.22497
28	106	5.25108
28	107	3.24378
28	115	1.43354
28	128	7.41615
28	188	6.00663
28	191	4.06554
28	206	4.77481
28	228	7.68479
28	254	4.8558
28	269	5.34582
28	273	5.47978
28	278	5.1598
28	283	5.70121
29	16	3.93697
29	41	2.35606
29	56	3.93376
29	76	3.58301
29	113	5.71042
29	154	4.48979
29	209	4.85485
29	258	5.86485
29	260	5.62486
29	261	6.27455
29	277	6.17348
29	278	6.96328
29	281	7.58434
29	288	6.93112
29	297	7.49712
30	33	4.11996
30	94	3.99151
30	99	3.90169
30	128	2.39233
30	141	4.56817
30	151	5.25936
30	174	5.34164
30	233	5.12883
30	250	5.61005
30	255	5.73494
30	266	6.74719
30	267	5.46594
30	274	6.4311
30	286	7.602
30	287	6.62791
31	32	4.08623
31	54	3.66909
31	59	3.6583
31	133	3.30175
31	194	3.90961
31	214	5.97508
31	220	5.65349
31	232	4.96083
31	263	6.12732
31	267	5.98145
31	268	6.33005
31	277	6.35303
31	279	6.95237
31	280	6.17255
31	283	6.80931
32	6	3.90799
32	53	3.73814
32	57	3.33406
32	113	5.6483
32	135	2.41795
32	154	5.21137
32	161	3.3202
32	165	5.08322
32	204	5.76536
32	238	6.29524
32	239	6.99904
32	258	6.58643
32	278	7.68486
32	283	6.56044
32	286	6.72436
33	15	3.94803
33	16	3.15732
33	29	4.00874
33	37	2.83257
33	82	4.65187
33	110	4.75058
33	129	4.40043
33	199	5.13395
33	207	5.97344
33	227	5.11398
33	239	6.3369
33	242	5.62773
33	266	6.49329
33	275	6.44882
33	286	7.3481
34	9	4.42472
34	48	3.25018
34	56	3.52845
34	116	3.42197
34	161	6.58096
34	162	4.70484
34	182	4.78887
34	224	5.09813
34	236	5.62967
34	250	5.78966
34	254	5.79539
34	257	6.07347
34	261	6.13685
34	293	7.79886
34	296	7.96362
35	34	2.59491
35	88	5.14832
35	140	3.35371
35	155	4.30176
35	203	6.90754
35	211	6.22536
35	221	4.86968
35	238	5.52005
35	241	4.64642
35	250	5.26809
35	261	5.61528
35	272	5.98226
35	277	7.67981
35	288	7.49319
35	291	6.48741
36	101	3.87191
36	120	4.42547
36	152	4.21042
36	157	4.74395
36	178	4.73871
36	205	5.49841
36	224	4.65351
36	244	4.89541
36	246	6.76136
36	270	6.52179
36	274	6.61733
36	289	6.96673
36	296	6.8324
36	297	6.80762
36	299	7.16256
37	12	3.06941
37	43	3.08312
37	120	3.7731
37	122	4.18171
37	127	3.91622
37	241	5.68355
37	250	6.30522
37	266	5.80107
37	267	5.03755
37	272	7.01939
37	280	7.22455
37	284	6.77153
37	285	6.13759
37	288	6.17397
37	300	7.41403
38	3	3.84574
38	11	1.23633
38	23	4.0039
38	31	3.53417
38	34	3.90923
38	61	4.34482
38	77	4.57644
38	105	4.724
38	149	5.63062
38	222	4.57151
38	281	6.46318
38	289	7.37791
38	296	7.24358
38	298	8.84004
38	299	7.57374
39	23	2.93555
39	31	3.3923
39	89	2.1925
39	117	6.11969
39	153	2.96064
39	247	6.02349
39	250	5.51862
39	255	5.65163
39	256	6.30846
39	271	6.37075
39	287	6.42916
39	291	6.58359
39	293	7.42937
39	296	7.10171
39	300	7.72914
40	2	3.93938
40	166	5.46985
40	167	4.47731
40	180	5.56878
40	226	5.30324
40	234	5.50702
40	235	5.64319
40	253	5.69127
40	256	4.74108
40	259	5.8774
40	261	5.48982
40	264	5.74084
40	271	6.0566
40	273	6.40102
40	276	7.02396
41	32	3.59156
41	85	3.05432
41	95	5.38631
41	113	6.37064
41	161	2.2835
41	179	5.72173
41	192	5.9
41	214	5.48041
41	220	5.15882
41	249	6.21139
41	260	5.30973
41	267	6.45492
41	278	6.64816
41	281	7.26922
41	284	6.1053
42	4	2.55664
42	34	4.18827
42	110	4.47284
42	132	3.8383
42	136	5.01324
42	139	5.08656
42	204	6.24602
42	225	5.39587
42	256	6.16699
42	263	6.31975
42	269	6.26789
42	283	6.93148
42	292	6.97417
42	293	7.28789
42	300	7.58767
43	51	3.39514
43	116	6.893
43	145	3.53873
43	146	4.03065
43	155	3.94701
43	165	3.7017
43	168	3.09839
43	183	3.52794
43	199	5.13563
43	216	5.75423
43	249	5.75849
43	279	6.65741
43	288	7.13844
43	296	7.58572
43	299	7.46948
44	64	5.34231
44	66	4.93519
44	74	4.52263
44	87	5.00346
44	163	3.96836
44	164	3.44302
44	243	7.1227
44	253	5.16031
44	269	4.95149
44	282	7.83237
44	290	5.78709
44	291	5.6881
44	295	6.09161
44	296	6.20622
44	298	6.27213
45	50	2.97132
45	81	3.12538
45	93	4.39736
45	107	4.46394
45	120	4.55516
45	195	5.65953
45	202	5.03922
45	205	5.6281
45	226	6.11748
45	229	5.33594
45	236	6.39723
45	237	5.55649
45	270	6.65147
45	274	6.74701
45	275	6.42776
46	9	3.89484
46	85	3.13096
46	88	5.32986
46	126	4.82381
46	144	5.08082
46	204	4.80531
46	208	5.81501
46	214	5.55705
46	225	6.52313
46	232	4.54281
46	239	6.03898
46	268	5.91202
46	277	5.93501
46	281	7.34586
46	290	7.84638
47	1	4.10107
47	60	3.53703
47	79	3.74806
47	98	5.26474
47	101	4.3006
47	111	3.01977
47	126	4.64855
47	149	5.84917
47	169	4.66644
47	221	5.10511
47	226	5.53876
47	231	5.18765
47	271	6.56142
47	293	7.07723
47	298	9.05859
48	52	4.47374
48	67	4.39962
48	109	5.13137
48	174	4.45
48	217	6.34259
48	225	5.27076
48	228	3.66032
48	230	4.42135
48	233	6.06977
48	240	6.99163
48	248	5.95837
48	253	5.96724
48	269	7.18189
48	288	7.28679
48	299	7.3433
49	10	2.9889
49	43	4.33645
49	83	6.50836
49	159	3.89118
49	184	4.92642
49	191	5.54407
49	211	4.93665
49	216	6.27275
49	243	4.314
49	250	5.21217
49	260	6.66833
49	271	6.11468
49	279	7.17592
49	298	6.86117
49	299	7.988
50	8	3.93529
50	34	3.62441
50	105	3.44429
50	176	2.78924
50	189	4.29099
50	195	6.27286
50	210	6.51744
50	232	5.91062
50	242	6.43818
50	249	6.85216
50	258	5.90424
50	262	5.6695
50	267	7.25561
50	287	6.39353
50	297	6.93398
51	26	3.2793
51	49	4.39408
51	108	3.83631
51	125	4.9286
51	144	3.80107
51	191	4.69087
51	221	5.37623
51	223	4.34222
51	247	6.4349
51	257	6.15411
51	262	6.513
51	279	6.32273
51	294	7.21422
51	296	7.25104
51	300	8.1624
52	1	3.66377
52	8	3.68737
52	23	3.78515
52	88	4.25806
52	98	4.82744
52	136	4.68432
52	173	5.76689
52	185	5.29506
52	215	5.38388
52	233	6.28521
52	247	5.65713
52	252	7.1459
52	255	5.73551
52	281	6.4133
52	295	7.07911
53	38	4.46479
53	47	4.91318
53	48	3.87536
53	74	3.51715
53	90	3.30377
53	118	5.49851
53	127	6.05526
53	141	4.49941
53	169	3.8122
53	240	6.79012
53	247	5.24018
53	251	7.86937
53	269	6.98038
53	288	7.08528
53	294	7.61023
54	10	4.69833
54	14	3.82304
54	26	3.21957
54	61	2.90549
54	69	4.45341
54	143	4.73554
54	168	7.17367
54	208	5.00288
54	210	6.34863
54	213	5.49199
54	231	5.39905
54	242	6.26938
54	249	6.68336
54	267	7.0868
54	278	6.01263
55	51	3.08625
55	108	3.2095
55	129	3.40472
55	148	5.5152
55	174	5.55518
55	194	7.23053
55	227	5.58143
55	228	3.66636
55	231	4.96485
55	234	5.62323
55	257	5.66019
55	258	5.96467
55	265	7.12263
55	275	6.91627
55	286	7.81554
56	87	3.67703
56	91	3.58366
56	135	2.37206
56	136	4.67742
56	140	5.14989
56	159	5.46878
56	193	5.81998
56	213	5.22542
56	223	4.01591
56	232	5.45697
56	278	7.63897
56	281	8.26003
56	284	7.09611
56	292	7.65642
56	298	7.25272
57	6	3.37252
57	10	4.63212
57	46	4.68567
57	82	3.18742
57	150	3.24753
57	171	4.47582
57	179	4.0054
57	239	5.70918
57	241	6.26522
57	255	6.02597
57	284	7.39396
57	285	6.76003
57	287	6.8035
57	295	7.27258
57	297	8.047
58	64	4.54551
58	90	3.69251
58	95	4.6982
58	145	3.30352
58	198	5.10494
58	210	4.90762
58	219	5.55041
58	230	5.37702
58	234	6.09805
58	235	5.27671
58	236	6.07053
58	243	6.3259
58	259	6.15711
58	282	7.03557
58	296	7.49401
59	12	4.3012
59	13	4.80079
59	119	3.17628
59	140	5.42449
59	173	3.08406
59	175	5.68987
59	184	5.55372
59	195	5.76145
59	198	4.11164
59	203	6.28497
59	216	5.81384
59	226	5.75817
59	242	5.92677
59	249	6.34076
59	267	6.7442
60	28	1.81498
60	34	3.38923
60	94	4.14966
60	120	4.65804
60	121	4.51454
60	125	3.29494
60	172	5.00157
60	207	5.99734
60	238	6.31436
60	249	5.67896
60	266	6.68601
60	272	6.77658
60	287	7.08446
60	289	7.21696
60	300	8.29897
61	77	4.03632
61	124	3.98472
61	152	4.49636
61	174	4.5552
61	200	5.51058
61	217	6.23665
61	224	4.93945
61	227	5.67636
61	231	5.064
61	235	6.02436
61	266	6.15467
61	269	7.07596
61	283	6.219
61	288	7.18085
61	298	8.29992
62	91	3.67181
62	102	3.1308
62	132	4.54137
62	158	4.25808
62	162	5.26378
62	206	4.98349
62	219	5.5933
62	222	5.96332
62	245	5.52865
62	248	6.29641
62	254	5.53022
62	266	6.31129
62	293	7.11021
62	294	7.24214
62	299	7.60512
63	57	3.32037
63	96	4.16976
63	104	3.83549
63	179	3.73792
63	233	5.02688
63	250	5.5081
63	251	7.3175
63	254	5.34644
63	268	6.48322
63	273	5.97042
63	291	6.57307
63	292	7.2225
63	293	7.53623
63	297	7.77952
63	300	7.836
64	66	4.7686
64	71	4.32659
64	120	4.10466
64	180	3.0271
64	185	5.19766
64	197	4.10952
64	198	5.73515
64	199	4.50272
64	224	4.91741
64	230	6.00723
64	235	5.90692
64	248	6.04153
64	259	6.78732
64	285	6.46916
64	291	6.57819
65	30	4.68335
65	31	3.46705
65	78	4.6895
65	99	4.05439
65	148	5.45435
65	157	4.47752
65	172	4.19135
65	191	4.64145
65	227	5.52058
65	231	5.12212
65	258	6.12194
65	275	6.85542
65	278	5.73571
65	286	7.75469
65	291	6.65834
66	27	4.26431
66	87	4.60331
66	90	4.08915
66	126	3.68548
66	163	4.88933
66	169	4.06002
66	214	4.50498
66	219	5.18359
66	235	5.67335
66	242	4.74002
66	243	6.72255
66	259	6.55376
66	282	7.43222
66	290	6.70805
66	292	7.59679
67	35	3.27441
67	52	4.68268
67	53	3.9811
67	98	4.82094
67	187	4.88194
67	200	5.82545
67	227	5.03437
67	247	5.65063
67	265	6.5798
67	269	7.39083
67	288	7.49573
67	289	6.61068
67	294	6.44353
67	296	6.47636
67	300	7.12564
68	9	2.64637
68	44	4.94179
68	71	3.93708
68	90	3.9332
68	111	4.5382
68	140	4.98012
68	192	4.73491
68	235	5.5174
68	240	5.1647
68	243	6.56659
68	260	6.8901
68	265	7.12047
68	269	5.7623
68	282	7.27626
68	292	7.48664
69	11	2.10291
69	98	4.02052
69	104	4.01576
69	117	2.88583
69	159	5.2061
69	218	4.97998
69	237	7.24724
69	243	5.62892
69	251	5.10122
69	252	4.83607
69	253	6.02878
69	265	5.51353
69	275	6.71722
69	285	6.71458
69	295	7.63638
70	23	3.41368
70	39	2.93375
70	137	3.95968
70	140	4.15396
70	157	4.88089
70	165	5.20327
70	193	4.68734
70	236	5.90835
70	242	5.19267
70	254	6.07408
70	255	6.12163
70	257	6.35215
70	261	6.41554
70	280	6.98768
70	289	7.22289
71	58	3.58869
71	66	4.31117
71	111	4.47029
71	137	5.12405
71	145	3.31388
71	177	3.95296
71	194	3.70534
71	197	4.51759
71	220	6.13852
71	243	6.49868
71	259	6.32989
71	272	6.41616
71	282	7.20835
71	293	7.33962
71	298	7.57029
72	14	3.28029
72	17	4.23855
72	54	2.87108
72	106	2.83041
72	121	3.77548
72	166	6.28357
72	180	6.38249
72	207	4.86918
72	212	5.89287
72	263	5.70776
72	273	7.21474
72	276	7.83767
72	281	6.13023
72	297	6.88585
72	298	6.97654
73	27	3.12456
73	60	4.00501
73	81	3.72496
73	126	3.49801
73	199	4.34612
73	215	5.01136
73	232	5.89157
73	238	6.42072
73	245	6.21265
73	257	6.45256
73	272	6.88293
73	280	7.08809
73	285	6.31256
73	290	7.53199
73	297	6.91493
74	44	4.88786
74	68	4.02353
74	87	4.39342
74	125	4.80996
74	148	3.38479
74	165	5.01791
74	198	5.2917
74	210	4.80809
74	219	5.45089
74	235	5.46347
74	243	6.51266
74	248	6.33971
74	259	6.34387
74	276	6.11366
74	300	8.04377
75	22	3.17061
75	24	2.86467
75	98	3.2201
75	104	4.5958
75	118	5.16519
75	150	3.74035
75	164	4.54655
75	185	4.31241
75	204	6.03314
75	238	6.1452
75	244	6.29539
75	273	6.18897
75	284	7.31652
75	287	7.29633
75	293	8.29653
76	22	1.94534
76	33	4.25806
76	77	4.5448
76	116	6.66061
76	118	5.35228
76	135	7.64013
76	155	3.98867
76	225	5.17923
76	271	6.01265
76	283	6.71484
76	285	6.86968
76	288	6.90605
76	293	7.07126
76	297	7.31455
76	300	7.37104
77	7	4.2873
77	47	5.15155
77	53	3.80904
77	65	3.66699
77	101	3.68473
77	105	4.32668
77	114	4.51585
77	124	4.12752
77	181	4.55666
77	184	6.20883
77	191	5.5815
77	196	6.4116
77	255	6.65831
77	262	6.82725
77	269	7.21876
78	16	3.35763
78	110	4.9509
78	156	5.18298
78	159	4.14168
78	204	5.76915
78	227	5.3143
78	230	4.45396
78	240	5.19343
78	244	5.10876
78	246	4.35392
78	260	6.91883
78	266	6.69361
78	271	6.36518
78	275	6.64914
78	286	7.54841
79	6	3.29269
79	20	2.60782
79	48	3.07882
79	150	3.16769
79	185	3.73974
79	194	3.99323
79	201	5.54771
79	213	5.83087
79	255	5.94614
79	256	6.60297
79	279	7.03598
79	287	6.72367
79	293	7.72387
79	295	7.67766
79	297	7.96716
80	6	3.18646
80	10	3.98319
80	46	4.03674
80	54	5.91346
80	105	3.22377
80	122	3.88077
80	168	7.61462
80	195	6.54501
80	196	5.03333
80	201	4.49369
80	210	6.78959
80	218	5.70454
80	259	5.87848
80	267	7.52776
80	270	5.88936
81	5	3.99836
81	26	3.71486
81	100	4.57088
81	135	8.09198
81	144	4.76398
81	157	4.37073
81	166	4.93625
81	178	4.3655
81	205	5.12519
81	237	5.05359
81	246	6.38815
81	264	6.95235
81	270	6.14857
81	274	6.24411
81	291	7.43056
82	42	2.38038
82	88	4.881
82	102	3.72655
82	132	4.04141
82	155	4.40842
82	179	3.6927
82	190	5.00054
82	225	5.59898
82	265	7.9201
82	278	6.3759
82	287	6.4908
82	288	7.22588
82	292	7.17728
82	296	7.81665
82	300	7.79079
83	29	1.75599
83	70	6.12969
83	153	5.80366
83	154	3.45077
83	192	7.66261
83	201	7.70018
83	220	4.43492
83	239	5.23844
83	258	4.82583
83	260	4.58584
83	263	4.90876
83	277	5.13447
83	278	5.92426
83	281	6.54532
83	284	5.38141
84	97	4.08538
84	99	4.47432
84	122	5.02839
84	134	4.50417
84	178	4.83032
84	182	4.43975
84	184	4.24836
84	209	5.99058
84	212	5.80662
84	226	6.18264
84	229	5.80991
84	245	7.15881
84	255	6.42767
84	296	7.42617
84	299	7.30994
85	77	4.66395
85	84	4.39797
85	94	4.41434
85	191	5.08096
85	204	5.30488
85	217	4.72551
85	232	5.04238
85	240	5.76365
85	263	6.20887
85	267	5.88878
85	277	6.43458
85	278	7.22438
85	281	7.84544
85	284	6.68152
85	297	7.5912
86	71	3.91345
86	96	3.8677
86	147	4.20614
86	187	3.79341
86	199	5.26286
86	236	5.30166
86	254	5.46738
86	261	5.80885
86	272	6.17582
86	280	6.38099
86	282	6.33409
86	289	6.6162
86	290	6.82488
86	294	7.82362
86	300	8.50573
87	56	3.27253
87	64	4.96657
87	74	4.14689
87	89	5.33212
87	90	4.11356
87	182	4.53296
87	183	6.08297
87	197	4.72092
87	229	5.22293
87	230	5.79808
87	242	5.32054
87	259	6.57817
87	269	6.45298
87	270	6.85882
87	282	7.45663
88	19	3.79175
88	69	3.17573
88	95	3.07699
88	138	5.08432
88	139	4.06771
88	197	5.42302
88	214	5.46243
88	257	6.72563
88	263	6.88176
88	264	5.92222
88	265	5.2149
88	285	6.41595
88	286	7.34921
88	295	7.33775
88	297	8.05986
89	7	2.27701
89	128	3.6469
89	129	3.42415
89	143	5.29311
89	157	5.74877
89	179	3.29003
89	203	7.27128
89	216	6.80015
89	244	5.08719
89	271	6.02972
89	283	6.73192
89	290	8.02858
89	292	6.77461
89	297	7.33162
89	300	7.38811
90	86	3.93638
90	115	5.7102
90	137	5.06109
90	183	5.77174
90	197	4.22574
90	200	4.09941
90	225	5.47014
90	230	5.48685
90	243	6.43573
90	251	7.43883
90	257	5.85352
90	259	6.26694
90	264	6.2162
90	282	7.1454
90	290	6.79339
91	24	2.46096
91	82	3.27654
91	83	7.36326
91	86	4.374
91	92	3.76768
91	104	4.19208
91	148	3.64046
91	155	4.81023
91	203	6.47372
91	225	6.00079
91	276	6.36933
91	277	7.24599
91	281	6.86975
91	293	7.89282
91	300	8.1926
92	7	2.98366
92	24	2.36312
92	29	4.23262
92	39	2.91246
92	43	4.55715
92	51	4.30584
92	65	3.78925
92	75	4.33149
92	174	5.67563
92	244	5.79384
92	249	6.26804
92	290	7.81964
92	293	7.79499
92	297	8.03828
92	300	8.09476
93	36	3.85485
93	120	4.75701
93	177	3.46202
93	178	5.07025
93	205	5.82995
93	237	5.75834
93	249	5.0427
93	261	5.76608
93	270	6.85332
93	272	5.92522
93	274	6.94886
93	284	7.02021
93	286	6.27801
93	288	6.42265
93	289	7.14776
94	15	3.52565
94	27	3.10733
94	55	3.14902
94	107	4.5359
94	122	4.02802
94	205	5.51169
94	209	5.22561
94	224	5.46
94	236	5.99154
94	254	6.15726
94	262	6.6034
94	288	7.30189
94	289	7.30608
94	290	7.51477
94	300	8.54195
95	21	3.50598
95	88	2.96074
95	114	5.19903
95	117	2.76905
95	130	3.53931
95	203	4.31696
95	215	6.23639
95	218	4.86319
95	235	7.07076
95	253	5.91199
95	265	5.39675
95	277	7.76058
95	285	6.5978
95	287	7.59951
95	295	7.5196
96	75	4.7876
96	91	4.27528
96	132	4.80149
96	144	4.24078
96	155	5.1685
96	170	4.37531
96	171	4.92321
96	189	4.7577
96	191	4.89045
96	224	5.24658
96	249	5.45474
96	251	7.65178
96	287	7.25089
96	292	7.93737
96	294	7.39264
97	10	2.603
97	108	4.30361
97	119	3.64465
97	142	2.71471
97	146	4.16327
97	147	5.06561
97	162	4.67099
97	184	4.54052
97	191	5.15817
97	230	5.33798
97	259	7.07
97	260	7.80285
97	262	6.9803
97	295	7.81517
97	296	7.71834
98	23	3.81285
98	67	4.64276
98	69	4.36562
98	149	5.43957
98	160	5.75671
98	168	2.73476
98	185	5.46694
98	200	5.85965
98	226	5.66237
98	227	5.92361
98	247	5.68483
98	268	6.75762
98	280	5.82949
98	284	7.37238
98	288	7.52993
99	16	2.89538
99	27	4.90641
99	30	4.01482
99	98	3.67964
99	119	4.86582
99	171	5.16421
99	194	6.50115
99	199	4.87201
99	223	6.52517
99	231	5.71495
99	238	6.60474
99	244	5.83229
99	275	6.18689
99	286	7.08616
99	300	8.41857
100	62	4.0962
100	67	2.22351
100	89	5.41047
100	109	5.90428
100	122	4.92857
100	142	2.57099
100	158	4.55471
100	201	5.96373
100	219	5.88993
100	222	6.25995
100	226	6.08283
100	233	5.72175
100	245	5.82528
100	248	6.59304
100	283	6.88671
101	58	4.08831
101	109	6.1621
101	115	2.87686
101	123	7.34297
101	126	3.66102
101	145	5.67553
101	160	5.17878
101	173	5.21666
101	182	4.86912
101	193	5.15138
101	215	4.83365
101	233	5.73497
101	240	6.65683
101	247	5.10689
101	295	7.92927
102	59	3.27993
102	75	4.55091
102	103	3.13179
102	129	4.35022
102	163	4.18196
102	217	4.43982
102	218	6.29657
102	234	5.93432
102	238	6.16574
102	244	6.01326
102	264	6.33395
102	271	6.95579
102	293	8.0144
102	296	7.33028
102	297	8.25769
103	17	3.53238
103	25	5.01087
103	62	2.97551
103	94	4.09527
103	162	4.03812
103	166	5.5774
103	176	6.02827
103	196	5.59199
103	208	5.90933
103	212	5.18671
103	273	6.50857
103	274	6.53487
103	276	7.13151
103	298	7.36282
103	300	7.94619
104	63	3.39962
104	89	2.81564
104	92	3.92738
104	138	3.7652
104	160	4.47194
104	196	5.65533
104	246	4.66841
104	247	6.28202
104	261	6.11289
104	272	6.27202
104	285	6.73309
104	287	7.05231
104	293	8.05251
104	297	8.29581
104	300	8.35229
105	1	3.50593
105	35	4.50157
105	42	3.71308
105	72	2.77735
105	87	4.19373
105	124	4.14825
105	173	5.60905
105	175	4.60004
105	181	4.57739
105	236	6.28004
105	240	7.04923
105	251	7.92983
105	288	7.34439
105	298	8.46345
105	300	8.3528
106	28	6.7955
106	50	2.51499
106	112	6.30025
106	116	6.52815
106	128	5.66792
106	135	7.50768
106	142	6.98325
106	153	4.32388
106	188	4.2584
106	200	4.25126
106	208	4.91387
106	228	5.93655
106	240	5.51205
106	286	6.62895
106	292	7.83398
107	62	3.74608
107	153	3.65975
107	158	4.20459
107	194	4.00178
107	201	5.61361
107	206	4.93
107	219	5.53981
107	222	5.90983
107	223	4.62992
107	238	6.63628
107	245	5.47516
107	248	6.24292
107	277	7.39666
107	290	7.38169
107	294	7.76799
108	83	7.17855
108	92	4.82845
108	144	4.17098
108	182	4.63453
108	184	4.44314
108	189	4.84009
108	213	5.52104
108	231	6.06331
108	233	5.40114
108	264	6.46911
108	267	5.73824
108	274	6.70341
108	285	6.83829
108	294	7.58414
108	296	7.62096
109	8	5.07316
109	19	3.14312
109	40	3.67977
109	72	5.11439
109	87	5.06972
109	98	4.48985
109	100	5.2017
109	103	4.0373
109	141	5.43585
109	156	4.9623
109	206	6.75375
109	226	5.44035
109	234	5.64413
109	273	6.53813
109	276	7.16107
110	33	4.19858
110	55	5.09859
110	78	4.61542
110	82	4.5447
110	111	3.6855
110	119	5.46027
110	156	5.31518
110	168	3.27689
110	174	5.42025
110	227	5.4465
110	228	4.5549
110	261	6.66037
110	272	6.8195
110	275	6.78134
110	295	7.79312
111	7	3.40161
111	44	5.11385
111	68	4.24952
111	160	4.34251
111	210	4.64442
111	224	5.05192
111	230	5.78978
111	235	5.68946
111	243	6.73865
111	255	5.77261
111	259	6.56986
111	272	6.1426
111	282	7.44832
111	295	7.11621
111	300	7.8801
112	14	3.63084
112	36	2.19033
112	85	3.60491
112	106	4.91618
112	131	5.90112
112	142	8.39659
112	149	3.96576
112	177	3.70977
112	179	4.80079
112	188	5.67174
112	211	5.40258
112	216	5.61362
112	228	7.34989
112	273	6.14042
112	291	6.74307
113	44	2.48313
113	47	4.27791
113	79	5.12572
113	84	3.74786
113	121	5.48451
113	147	4.9179
113	151	5.67787
113	164	4.18368
113	184	4.39281
113	186	4.64375
113	195	6.45848
113	212	6.5404
113	229	5.95436
113	231	6.01298
113	299	7.45439
114	7	4.1247
114	21	3.29515
114	24	4.39025
114	32	3.8485
114	38	4.77617
114	61	4.02051
114	173	5.66133
114	181	4.62967
114	185	6.05526
114	210	5.36752
114	215	5.27832
114	236	6.53043
114	269	7.29177
114	288	7.39666
114	294	7.92109
115	53	3.01151
115	68	4.93715
115	83	6.44626
115	90	4.79288
115	111	5.39788
115	137	6.05164
115	230	6.4774
115	245	6.00609
115	248	5.67838
115	263	5.53028
115	270	5.88427
115	277	6.32899
115	279	5.97687
115	282	8.13594
115	289	6.86748
116	9	4.43475
116	12	2.56388
116	26	3.55876
116	39	4.58265
116	57	5.10301
116	67	3.66619
116	70	3.64363
116	76	5.28985
116	127	3.4107
116	179	6.76834
116	224	5.10816
116	243	6.74748
116	261	6.14689
116	289	6.95424
116	290	7.16293
117	89	6.83391
117	118	2.65258
117	119	4.92437
117	138	4.89412
117	154	5.92228
117	190	4.29801
117	197	5.23282
117	203	3.94491
117	218	4.49114
117	251	4.61238
117	257	7.85049
117	265	5.0247
117	273	8.08873
117	285	6.22575
117	295	7.14755
118	51	4.52861
118	123	2.47069
118	147	4.81123
118	189	5.79378
118	197	5.42543
118	203	4.13753
118	218	4.68376
118	251	4.805
118	253	5.73256
118	264	5.92463
118	269	7.20681
118	272	7.37333
118	285	6.41836
118	292	8.93115
118	295	7.34016
119	63	2.63104
119	65	5.12741
119	67	1.65849
119	112	2.88213
119	194	7.27872
119	199	5.64958
119	203	6.0446
119	221	5.08415
119	237	6.35809
119	250	5.63794
119	266	7.00892
119	275	6.96445
119	276	5.94021
119	286	7.86372
119	295	7.10643
120	5	4.73812
120	36	3.88986
120	45	4.18478
120	81	3.36224
120	145	3.75538
120	152	5.3239
120	169	4.87871
120	204	6.66927
120	214	5.32367
120	237	5.79335
120	246	7.12791
120	269	6.69115
120	270	6.88833
120	274	6.98387
120	293	7.78111
121	36	2.79383
121	47	3.52294
121	107	3.95998
121	120	4.87304
121	130	5.1544
121	158	4.42312
121	162	5.42882
121	201	5.83214
121	206	5.14853
121	219	5.75834
121	237	7.00175
121	245	5.69369
121	248	6.46145
121	281	7.08428
121	290	7.44555
122	70	3.81689
122	93	3.33649
122	167	3.81344
122	172	4.91212
122	178	4.96332
122	221	5.57454
122	224	5.28142
122	236	5.81296
122	246	5.32704
122	252	7.97107
122	261	6.32015
122	266	7.0552
122	275	6.62592
122	280	6.89229
122	296	8.01887
123	53	5.66186
123	68	4.62903
123	117	2.32099
123	139	3.8015
123	142	4.16845
123	192	3.51011
123	211	4.91263
123	241	8.26156
123	252	4.27123
123	253	5.46394
123	264	5.65601
123	265	4.94869
123	271	8.70294
123	285	6.14975
123	295	7.07154
124	3	3.2935
124	45	4.39619
124	48	3.95882
124	53	3.65412
124	91	4.23211
124	169	3.89566
124	185	5.93661
124	200	5.49847
124	233	5.95173
124	234	6.43931
124	240	6.87359
124	249	5.86453
124	284	7.84204
124	290	7.41613
124	298	8.28781
125	12	2.34641
125	94	3.66948
125	136	5.69276
125	144	5.01745
125	167	3.42271
125	224	4.89069
125	236	5.42223
125	245	7.47508
125	248	7.14737
125	253	7.15624
125	257	5.86603
125	261	5.92942
125	285	7.57499
125	289	6.73677
125	291	6.80155
126	66	3.06272
126	114	4.31024
126	124	3.92192
126	154	4.39195
126	184	5.77149
126	186	5.35219
126	215	4.99971
126	240	6.82289
126	250	6.09608
126	269	7.01316
126	274	6.91713
126	283	6.77982
126	286	6.94374
126	288	7.11805
126	298	8.23712
127	13	2.74749
127	26	3.5536
127	56	4.35023
127	58	4.82984
127	86	2.74506
127	125	3.02707
127	170	4.82679
127	187	4.12629
127	203	7.60897
127	207	5.72946
127	252	8.7376
127	257	6.07834
127	267	7.05821
127	272	6.5087
127	280	6.71387
128	11	6.53045
128	17	3.50512
128	28	7.8521
128	87	3.47987
128	111	2.76744
128	142	8.03985
128	146	4.55133
128	153	5.38048
128	180	2.92044
128	228	6.99315
128	239	5.31166
128	254	5.24491
128	283	6.09031
128	290	6.57052
128	299	7.31981
129	20	2.39946
129	42	2.90691
129	54	3.54435
129	55	2.84027
129	75	4.55404
129	106	3.50368
129	252	7.5361
129	265	7.68735
129	271	6.95892
129	287	7.01733
129	290	7.16478
129	292	7.70381
129	296	7.58391
129	297	8.26083
129	300	8.31731
130	25	5.81701
130	47	3.7613
130	88	3.10218
130	118	3.16608
130	189	5.43528
130	190	4.8115
130	194	4.30401
130	210	5.51665
130	220	6.73718
130	251	5.12588
130	264	6.24551
130	265	5.53819
130	282	6.58068
130	285	6.73924
130	295	7.66104
131	11	5.96498
131	42	3.61064
131	44	1.46455
131	100	4.22327
131	106	3.99398
131	112	6.79138
131	128	6.15905
131	148	3.59138
131	153	4.81502
131	199	5.00749
131	228	6.42769
131	250	6.01799
131	266	6.6374
131	278	6.16032
131	289	7.7354
132	14	4.47062
132	48	3.38752
132	76	2.73492
132	92	4.0072
132	133	3.69407
132	163	4.2999
132	170	5.05081
132	171	4.80446
132	214	5.47876
132	244	6.1312
132	252	8.05316
132	256	7.01144
132	278	6.66021
132	287	7.13214
132	297	8.37564
133	2	4.81964
133	17	4.30509
133	72	5.85754
133	109	4.91631
133	122	4.26346
133	152	5.04678
133	178	4.06538
133	212	5.95941
133	223	3.95004
133	226	6.1835
133	237	6.258
133	248	6.06616
133	259	6.26117
133	292	7.59055
133	299	7.45109
134	56	3.04507
134	72	2.55407
134	84	4.07872
134	113	4.40322
134	161	6.09758
134	163	5.24239
134	186	4.97461
134	224	5.30135
134	231	6.34384
134	247	6.40202
134	250	5.89715
134	279	6.97317
134	289	7.61457
134	294	7.86466
134	299	7.78525
135	41	1.34421
135	75	6.01834
135	130	7.52127
135	147	6.58124
135	154	3.47794
135	193	4.13244
135	214	4.78368
135	220	4.46209
135	232	3.76944
135	258	4.853
135	260	4.61301
135	263	4.93593
135	268	5.13865
135	278	5.95143
135	281	6.57249
136	129	4.53885
136	137	4.53316
136	141	5.00966
136	144	4.05529
136	147	4.85253
136	182	4.51884
136	205	5.77234
136	209	6.06967
136	213	5.40535
136	222	5.48124
136	229	5.88899
136	254	6.40856
136	262	6.76722
136	289	8.28764
136	299	7.38903
137	8	4.0306
137	50	2.68755
137	66	4.83687
137	68	4.53525
137	71	4.39486
137	86	4.26079
137	111	4.99599
137	198	5.80342
137	235	5.97519
137	259	6.85559
137	266	6.57326
137	270	6.68805
137	274	6.7749
137	283	6.63759
137	291	7.01882
138	17	4.06961
138	69	4.3923
138	88	3.99545
138	101	4.59365
138	192	4.99288
138	196	5.84923
138	203	5.35168
138	210	4.96775
138	229	5.06937
138	234	6.15819
138	251	6.01915
138	252	5.754
138	265	6.43147
138	268	6.94618
138	298	7.62006
139	20	3.00642
139	48	3.47743
139	101	5.23038
139	118	3.50306
139	130	4.01775
139	154	4.90366
139	207	6.14942
139	211	5.83911
139	218	5.34162
139	251	5.46286
139	252	5.19772
139	261	6.94353
139	264	6.5825
139	294	8.15805
139	295	7.99803
140	12	2.7705
140	60	3.84256
140	73	3.99946
140	99	5.03141
140	122	3.88281
140	158	6.48305
140	172	4.94548
140	182	5.26821
140	184	6.53528
140	187	4.33808
140	246	5.75112
140	272	6.72049
140	287	7.87773
140	290	7.36955
140	291	7.22564
141	55	4.78312
141	92	5.15707
141	99	3.66484
141	112	3.45517
141	119	5.1448
141	148	5.0648
141	156	4.99971
141	171	5.18899
141	215	5.86571
141	223	6.80415
141	227	5.13103
141	241	6.67211
141	275	6.46587
141	277	7.3899
141	292	8.26367
142	33	3.67669
142	120	3.92382
142	131	5.85965
142	134	3.12425
142	153	5.69575
142	186	4.58849
142	188	5.63026
142	207	4.87401
142	208	4.46496
142	228	7.30842
142	231	4.86112
142	239	5.23747
142	244	4.97847
142	253	5.86956
142	287	6.35024
143	8	3.1386
143	13	4.5155
143	46	5.08756
143	54	4.84461
143	80	5.76113
143	131	4.16188
143	168	6.54577
143	195	5.47616
143	221	5.65219
143	235	6.69509
143	239	6.11107
143	249	6.05546
143	258	6.73455
143	267	6.45891
143	292	8.25868
144	4	4.29293
144	61	3.22432
144	151	4.83043
144	189	4.75461
144	191	4.97531
144	196	4.73837
144	200	4.65911
144	213	5.43556
144	235	6.67824
144	262	6.79744
144	279	6.60716
144	287	7.20699
144	288	7.18144
144	298	7.83813
144	299	7.41924
145	2	2.62671
145	3	4.15563
145	13	1.27563
145	107	3.95678
145	149	5.94051
145	160	6.25765
145	161	5.93089
145	210	4.72716
145	254	5.5688
145	261	6.0662
145	262	6.02429
145	264	6.31722
145	274	6.55151
145	288	8.03087
145	298	9.14993
146	55	3.45023
146	66	3.57743
146	97	4.12979
146	107	4.8371
146	134	4.54858
146	147	4.81785
146	157	5.49493
146	158	6.23396
146	189	4.68972
146	191	4.91042
146	274	7.43184
146	294	7.43376
146	295	8.07927
146	296	7.47058
146	299	7.35435
147	37	2.33636
147	95	4.72287
147	164	4.58552
147	165	4.08845
147	168	2.88785
147	189	5.1916
147	195	5.3575
147	196	5.17536
147	201	5.27412
147	209	6.53688
147	250	5.93559
147	252	7.47087
147	279	7.04416
147	294	7.93565
147	297	7.4939
148	24	3.78207
148	27	4.48286
148	119	5.51074
148	139	4.90968
148	141	4.69726
148	160	4.45743
148	188	4.12237
148	194	7.14608
148	211	5.48713
148	241	6.22378
148	245	6.61867
148	266	6.87628
148	275	6.83181
148	286	7.73109
148	295	7.23113
149	36	2.65667
149	48	4.49391
149	49	2.67425
149	53	4.18922
149	54	3.68796
149	168	3.09669
149	189	5.05975
149	191	5.1925
149	200	6.03356
149	228	4.37469
149	247	5.85874
149	287	7.16229
149	288	7.70384
149	297	7.70274
149	298	8.8229
150	15	4.6532
150	22	2.28348
150	111	4.49785
150	129	3.74521
150	151	5.77828
150	182	5.54532
150	185	3.42527
150	230	6.12827
150	231	6.66573
150	244	5.40825
150	255	5.63166
150	256	6.28849
150	283	7.05298
150	293	7.40939
150	300	7.70917
151	33	4.26612
151	44	1.77037
151	62	3.5855
151	78	4.68296
151	105	4.39242
151	141	4.71432
151	164	5.1437
151	174	5.48779
151	183	3.70561
151	214	5.28469
151	223	7.18716
151	227	5.51404
151	247	6.82868
151	286	7.74815
151	294	7.87407
152	2	4.08279
152	17	3.56824
152	55	3.34462
152	109	4.17946
152	133	5.46147
152	181	5.54031
152	183	3.88698
152	212	5.22256
152	221	5.95138
152	234	5.65043
152	244	6.15127
152	265	8.19171
152	273	6.54443
152	276	7.16736
152	297	8.06349
153	11	5.8248
153	28	7.14645
153	106	3.8538
153	131	4.83874
153	142	7.3342
153	152	4.62469
153	188	4.60935
153	205	4.86569
153	210	4.66027
153	228	6.28751
153	246	4.55483
153	253	6.20076
153	266	6.28299
153	293	7.08191
153	299	7.57682
154	14	2.91593
154	29	3.58008
154	90	3.36888
154	110	4.65838
154	159	5.57817
154	161	3.38369
154	204	5.82885
154	220	6.25901
154	233	5.64385
154	252	7.66036
154	259	6.84839
154	262	6.4189
154	277	6.95855
154	281	8.36941
154	296	7.70816
155	39	3.38951
155	45	4.00673
155	91	4.29622
155	163	4.43959
155	170	4.39564
155	182	4.27105
155	230	4.854
155	255	6.4943
155	256	7.15113
155	270	6.59691
155	271	7.21342
155	273	6.32503
155	289	7.58012
155	290	7.02666
155	300	8.57181
156	55	5.14768
156	65	4.99339
156	66	2.92059
156	84	4.31903
156	99	4.0294
156	117	6.55501
156	123	6.83613
156	135	7.68034
156	148	5.42936
156	199	5.51556
156	219	5.59344
156	223	7.16871
156	243	5.05578
156	266	6.8749
156	280	6.00093
157	1	4.77943
157	5	4.78672
157	81	3.41084
157	171	5.36492
157	173	3.59266
157	193	5.07751
157	202	5.32468
157	205	5.91355
157	209	5.30295
157	226	6.26677
157	237	5.84195
157	267	6.2428
157	270	6.93693
157	274	7.03247
157	276	6.68918
158	81	5.15074
158	100	4.42442
158	101	5.405
158	103	4.16701
158	121	4.31678
158	160	5.4772
158	162	5.31268
158	188	5.14213
158	206	5.03238
158	219	5.64219
158	222	6.01221
158	245	5.57755
158	248	6.3453
158	266	7.40182
158	280	6.8294
159	31	3.9367
159	42	3.87041
159	124	4.68306
159	135	2.57323
159	175	4.75737
159	180	3.79164
159	193	6.02115
159	196	6.15593
159	213	5.89946
159	228	4.50802
159	260	6.50171
159	268	7.02736
159	277	7.05034
159	284	7.29728
159	298	7.92676
160	24	4.33025
160	60	4.18896
160	67	4.91125
160	81	4.67916
160	96	3.90517
160	101	4.15949
160	124	4.60228
160	137	4.27376
160	157	5.19497
160	164	5.13072
160	181	5.03142
160	215	5.68007
160	262	6.60465
160	270	7.04503
160	298	8.91747
161	5	3.68018
161	56	3.59699
161	200	5.61315
161	217	5.8358
161	229	6.24149
161	232	4.44451
161	239	5.94069
161	256	6.73018
161	260	5.28808
161	263	5.611
161	277	5.83671
161	278	6.62651
161	279	7.96998
161	281	7.24757
161	284	6.08365
162	15	3.60336
162	41	4.61793
162	96	3.68147
162	100	4.96305
162	121	4.85542
162	189	5.00246
162	190	4.85411
162	201	6.25463
162	204	6.39362
162	206	5.57102
162	211	5.81162
162	222	6.55085
162	245	6.11618
162	248	6.88394
162	300	8.3195
163	3	4.53095
163	42	2.70363
163	76	2.41683
163	79	3.48727
163	90	3.8774
163	127	6.62888
163	177	4.66527
163	256	6.69335
163	262	6.92742
163	271	6.75564
163	286	7.48126
163	287	6.81405
163	292	7.50053
163	298	8.2826
163	300	8.11403
164	43	3.73965
164	138	4.35397
164	143	4.79442
164	186	4.58056
164	196	4.71032
164	204	6.67242
164	208	5.49852
164	229	5.89116
164	242	5.56185
164	257	6.59002
164	262	6.76939
164	279	6.57912
164	281	7.16861
164	294	7.47061
164	296	7.50743
165	5	3.09596
165	18	3.30526
165	22	5.69593
165	124	4.96425
165	146	3.69991
165	229	5.63871
165	231	5.69733
165	237	7.27911
165	262	6.51694
165	268	7.53407
165	273	7.02127
165	282	6.61968
165	294	7.21816
165	296	7.25498
165	299	7.13874
166	2	4.69351
166	16	4.25145
166	19	3.76014
166	45	4.39731
166	69	4.83641
166	80	2.52944
166	133	6.0722
166	168	3.20555
166	202	5.26907
166	207	5.79493
166	208	6.55591
166	226	6.05737
166	234	6.26115
166	257	6.47738
166	289	7.97071
167	9	4.48769
167	37	3.98238
167	75	3.99147
167	100	4.82688
167	146	5.76635
167	181	5.65673
167	187	4.1844
167	250	5.85264
167	260	8.07776
167	261	6.19983
167	263	7.00181
167	269	6.94995
167	289	7.00718
167	290	7.21587
167	291	7.07196
168	21	5.38432
168	59	5.39958
168	75	2.83731
168	96	3.06177
168	108	3.24084
168	175	6.48448
168	186	4.72355
168	204	5.77392
168	232	6.00239
168	248	5.99574
168	249	7.13536
168	252	7.00272
168	260	6.92359
168	267	7.5388
168	297	7.02574
169	70	3.9479
169	145	5.7573
169	149	4.94341
169	190	4.94682
169	196	6.05802
169	201	5.51838
169	220	6.39708
169	227	6.32096
169	240	6.7386
169	247	5.18866
169	256	5.76685
169	269	6.92886
169	277	7.35877
169	288	7.03376
169	298	8.15283
170	4	2.81654
170	37	4.61996
170	45	4.34346
170	60	4.32646
170	116	4.12252
170	137	4.16237
170	147	4.13222
170	165	5.40596
170	241	5.86854
170	256	5.78644
170	271	7.10195
170	280	7.40955
170	286	7.0471
170	289	7.64476
170	290	7.85345
171	42	2.9648
171	54	3.98975
171	71	4.08631
171	150	3.51924
171	155	4.99283
171	179	4.27712
171	183	3.82803
171	211	6.1707
171	219	6.08571
171	271	7.01681
171	275	6.63636
171	277	7.62514
171	283	7.71901
171	292	7.7617
171	300	8.3752
172	15	3.82005
172	37	4.57568
172	87	4.3019
172	140	4.53155
172	155	4.02946
172	167	4.28642
172	174	5.24854
172	176	3.64216
172	187	4.77769
172	238	6.69789
172	261	6.79313
172	270	6.96279
172	271	7.13111
172	290	7.80917
172	292	8.28129
173	52	5.03666
173	67	4.96254
173	84	3.85135
173	114	5.04189
173	136	4.55997
173	145	6.57324
173	160	6.07648
173	233	6.63268
173	247	6.0046
173	279	6.31307
173	287	6.50413
173	294	7.03653
173	295	6.95475
173	299	7.39951
173	300	7.71863
174	3	4.35836
174	41	4.99181
174	55	5.14375
174	59	3.99374
174	81	4.82934
174	133	3.6372
174	141	4.69194
174	173	3.66675
174	187	6.44968
174	192	5.76197
174	194	7.14076
174	199	5.51162
174	227	5.49166
174	266	6.87097
174	275	6.8265
175	2	3.06662
175	8	3.78486
175	13	5.16176
175	21	4.95069
175	122	4.89597
175	126	4.31176
175	128	2.95265
175	143	4.75391
175	210	6.367
175	214	5.13125
175	220	6.3876
175	242	6.28775
175	267	7.10517
175	275	6.36051
175	298	7.81937
176	36	2.15194
176	40	4.52402
176	99	3.81124
176	103	4.88155
176	133	6.29943
176	135	7.3661
176	158	5.26289
176	179	4.7624
176	180	6.55014
176	272	6.13458
176	273	7.38239
176	276	8.00533
176	280	5.6867
176	289	7.35712
176	293	7.05804
177	4	4.86729
177	51	3.91925
177	165	4.22581
177	171	4.90803
177	173	3.13577
177	182	5.12341
177	195	5.35193
177	206	5.68736
177	243	5.03185
177	258	6.45859
177	271	6.83254
177	294	8.07301
177	296	8.10983
177	299	7.9936
177	300	8.16239
178	45	4.2243
178	93	4.67374
178	104	3.69082
178	114	4.81952
178	202	5.3156
178	205	5.90448
178	208	5.33473
178	226	6.08201
178	237	5.83287
178	238	6.62069
178	243	5.30398
178	269	6.5305
178	270	6.92785
178	274	7.02339
178	286	7.04981
179	7	3.02093
179	82	3.21598
179	102	4.0678
179	115	2.93078
179	207	6.05634
179	211	6.23919
179	235	7.00382
179	241	6.97584
179	244	5.83112
179	246	5.40596
179	249	6.12706
179	287	6.83205
179	292	7.51854
179	297	8.07555
179	300	8.13204
180	100	3.89181
180	103	4.70224
180	152	4.96858
180	156	3.65241
180	167	5.00975
180	173	2.89227
180	208	6.60383
180	225	5.52723
180	227	5.82763
180	234	6.30907
180	273	7.20308
180	276	7.82601
180	290	6.85048
180	294	7.23678
180	298	7.33552
181	52	4.49207
181	79	4.54692
181	105	4.30814
181	108	4.23117
181	114	4.4973
181	121	4.9057
181	134	4.24963
181	178	4.9853
181	198	4.69109
181	217	6.36092
181	224	5.86196
181	233	6.0881
181	260	7.91392
181	288	7.30512
181	298	8.42418
182	4	4.49396
182	26	3.48022
182	113	4.23824
182	136	4.24204
182	146	4.18143
182	158	5.75413
182	169	4.64688
182	186	4.80963
182	236	6.29056
182	257	6.35504
182	261	6.46669
182	281	6.93364
182	294	7.69968
182	296	7.7365
182	299	7.62027
183	60	3.49857
183	74	4.69346
183	111	5.26514
183	133	2.79662
183	159	4.29945
183	198	6.07256
183	229	4.71875
183	233	5.13921
183	235	6.24433
183	259	7.12474
183	268	6.59555
183	282	8.0032
183	283	6.30418
183	287	6.6383
183	292	7.67313
184	5	3.28213
184	63	3.73822
184	164	4.18076
184	167	6.06835
184	172	5.34309
184	174	5.76507
184	177	5.27932
184	186	4.64083
184	196	4.7706
184	213	5.4678
184	223	5.15731
184	258	7.27369
184	279	6.6394
184	294	7.53089
184	296	7.56771
185	6	3.24136
185	59	4.28643
185	79	3.34556
185	80	3.02984
185	149	5.04136
185	162	5.07799
185	225	5.78052
185	227	6.8948
185	256	6.55164
185	263	7.13391
185	279	7.5805
185	283	7.31613
185	292	7.35882
185	293	7.67255
185	297	7.91584
186	72	3.17958
186	86	4.8296
186	108	4.28799
186	144	4.25274
186	165	3.8187
186	209	6.26712
186	213	5.6028
186	216	5.87123
186	225	6.36337
186	246	5.41392
186	279	6.77441
186	283	7.20641
186	286	7.37033
186	291	7.58764
186	299	7.58648
187	15	3.4015
187	35	2.59301
187	90	4.18095
187	127	3.63839
187	149	5.22481
187	194	4.7212
187	209	5.85318
187	224	5.33585
187	235	7.42626
187	250	6.02739
187	257	6.31119
187	261	6.37458
187	272	6.74156
187	283	7.62089
187	291	7.24671
188	11	5.68427
188	28	7.00592
188	38	3.19277
188	94	4.43533
188	112	6.51067
188	128	5.87834
188	131	4.69821
188	142	7.19368
188	153	4.53431
188	156	4.01976
188	216	5.9894
188	257	6.27796
188	268	7.029
188	291	7.11885
188	294	7.60414
189	49	4.92506
189	74	3.79952
189	97	4.44123
189	146	4.22695
189	147	5.12929
189	164	4.39507
189	191	5.22185
189	207	5.88398
189	212	5.84618
189	222	5.25335
189	225	6.18305
189	262	7.04398
189	268	7.31746
189	292	8.39504
189	299	7.66579
190	69	3.94307
190	95	3.84433
190	118	3.61012
190	138	5.85166
190	147	4.19577
190	218	5.44868
190	220	6.48022
190	231	5.79174
190	253	6.49748
190	264	6.68956
190	269	6.59135
190	274	7.08404
190	282	6.32372
190	288	7.2553
190	295	8.10509
191	21	3.33328
191	51	3.7076
191	92	5.35504
191	113	4.39992
191	144	4.44821
191	151	5.05025
191	181	5.44408
191	233	5.92773
191	244	6.05505
191	256	5.99595
191	262	7.16014
191	267	6.26484
191	279	6.96987
191	294	7.86136
191	296	7.89818
192	32	4.04553
192	117	2.96288
192	118	3.21847
192	184	6.24326
192	190	4.86389
192	211	5.55452
192	223	4.98004
192	227	6.70896
192	251	5.17827
192	252	4.91312
192	253	6.10583
192	260	8.02402
192	267	6.42374
192	285	6.79163
192	295	7.71343
193	16	4.15363
193	41	3.28937
193	46	3.40104
193	159	5.72641
193	161	3.53194
193	198	4.3888
193	204	5.9771
193	206	5.91281
193	225	5.99617
193	251	7.96487
193	261	6.49121
193	263	6.88109
193	277	7.1068
193	278	7.8966
193	288	7.14778
194	24	3.92842
194	53	3.77043
194	78	5.08105
194	97	4.35263
194	104	3.39767
194	115	2.32507
194	120	4.50044
194	128	2.69127
194	199	5.9321
194	223	7.58525
194	272	6.40386
194	279	6.7358
194	286	8.14625
194	289	7.62641
194	298	7.55799
195	8	3.67862
195	19	3.82472
195	34	4.78325
195	44	1.98108
195	50	5.68052
195	52	3.64252
195	78	3.45796
195	80	6.30116
195	110	5.06782
195	175	5.94461
195	192	5.83548
195	211	6.25899
195	242	6.18151
195	249	6.59549
195	267	6.99894
196	13	2.32692
196	28	2.53013
196	102	4.22067
196	153	4.22377
196	165	3.81523
196	177	5.41085
196	203	7.18841
196	209	6.26365
196	213	5.59933
196	216	5.86776
196	229	6.08298
196	232	7.3167
196	279	6.77093
196	281	7.58443
196	294	7.66242
197	45	4.24485
197	95	4.27176
197	117	3.78197
197	130	4.55223
197	192	4.97108
197	203	5.32988
197	206	5.85818
197	211	6.3736
197	252	5.73221
197	263	6.48105
197	274	6.92188
197	285	7.61072
197	286	6.9485
197	290	7.26479
197	294	7.65109
198	18	2.4431
198	87	4.78983
198	115	6.18353
198	137	5.53443
198	164	4.76012
198	183	6.24508
198	218	6.4896
198	230	5.96019
198	232	6.47518
198	236	6.09983
198	259	6.74028
198	275	6.13036
198	278	6.08256
198	282	7.61874
198	284	7.53009
199	23	3.67872
199	151	5.22041
199	156	5.19762
199	175	4.7414
199	188	4.62151
199	197	4.85809
199	223	7.00206
199	227	5.32894
199	236	6.4214
199	254	6.10013
199	260	7.71795
199	266	6.70825
199	275	6.66378
199	286	7.56305
199	289	7.9792
200	3	3.78726
200	47	5.49039
200	101	4.02357
200	132	4.86788
200	145	6.38604
200	160	5.88928
200	186	5.2745
200	209	4.93442
200	213	5.64008
200	217	6.7183
200	255	6.14327
200	262	6.31221
200	269	7.5576
200	270	6.75259
200	284	7.60826
201	49	2.96264
201	62	4.38051
201	67	2.45337
201	97	4.87646
201	107	4.37587
201	121	4.84882
201	192	5.73379
201	200	4.9028
201	206	5.56443
201	222	6.54425
201	242	5.62875
201	245	6.10959
201	248	6.87735
201	276	6.73509
201	284	8.0227
202	20	3.79836
202	45	4.13773
202	120	4.74497
202	139	5.42132
202	146	5.41905
202	150	6.26481
202	178	5.05821
202	215	5.92902
202	221	5.72049
202	237	5.74631
202	246	7.08086
202	260	7.73045
202	270	6.84129
202	274	6.93683
202	291	7.33926
203	40	3.26881
203	69	3.58325
203	73	3.65801
203	130	3.76498
203	192	4.18383
203	211	5.58635
203	217	5.59709
203	251	5.2101
203	252	4.94495
203	264	6.32973
203	267	6.76035
203	277	8.08339
203	285	6.82347
203	295	7.74527
203	296	8.48755
204	25	3.15939
204	29	3.5407
204	39	3.76297
204	83	2.23764
204	147	4.75874
204	151	5.46726
204	159	5.53879
204	206	6.5833
204	220	6.21963
204	223	5.23815
204	245	7.68199
204	260	6.37055
204	263	6.69347
204	268	6.89619
204	287	7.84382
205	5	4.90849
205	10	5.14108
205	20	4.01577
205	36	4.06022
205	71	3.95313
205	141	4.75248
205	180	3.82692
205	202	5.44645
205	237	5.96372
205	246	7.29827
205	262	6.60687
205	274	7.15424
205	280	6.36003
205	299	8.22629
205	300	8.54542
206	100	4.57453
206	107	3.99394
206	140	6.11459
206	158	4.45709
206	176	3.98198
206	183	3.95022
206	201	5.86611
206	214	5.5293
206	219	5.79231
206	222	6.16233
206	229	5.66673
206	245	5.72766
206	248	6.49542
206	299	8.48166
206	300	8.80078
207	19	3.75714
207	113	6.23854
207	116	4.30367
207	125	3.9039
207	133	3.64313
207	173	3.67269
207	194	4.25099
207	221	6.27295
207	238	6.92332
207	242	5.66286
207	243	5.56877
207	250	6.67136
207	254	6.67709
207	281	7.26962
207	291	7.89069
208	38	3.43715
208	52	3.40627
208	103	4.54833
208	125	5.29682
208	152	4.81467
208	166	6.118
208	169	4.81418
208	202	5.31404
208	212	5.7273
208	234	6.15517
208	246	5.18951
208	259	7.02157
208	276	7.6721
208	277	7.47718
208	292	8.35096
209	18	4.30301
209	58	3.80197
209	65	3.30801
209	116	6.92131
209	145	3.56703
209	164	4.86578
209	165	4.36872
209	182	5.26631
209	210	5.17114
209	213	6.15282
209	231	6.69509
209	255	6.29933
209	275	6.36458
209	293	7.59277
209	296	8.25273
210	30	3.27649
210	50	5.66904
210	59	4.84824
210	80	6.28968
210	132	5.06128
210	143	4.63619
210	168	7.07432
210	175	5.93313
210	185	5.89623
210	199	5.2013
210	224	5.61599
210	240	5.94255
210	249	6.58402
210	259	6.93511
210	296	7.79488
211	6	4.58542
211	8	4.63087
211	48	3.42376
211	88	3.69901
211	95	3.99711
211	112	3.79832
211	123	3.3884
211	203	5.05524
211	216	6.48965
211	264	6.84234
211	265	6.13502
211	275	6.74426
211	284	8.14399
211	285	7.33608
211	295	8.25787
212	31	4.31678
212	35	4.82424
212	72	5.319
212	108	4.21651
212	131	4.39901
212	133	5.65979
212	152	4.50824
212	187	6.43178
212	201	5.78164
212	208	6.1435
212	234	5.84874
212	273	6.74274
212	276	7.36568
212	280	6.49009
212	299	8.35635
213	6	4.53838
213	43	4.17184
213	51	3.74905
213	58	4.13461
213	68	3.33568
213	113	4.44136
213	118	5.94562
213	177	5.65123
213	216	6.10814
213	217	5.19971
213	231	6.38198
213	260	7.96324
213	279	7.01131
213	285	7.46302
213	299	7.82339
214	19	3.48567
214	30	3.26017
214	46	3.56527
214	77	4.82653
214	161	3.69617
214	191	5.24354
214	209	5.11151
214	227	6.33658
214	239	7.37501
214	258	6.9624
214	263	7.04532
214	277	7.27103
214	284	7.51797
214	287	7.21333
214	289	7.91289
215	22	5.60184
215	23	3.62753
215	63	3.45797
215	109	6.16618
215	149	5.25425
215	160	5.57139
215	200	5.67433
215	213	6.08656
215	217	6.40041
215	222	5.37588
215	240	7.04945
215	247	5.49951
215	268	7.43998
215	297	8.02317
215	298	8.46367
216	9	3.79793
216	63	3.57861
216	64	3.47447
216	108	4.5955
216	110	5.11881
216	143	5.014
216	164	4.62328
216	189	5.22937
216	196	5.21312
216	197	5.18181
216	209	6.57464
216	229	6.39396
216	248	7.11382
216	255	6.71039
216	299	7.894
217	27	4.78064
217	126	4.54658
217	134	3.8523
217	145	6.56109
217	157	4.94457
217	160	6.06433
217	177	4.0921
217	178	4.58796
217	200	6.16727
217	233	6.62053
217	237	6.78058
217	269	7.73265
217	276	6.36269
217	286	6.90809
217	293	7.47875
218	41	5.43306
218	60	4.78039
218	123	3.07534
218	130	3.96453
218	138	5.69139
218	139	4.67478
218	163	6.24749
218	179	6.02495
218	251	5.40965
218	253	6.33721
218	254	6.7406
218	264	6.52928
218	265	5.82197
218	279	7.72906
218	295	7.94482
219	25	5.75038
219	97	4.89696
219	100	4.80187
219	107	4.22128
219	121	4.69424
219	158	4.68443
219	162	5.69013
219	186	5.70944
219	201	6.09345
219	222	6.38967
219	245	5.955
219	264	7.04009
219	276	6.75559
219	280	6.50032
219	285	7.40926
220	28	2.46716
220	31	3.94279
220	124	5.12408
220	135	2.57931
220	161	3.48156
220	175	5.19839
220	209	5.63481
220	214	6.67847
220	222	5.62979
220	230	5.71007
220	240	6.44954
220	260	6.5078
220	268	7.03344
220	277	7.05642
220	284	7.30336
221	18	2.86934
221	125	3.68745
221	127	4.06591
221	131	4.32236
221	166	4.93712
221	170	5.48717
221	240	6.09722
221	244	6.01255
221	257	6.73871
221	264	6.95322
221	269	6.69482
221	289	7.60946
221	290	7.81814
221	291	7.67423
221	293	7.78479
222	62	4.38529
222	91	4.11039
222	121	4.85361
222	135	7.85685
222	148	3.70385
222	158	4.8438
222	206	5.56921
222	214	5.09134
222	219	6.17901
222	232	6.66541
222	244	5.77655
222	245	6.11437
222	248	6.88213
222	271	7.03297
222	297	7.68877
223	16	3.88976
223	88	4.63741
223	97	4.4336
223	106	3.49284
223	112	3.23416
223	141	5.04671
223	175	4.46958
223	242	5.18589
223	255	6.11486
223	258	6.51854
223	266	7.22573
223	273	6.45229
223	275	7.18127
223	286	8.08054
223	295	7.45845
224	33	4.68961
224	73	4.31702
224	150	6.33581
224	166	4.91595
224	176	3.75885
224	233	5.86407
224	235	6.8344
224	238	6.57584
224	254	6.32961
224	259	7.06861
224	272	7.03805
224	280	7.24321
224	289	7.47843
224	290	7.68711
224	298	7.99429
225	57	4.21009
225	65	3.61716
225	70	4.25164
225	91	4.45014
225	92	4.30081
225	96	5.05948
225	185	4.44182
225	187	6.47227
225	199	5.4731
225	246	5.37485
225	255	6.64821
225	270	7.21779
225	279	7.3104
225	283	8.06953
225	300	8.72572
226	19	3.33841
226	109	4.36846
226	113	6.27547
226	123	7.38605
226	152	4.49893
226	153	3.94588
226	159	5.18287
226	176	6.25313
226	208	6.13419
226	212	5.41156
226	234	5.83943
226	272	6.99873
226	274	7.32491
226	276	7.35636
226	291	7.56883
227	30	4.32788
227	80	2.89628
227	141	4.36539
227	149	4.9078
227	151	5.05658
227	156	5.03378
227	194	6.81421
227	243	5.72196
227	262	6.91396
227	266	6.54441
227	275	6.49994
227	285	7.57607
227	286	7.39922
227	290	7.78409
227	297	8.17844
228	93	2.67289
228	106	4.20365
228	112	7.00105
228	128	6.36872
228	131	5.18858
228	142	7.68405
228	167	5.09542
228	188	4.9592
228	201	5.11072
228	269	6.10055
228	271	6.6747
228	280	5.81918
228	287	6.79005
228	292	7.82489
229	32	3.63725
229	104	3.64825
229	130	5.03238
229	182	5.05831
229	184	4.86692
229	189	5.26387
229	216	6.21325
229	217	4.8522
229	241	6.62071
229	251	7.96897
229	262	7.3067
229	275	6.34971
229	288	7.15188
229	294	8.00791
229	296	8.04474
230	71	4.16882
230	115	6.07281
230	117	6.71972
230	137	5.4237
230	161	6.31908
230	183	6.13435
230	198	5.57738
230	235	5.74915
230	236	6.27826
230	249	5.73101
230	253	6.65584
230	261	6.45439
230	267	5.97454
230	282	7.50801
230	292	8.17135
231	43	4.31091
231	49	5.22173
231	97	4.7379
231	121	4.7895
231	136	4.58423
231	209	6.6431
231	212	5.84539
231	213	5.97878
231	216	6.24721
231	229	6.46242
231	238	6.7601
231	258	6.87012
231	276	6.64382
231	282	6.40228
231	295	7.81004
232	29	3.2781
232	72	3.49262
232	78	3.75915
232	86	5.14264
232	193	5.62739
232	204	5.52688
232	220	5.95703
232	239	6.76056
232	262	7.12953
232	265	8.52224
232	268	6.6336
232	275	7.02584
232	277	6.65658
232	281	8.06744
232	284	6.90352
233	39	3.28142
233	49	2.87423
233	77	4.55353
233	83	7.6406
233	119	3.64237
233	130	5.21721
233	169	4.42498
233	181	4.93107
233	215	5.57972
233	217	6.75386
233	249	5.95677
233	264	6.93117
233	284	7.93428
233	288	7.69806
233	298	8.81713
234	19	3.37245
234	109	4.4025
234	125	5.58247
234	133	5.68451
234	134	4.37577
234	139	5.73093
234	173	3.78964
234	180	5.93522
234	208	6.16823
234	226	5.66969
234	273	6.76747
234	276	7.3904
234	278	6.72623
234	287	7.60176
234	291	7.64887
235	13	2.26218
235	37	3.11778
235	46	5.59859
235	58	3.79354
235	87	4.5843
235	178	5.24455
235	183	6.03955
235	198	5.48257
235	202	5.73279
235	230	5.75466
235	243	6.70354
235	259	6.53475
235	273	7.17933
235	282	7.41321
235	295	8.1855
236	4	3.18164
236	70	4.29698
236	95	5.35181
236	115	2.98061
236	126	4.70593
236	170	5.4853
236	183	3.94634
236	209	5.48057
236	218	7.11392
236	221	6.05463
236	257	6.73684
236	280	7.37237
236	286	7.4122
236	289	7.60759
236	290	7.81627
237	12	5.24017
237	72	3.4742
237	93	4.60483
237	148	4.39068
237	155	4.61816
237	157	5.0811
237	170	5.35022
237	178	5.07587
237	192	6.11825
237	202	5.24669
237	205	5.83557
237	245	7.67331
237	246	7.09852
237	270	6.85894
237	274	6.95448
238	1	5.07176
238	29	4.25618
238	34	3.9526
238	60	4.46202
238	73	4.61892
238	85	4.60606
238	119	3.97721
238	125	3.85832
238	140	4.71139
238	170	5.65803
238	195	6.10116
238	221	6.22737
238	254	6.63151
238	281	7.48193
238	283	7.36299
239	14	3.24142
239	30	3.52854
239	32	5.01724
239	40	2.8282
239	64	3.35281
239	85	4.48
239	154	5.60035
239	214	6.90609
239	238	6.88239
239	256	6.05085
239	258	6.97541
239	259	7.18716
239	268	7.26106
239	276	6.76611
239	299	8.37709
240	1	4.08556
240	17	4.42958
240	61	4.54787
240	70	4.09907
240	101	4.2851
240	104	3.8197
240	111	3.69189
240	165	5.53755
240	169	4.65094
240	170	4.86396
240	173	6.18869
240	233	6.707
240	248	6.85934
240	293	7.74935
241	51	4.28069
241	82	4.8506
241	86	3.12039
241	116	3.80217
241	125	3.4024
241	139	5.77757
241	193	5.32113
241	207	6.10479
241	221	5.77145
241	228	4.8608
241	272	6.88403
241	281	7.43322
241	290	7.53309
241	291	7.38918
242	21	4.55863
242	50	5.3947
242	80	6.01534
242	127	6.08637
242	143	4.36185
242	151	4.73238
242	172	4.68906
242	195	5.73037
242	210	5.97495
242	251	7.90048
242	267	6.71312
242	268	7.0662
242	271	6.9936
242	298	7.74008
243	38	3.2148
243	44	5.42591
243	64	5.27032
243	66	4.8632
243	71	4.42119
243	73	2.82945
243	115	6.32518
243	183	6.38673
243	186	5.33202
243	196	5.95408
243	218	6.62529
243	239	5.981
243	268	7.05102
243	277	7.25483
244	69	4.85956
244	76	2.84819
244	96	4.87915
244	119	3.57441
244	150	3.68944
244	218	6.82583
244	225	6.35359
244	227	6.41755
244	237	6.9966
244	271	7.18701
244	275	6.46658
244	283	7.8892
244	293	8.24562
244	295	7.74493
245	11	2.27929
245	30	3.76815
245	100	4.55783
245	102	4.14238
245	125	5.70203
245	131	4.65936
245	162	5.44609
245	188	5.06318
245	201	5.84941
245	206	5.1658
245	219	5.77561
245	222	6.14563
245	248	6.47872
245	285	7.6594
246	45	4.55694
246	81	3.7344
246	93	5.00638
246	157	5.48265
246	206	5.70462
246	212	5.45111
246	229	5.04559
246	240	5.67804
246	270	7.26049
246	274	7.35603
246	275	6.13741
246	278	6.08961
246	282	6.008
246	300	8.17965
247	43	4.4653
247	66	3.53048
247	98	4.59408
247	103	3.94844
247	117	7.1649
247	124	4.07273
247	215	5.15052
247	217	6.32466
247	223	4.97602
247	238	6.98238
247	240	6.9737
247	269	7.16396
247	278	6.70617
247	298	8.38793
248	23	3.99825
248	49	3.11114
248	57	4.03869
248	62	4.28038
248	91	4.56126
248	107	4.27574
248	148	4.15472
248	162	5.74459
248	201	6.14791
248	206	5.4643
248	219	6.0741
248	229	5.67964
248	245	6.00946
248	259	7.30464
249	12	4.64628
249	21	4.66472
249	59	4.67998
249	129	4.19202
249	133	3.39958
249	143	4.46794
249	175	5.76488
249	208	5.35598
249	220	6.44062
249	241	6.68453
249	242	6.00178
249	267	6.8192
249	279	7.0502
249	293	7.64172
250	86	3.28842
250	116	3.9702
250	124	4.72341
250	127	3.94889
250	136	5.39181
250	213	5.93981
250	220	6.53534
250	222	5.22912
250	280	7.25722
250	285	7.27405
250	289	7.49244
250	290	7.70112
250	291	7.55721
250	300	8.55048
251	64	4.04216
251	79	5.24235
251	95	3.42706
251	118	3.19285
251	123	2.81834
251	172	5.75117
251	190	4.83828
251	197	5.77309
251	203	4.48518
251	252	4.88751
251	253	6.08021
251	273	7.61552
251	285	6.76602
251	295	7.68782
252	61	4.08134
252	88	3.02617
252	139	4.31499
252	190	4.73549
252	192	4.0236
252	197	5.6703
252	218	4.92863
252	223	5.45833
252	243	6.14798
252	253	5.97743
252	264	6.1695
252	265	5.46218
252	282	7.10687
252	295	7.58503
253	74	3.98419
253	108	4.30042
253	123	3.27295
253	138	5.88899
253	149	4.81468
253	182	4.93535
253	190	5.29288
253	250	6.52702
253	252	5.34211
253	265	6.01957
253	278	6.66935
253	282	6.58774
253	285	7.22062
253	295	8.14242
254	73	4.33326
254	75	3.62512
254	122	4.2166
254	170	5.37237
254	175	4.73485
254	205	5.45736
254	207	6.27505
254	221	5.9417
254	236	6.18012
254	253	6.79243
254	280	7.25945
254	296	7.83833
254	297	7.81355
254	299	8.16848
255	63	3.52902
255	79	3.85492
255	99	4.48969
255	129	4.51773
255	163	4.34947
255	193	5.00875
255	225	6.28988
255	236	6.47776
255	252	7.85343
255	266	6.93756
255	271	7.1233
255	281	7.12083
255	292	7.86819
255	297	8.4252
256	22	3.31139
256	57	4.22145
256	82	3.82103
256	91	4.4615
256	143	4.53655
256	169	4.62398
256	239	6.01315
256	247	6.61293
256	275	6.29819
256	279	6.93486
256	282	6.16879
256	283	8.08089
256	292	8.12358
256	293	8.43731
257	127	4.00871
257	153	3.79673
257	154	4.65058
257	174	5.37466
257	177	4.38638
257	207	6.33264
257	219	5.9942
257	224	5.70618
257	225	6.19541
257	241	5.77604
257	244	6.0008
257	250	6.39771
257	254	6.40344
257	291	7.61703
258	14	2.83326
258	25	3.1161
258	46	3.17012
258	105	4.5373
258	165	5.67521
258	166	5.03934
258	180	3.98256
258	239	6.97986
258	245	7.32471
258	247	6.97356
258	263	6.65018
258	268	6.8529
258	278	7.66568
258	296	8.05178
259	5	3.0285
259	58	3.88776
259	68	4.30863
259	74	4.19768
259	82	4.71155
259	103	3.87609
259	166	5.06214
259	190	5.25846
259	230	5.84888
259	235	5.74856
259	243	6.79776
259	257	6.71557
259	272	6.98636
259	282	7.50743
260	4	3.40321
260	31	3.60271
260	128	3.56839
260	154	5.03265
260	180	4.29999
260	198	5.01944
260	214	6.3384
260	220	6.0168
260	228	5.01637
260	256	6.37311
260	258	6.40771
260	268	6.69336
260	277	6.71635
260	284	6.96329
261	26	4.13146
261	131	4.3046
261	213	5.97039
261	214	5.30958
261	233	5.86747
261	234	6.53583
261	236	6.2124
261	241	5.75073
261	250	6.3724
261	254	6.37813
261	256	5.9357
261	257	6.6562
261	279	7.1755
261	291	7.59172
262	4	4.80273
262	18	4.09555
262	52	3.44126
262	75	3.70313
262	132	5.18274
262	134	5.12327
262	136	4.55081
262	146	4.4902
262	152	5.29436
262	186	5.11839
262	261	6.66899
262	277	7.51218
262	278	6.47559
262	279	7.11696
263	3	4.26243
263	56	4.61776
263	78	3.28852
263	130	5.23788
263	146	5.50984
263	193	5.82829
263	204	5.72778
263	232	5.46528
263	258	6.54885
263	274	7.18613
263	278	7.64728
263	284	7.10442
263	287	7.38294
263	288	7.35739
264	67	2.46172
264	97	4.88481
264	129	4.4098
264	187	6.42985
264	192	4.55544
264	211	5.95796
264	218	5.46048
264	219	6.08067
264	225	6.28188
264	251	5.58171
264	253	6.50927
264	265	5.99403
264	285	7.19508
264	299	8.35442
265	73	3.6679
265	117	3.05069
265	139	4.5312
265	156	4.88024
265	181	5.94949
265	197	5.88651
265	205	6.11647
265	211	5.64232
265	218	5.14484
265	226	6.79422
265	252	5.00093
265	253	6.19363
265	264	6.38571
265	295	7.80124
266	37	2.80608
266	65	4.86405
266	99	3.90005
266	114	5.0227
266	138	4.39336
266	148	5.30002
266	163	5.75055
266	174	5.34
266	194	7.01535
266	215	6.06005
266	223	7.03937
266	224	5.80951
266	280	6.45231
266	286	7.60036
267	43	4.01366
267	64	3.00116
267	114	4.72957
267	143	4.37855
267	152	5.0733
267	167	5.43542
267	168	6.81668
267	172	4.71017
267	210	5.99165
267	221	5.5584
267	242	5.91239
267	249	6.32637
267	258	6.64076
268	11	2.05832
268	83	2.15763
268	93	3.3832
268	134	4.27436
268	159	5.45878
268	171	5.4605
268	234	6.66963
268	242	5.67842
268	252	8.01778
268	258	6.53053
268	260	6.29054
268	263	6.61345
268	281	8.25002
268	284	7.0861
269	17	4.37848
269	38	5.02848
269	68	3.10853
269	94	4.66139
269	106	3.7828
269	132	5.12942
269	205	5.48205
269	215	5.53063
269	230	5.27122
269	247	5.80387
269	256	5.86693
269	288	7.64897
269	298	8.76804
269	299	8.19317
270	20	3.89118
270	120	4.8378
270	156	4.36406
270	178	5.15104
270	187	6.38684
270	198	4.6315
270	202	5.32186
270	205	5.91074
270	207	5.93981
270	216	6.3337
270	237	5.83913
270	246	7.17369
270	250	6.39817
270	263	6.77838
271	47	3.69842
271	82	3.68603
271	89	3.06544
271	102	4.53785
271	104	4.60157
271	114	5.07446
271	137	4.42001
271	184	6.13249
271	188	4.81681
271	239	6.36218
271	244	6.30117
271	283	7.94589
271	291	7.52205
271	297	8.5456
272	37	4.54013
272	94	4.49764
272	122	4.28687
272	141	4.75385
272	150	6.30493
272	155	4.11528
272	172	5.34955
272	243	5.41624
272	250	6.41039
272	254	6.41612
272	263	6.69462
272	282	6.37513
272	283	6.99815
272	290	7.77362
273	29	3.87995
273	40	3.90349
273	110	4.83632
273	140	5.84919
273	166	5.83069
273	176	6.28156
273	180	5.92961
273	200	4.77299
273	208	6.16261
273	212	5.43999
273	226	5.66407
273	264	6.88977
273	284	7.89288
273	293	7.72134
274	1	4.82108
274	20	3.92462
274	55	3.26802
274	81	3.44146
274	93	4.71344
274	127	6.42386
274	157	5.18971
274	172	5.02654
274	193	5.11917
274	202	5.3553
274	233	5.94735
274	239	6.33366
274	246	7.20713
274	270	6.96755
275	12	4.63063
275	65	4.80492
275	85	4.13456
275	110	4.94372
275	151	5.19859
275	174	5.28087
275	175	4.68736
275	199	5.32708
275	209	5.12378
275	223	6.98024
275	252	7.74303
275	266	6.68643
275	297	7.76606
275	299	8.12099
276	22	5.35185
276	99	4.3864
276	103	4.42022
276	139	5.3619
276	144	4.61326
276	146	5.35962
276	166	5.98989
276	176	6.44076
276	179	5.33756
276	180	6.08881
276	226	5.82327
276	228	4.44513
276	256	5.80187
276	273	6.92105
277	25	3.03739
277	77	5.14379
277	83	2.11564
277	85	3.99312
277	135	2.32006
277	142	2.88076
277	215	6.16747
277	229	5.61105
277	239	6.90115
277	258	6.48854
277	262	6.80656
277	268	6.77419
277	281	8.20803
277	297	8.07104
278	41	3.26129
278	46	3.37295
278	84	4.51118
278	140	5.69227
278	170	4.67903
278	193	6.04952
278	232	5.68652
278	247	6.65097
278	258	6.77008
278	263	6.85301
278	280	6.19309
278	284	7.32565
278	296	7.72918
278	299	8.05934
279	84	4.01448
279	112	3.62794
279	134	4.91524
279	136	4.34279
279	144	4.38727
279	177	5.54885
279	189	5.05638
279	198	4.61708
279	202	5.39953
279	215	6.03849
279	272	6.87862
279	278	6.52608
279	282	6.44448
279	296	7.83724
280	76	3.75893
280	86	3.3898
280	167	4.27976
280	187	4.77103
280	212	5.61856
280	234	6.30185
280	238	6.69122
280	241	5.81759
280	248	6.64303
280	268	7.08984
280	272	7.15344
280	279	6.94153
280	284	7.70459
280	291	7.65859
281	14	3.24799
281	28	2.12013
281	31	4.17697
281	35	4.75288
281	53	4.23318
281	76	4.01595
281	83	2.60908
281	92	5.31784
281	96	3.96609
281	159	5.91022
281	161	3.71575
281	204	6.16091
281	251	8.18114
281	260	6.74198
282	1	4.49581
282	58	3.99117
282	64	5.12078
282	70	3.87134
282	74	4.3011
282	115	6.17564
282	137	5.52653
282	150	6.09381
282	161	6.30372
282	202	5.11907
282	218	6.65267
282	230	5.95229
282	245	6.95932
282	289	7.82071
283	3	4.14693
283	6	3.97204
283	51	3.89973
283	89	3.16635
283	91	4.42741
283	149	4.53724
283	150	3.84704
283	185	4.41909
283	254	6.08791
283	265	7.93611
283	271	7.34461
283	278	6.39191
283	280	6.29656
283	297	8.64651
284	25	2.99301
284	32	4.48599
284	56	4.51307
284	90	3.75884
284	121	4.96297
284	195	5.93695
284	202	5.53081
284	203	6.92169
284	220	6.05325
284	222	5.42604
284	258	6.44416
284	260	6.20417
284	277	6.7528
284	278	7.54259
285	79	4.39155
285	123	3.15686
285	130	4.04605
285	138	5.77291
285	197	6.1116
285	203	4.8237
285	236	6.462
285	252	5.22602
285	264	6.6108
285	266	6.9218
285	281	7.10507
285	284	7.89226
285	293	7.72072
285	295	8.02634
286	21	3.15088
286	30	4.55986
286	33	4.14917
286	110	5.03369
286	119	5.41086
286	151	5.28856
286	156	5.26577
286	159	4.90556
286	223	7.07021
286	228	4.45681
286	242	5.42247
286	265	7.91308
286	276	6.52882
286	291	7.29152
287	57	3.89544
287	85	4.20827
287	162	4.60576
287	176	3.69502
287	244	6.11015
287	254	6.11979
287	255	6.33356
287	256	6.99039
287	259	7.00477
287	261	6.6172
287	276	6.58372
287	292	7.79757
287	297	8.35459
287	300	8.41107
288	33	4.61673
288	77	4.34863
288	80	2.54856
288	105	4.49619
288	155	4.07329
288	169	4.22008
288	181	4.72617
288	205	5.47453
288	233	6.27615
288	253	6.8096
288	259	6.99573
288	269	7.38827
288	294	7.82268
288	298	8.61223
289	27	3.25928
289	40	2.82057
289	47	3.69756
289	140	4.3891
289	144	4.85461
289	172	5.24265
289	195	5.87813
289	200	4.9262
289	211	6.1807
289	224	5.61195
289	232	6.99117
289	280	7.22282
289	290	7.66672
289	291	7.52281
290	15	3.74111
290	35	2.93263
290	56	3.43569
290	62	3.54947
290	167	4.20749
290	170	5.39926
290	172	5.30616
290	202	5.30356
290	221	5.96859
290	237	7.00793
290	247	6.79265
290	289	7.52155
290	294	7.83804
290	295	7.75626
291	112	3.46496
291	167	4.1268
291	207	6.22124
291	216	6.15629
291	219	5.86025
291	224	5.59478
291	229	5.31908
291	234	6.40789
291	238	6.53827
291	250	6.28631
291	276	6.52303
291	289	7.44086
291	290	7.64955
291	292	8.27346
292	24	2.79834
292	39	3.34768
292	63	3.57731
292	76	2.83278
292	103	3.91635
292	105	4.60036
292	128	3.31402
292	179	4.4319
292	185	4.24608
292	225	6.33818
292	241	6.99288
292	255	6.45247
292	283	7.87379
292	286	7.37941
293	92	4.17293
293	102	4.53361
293	132	4.84847
293	142	2.65755
293	155	5.21548
293	163	4.46563
293	169	4.80544
293	185	4.31394
293	217	4.98215
293	240	6.02028
293	280	6.33651
293	285	7.24546
293	287	7.29787
293	291	7.35449
294	49	4.98297
294	50	3.0617
294	82	4.54807
294	84	4.01716
294	113	4.34167
294	124	4.7333
294	136	4.34547
294	221	5.77421
294	229	6.22366
294	231	6.28229
294	256	5.915
294	262	7.10189
294	283	7.01175
294	298	7.977
295	139	4.81018
295	177	4.26562
295	190	5.23068
295	192	4.51878
295	193	4.92454
295	203	4.87758
295	211	5.9213
295	216	6.16947
295	217	4.92657
295	232	6.7689
295	245	7.08997
295	251	5.54505
295	285	7.15842
295	296	7.81703
296	16	4.26419
296	108	4.36503
296	118	5.70457
296	160	4.96082
296	163	5.61127
296	177	5.49137
296	184	4.60194
296	186	4.85288
296	196	4.98265
296	215	5.92077
296	286	7.1137
296	293	7.68436
296	294	7.74294
296	299	7.66353
297	7	3.44488
297	39	3.37368
297	96	4.88973
297	109	5.92537
297	110	4.75736
297	138	4.2121
297	163	4.42376
297	164	5.04395
297	171	4.92832
297	222	5.13507
297	257	6.44814
297	282	6.28479
297	283	7.89979
297	293	8.2562
298	7	3.98949
298	9	3.44803
298	38	4.91316
298	47	5.36155
298	52	4.72061
298	57	3.69297
298	60	4.11374
298	73	2.98915
298	114	4.72584
298	138	4.22365
298	200	5.86337
298	263	6.61582
298	274	7.05666
298	293	7.65394
299	78	3.21233
299	80	2.56503
299	101	4.91147
299	116	7.03575
299	134	4.76101
299	191	5.12284
299	209	6.24742
299	216	5.85152
299	232	6.82384
299	241	6.75002
299	262	6.94497
299	276	6.59115
299	294	7.64619
299	296	7.68301
300	57	3.95174
300	62	3.56888
300	89	2.93072
300	129	4.50341
300	160	5.00197
300	168	3.25944
300	188	4.66691
300	199	5.29668
300	225	6.27557
300	235	6.79629
300	255	6.38986
300	268	7.2823
300	283	7.81118
300	287	7.16739
