1	32	3.40867
1	53	3.91548
1	69	4.43879
1	73	3.96178
1	81	3.38937
1	113	3.14646
1	199	4.95997
1	206	5.3187
1	210	6.17644
1	225	6.13869
1	228	6.24828
1	234	6.56024
1	237	6.12029
1	264	6.01537
1	271	7.16579
1	275	7.23004
1	279	7.52129
2	19	3.96042
2	46	3.35311
2	78	4.43145
2	117	4.00485
2	132	5.69655
2	140	3.23181
2	149	3.16416
2	221	4.71163
2	224	6.19786
2	237	5.51552
2	252	7.08082
2	260	7.16268
2	272	7.56981
2	276	7.77054
2	281	7.9525
2	289	6.66493
2	297	7.11569
3	29	3.1691
3	79	4.199
3	145	4.52581
3	160	4.64463
3	185	5.94593
3	202	5.12131
3	210	5.48267
3	246	6.37662
3	250	6.05006
3	253	5.9195
3	255	5.94944
3	257	6.02554
3	258	5.67574
3	272	6.69661
3	286	6.59862
3	293	6.98892
3	296	8.1956
4	21	3.34236
4	56	4.10626
4	68	3.98535
4	75	3.04691
4	90	3.74856
4	106	4.5448
4	125	2.68762
4	188	5.13813
4	197	5.44387
4	226	6.56883
4	231	5.92329
4	232	7.07674
4	239	6.08453
4	263	7.4067
4	264	7.43515
4	293	7.62774
4	299	7.88004
5	16	4.75865
5	28	3.6617
5	66	2.495
5	91	3.81938
5	122	4.23363
5	125	5.00641
5	177	5.09923
5	202	5.50319
5	210	5.86455
5	212	5.20091
5	222	6.84326
5	248	5.83427
5	252	6.5895
5	261	8.00946
5	262	6.6495
5	276	7.27922
5	293	8.10516
6	1	3.51995
6	24	5.21581
6	83	4.71621
6	85	3.68011
6	112	3.57763
6	167	3.70689
6	171	4.56872
6	192	6.66694
6	212	4.90004
6	239	7.3623
6	252	7.04359
6	255	6.03045
6	261	5.67178
6	280	7.23844
6	284	6.58406
6	294	7.25981
6	299	7.33248
7	35	3.47143
7	100	3.56208
7	135	4.04879
7	137	4.1995
7	150	4.30968
7	204	5.03249
7	220	5.17649
7	237	6.31909
7	243	5.24062
7	246	5.74113
7	270	6.10831
7	280	6.2976
7	282	7.10282
7	284	6.64195
7	289	7.4685
7	297	7.91927
7	300	7.937
8	16	4.77039
8	28	4.18055
8	35	3.60273
8	62	3.83282
8	68	5.27966
8	138	3.99571
8	195	5.44027
8	206	5.01854
8	209	5.72288
8	214	5.80437
8	218	5.03302
8	219	5.62719
8	224	5.71829
8	230	5.47907
8	237	5.82013
8	280	7.55105
8	299	7.64509
9	54	4.20294
9	89	3.82791
9	93	1.86824
9	101	3.3992
9	181	5.7918
9	211	4.16752
9	217	6.22088
9	246	6.44413
9	248	6.26451
9	249	5.51302
9	257	6.86744
9	259	6.42667
9	262	5.39231
9	270	6.81131
9	271	7.31391
9	284	6.15176
9	291	7.92363
10	1	4.41051
10	6	2.57231
10	39	3.98788
10	77	3.48508
10	106	5.16239
10	125	4.68315
10	158	4.19646
10	182	6.73007
10	210	5.54129
10	212	6.86277
10	236	5.11226
10	253	5.97812
10	271	6.53064
10	285	7.77322
10	290	6.88972
10	297	6.76601
10	298	7.41333
11	50	4.56478
11	59	4.20229
11	92	4.21947
11	113	5.00408
11	128	4.72018
11	129	4.76604
11	153	4.37738
11	173	3.57171
11	179	2.735
11	185	5.3125
11	224	6.08584
11	231	6.04565
11	266	7.58469
11	270	6.73059
11	277	7.46242
11	296	7.56217
11	298	7.87445
12	30	3.5648
12	44	5.50755
12	50	4.00478
12	86	3.89961
12	102	3.02536
12	116	3.28137
12	159	4.44814
12	172	4.49471
12	198	5.87938
12	218	4.84057
12	231	5.48565
12	234	6.06764
12	260	6.49066
12	275	6.94824
12	280	7.35861
12	281	7.76617
12	292	7.16335
13	25	4.0699
13	49	4.74906
13	54	4.16861
13	69	4.55258
13	76	3.96136
13	143	4.31416
13	151	3.77825
13	171	5.29527
13	188	4.98067
13	193	5.74895
13	213	6.0732
13	230	5.62159
13	251	6.4167
13	263	7.24924
13	284	7.31062
13	298	8.16227
13	299	7.72258
14	5	3.72106
14	16	4.81324
14	96	3.0085
14	101	2.99378
14	119	4.86943
14	145	5.10504
14	201	5.7658
14	202	5.55779
14	206	5.0614
14	213	5.70211
14	222	6.46288
14	230	5.52192
14	234	6.30294
14	261	7.62908
14	263	6.54192
14	265	6.58379
14	292	7.39865
15	3	2.75272
15	20	2.99235
15	27	2.30696
15	92	3.7907
15	107	5.73253
15	159	4.41123
15	187	4.89353
15	208	6.32451
15	213	6.3257
15	220	5.37001
15	239	5.77812
15	244	5.63986
15	263	6.43785
15	267	7.80248
15	268	6.72097
15	289	7.46098
15	290	7.1635
16	9	4.98804
16	13	4.95378
16	43	4.40757
16	54	3.59259
16	75	5.57597
16	97	4.56002
16	99	3.63189
16	148	3.87402
16	155	5.87917
16	168	5.64302
16	184	5.95818
16	224	6.65267
16	243	6.42974
16	253	5.88756
16	255	5.90206
16	273	7.85193
16	282	6.0866
17	2	3.7741
17	51	3.3447
17	91	6.0732
17	99	4.40414
17	104	4.95895
17	128	4.02633
17	154	4.46863
17	180	4.62969
17	217	5.85473
17	218	7.49798
17	230	5.15278
17	235	5.8647
17	258	5.74308
17	278	7.90086
17	294	7.24613
17	296	7.36848
17	299	7.3188
18	86	4.57095
18	91	4.31002
18	95	3.12926
18	107	3.90603
18	164	2.3794
18	176	4.80957
18	177	5.58987
18	181	5.82243
18	209	6.20178
18	240	4.3984
18	248	6.32491
18	269	6.6804
18	277	5.56707
18	290	7.70361
18	292	7.83469
18	293	7.86144
18	295	7.96947
19	39	3.42945
19	69	4.21416
19	84	4.01969
19	105	4.00905
19	109	4.67595
19	121	4.03636
19	123	6.92487
19	138	4.07124
19	175	4.36346
19	180	5.0315
19	192	6.66621
19	198	5.8648
19	220	5.50674
19	252	7.04287
19	256	5.68906
19	272	7.16575
19	290	7.30024
20	11	3.65771
20	14	3.84903
20	27	4.46878
20	81	2.85718
20	89	4.49672
20	123	3.532
20	157	4.47217
20	167	8.37958
20	198	5.83979
20	232	6.5995
20	246	5.76382
20	252	6.36921
20	271	6.6336
20	272	6.85819
20	281	7.24089
20	292	7.12375
20	293	8.40726
21	12	5.6108
21	68	3.54269
21	80	4.42431
21	121	3.76337
21	126	4.45056
21	127	5.18028
21	130	4.6633
21	138	4.71668
21	187	6.50152
21	205	5.39125
21	207	5.1019
21	232	6.63407
21	255	6.1456
21	265	6.34346
21	285	7.91074
21	287	8.67085
21	296	7.49731
22	97	4.50344
22	107	3.91493
22	111	3.7159
22	119	4.6658
22	154	5.67273
22	156	5.21479
22	158	5.40926
22	182	5.94782
22	183	3.889
22	192	6.0087
22	227	7.46274
22	231	3.7502
22	233	3.13182
22	269	6.6893
22	277	5.57596
22	283	5.96925
22	298	8.62613
23	29	1.70426
23	35	4.9824
23	40	4.63665
23	86	2.59838
23	121	5.3405
23	143	5.27989
23	181	3.41867
23	210	3.46426
23	216	2.78833
23	243	6.87501
23	244	8.22922
23	259	7.35807
23	265	6.42718
23	281	8.85259
23	285	4.91623
23	286	8.37191
23	300	6.34032
24	36	3.49714
24	77	4.3372
24	136	5.21771
24	192	5.78011
24	193	4.98918
24	198	4.9787
24	202	5.1691
24	219	5.39671
24	222	5.41561
24	226	5.97781
24	239	6.47548
24	247	5.92246
24	249	5.85431
24	252	6.15676
24	261	5.63856
24	267	6.56378
24	298	7.4025
25	4	3.77355
25	75	3.99963
25	100	3.88051
25	117	3.58897
25	132	5.28067
25	140	4.43338
25	169	4.77122
25	187	5.01844
25	191	4.81103
25	203	5.80872
25	213	5.72296
25	230	6.73177
25	232	6.89524
25	245	6.07948
25	254	5.85178
25	288	7.69856
25	299	8.83277
26	94	3.44379
26	100	3.38368
26	150	4.13128
26	174	5.17291
26	180	4.8626
26	184	4.59066
26	219	5.3094
26	229	5.54284
26	233	6.28611
26	239	5.4062
26	250	6.01055
26	257	5.98604
26	275	7.42493
26	283	6.88333
26	289	7.08906
26	293	6.94942
26	295	8.34905
27	14	4.36923
27	47	1.22159
27	78	4.87462
27	95	3.28865
27	108	5.18053
27	152	5.94481
27	160	5.96099
27	173	6.2179
27	210	6.79904
27	213	4.6586
27	233	3.28233
27	261	6.90714
27	267	6.13538
27	270	7.28578
27	277	5.72646
27	283	6.11975
27	298	8.67107
28	14	3.2371
28	102	3.20592
28	113	4.62465
28	134	4.40157
28	141	4.18293
28	157	3.86023
28	189	5.42878
28	190	4.79523
28	194	4.92733
28	233	6.70737
28	245	5.73113
28	250	6.4318
28	260	6.67123
28	284	6.8848
28	285	8.09633
28	292	7.34391
28	293	7.79532
29	84	3.85212
29	98	4.53286
29	141	4.33519
29	177	5.25136
29	201	4.2613
29	204	5.42761
29	211	5.84873
29	240	6.47008
29	243	5.63573
29	256	5.75393
29	260	6.82349
29	268	6.92257
29	278	4.64956
29	285	5.74363
29	290	7.15686
29	299	7.78547
29	300	7.16772
30	8	3.59209
30	17	3.12498
30	73	4.01519
30	103	1.79487
30	112	4.168
30	165	4.70929
30	171	4.84854
30	173	5.57292
30	205	5.86649
30	209	6.00065
30	215	6.46959
30	254	6.48509
30	267	7.18737
30	281	6.01247
30	287	7.79784
30	295	7.76833
30	300	8.46949
31	33	3.35738
31	65	3.73589
31	77	3.71075
31	110	4.05455
31	141	4.08548
31	164	5.0773
31	167	3.91018
31	212	5.10333
31	218	4.92369
31	223	5.8333
31	233	6.60992
31	248	7.60825
31	263	6.38974
31	272	6.98091
31	273	7.80554
31	293	7.27322
31	299	7.53576
32	26	2.57455
32	46	2.6945
32	70	4.30272
32	90	3.32434
32	181	4.09886
32	206	4.83951
32	234	6.08105
32	263	6.32003
32	265	7.10737
32	269	6.85943
32	276	7.11194
32	281	7.2939
32	285	5.59642
32	286	6.81322
32	290	7.00965
32	296	7.51574
32	300	7.02051
33	68	3.39866
33	184	4.01439
33	186	4.88748
33	192	4.7894
33	195	5.09877
33	229	5.05037
33	238	5.41112
33	239	5.49784
33	247	5.9268
33	256	7.80611
33	257	6.07767
33	258	6.77158
33	260	6.34161
33	265	6.19944
33	273	7.34105
33	282	7.01605
33	296	7.35328
34	8	3.22875
34	21	3.01158
34	82	3.40552
34	107	3.96074
34	147	3.59477
34	174	5.13767
34	189	4.92426
34	208	6.30014
34	217	5.68703
34	224	5.6327
34	242	5.82483
34	262	6.57566
34	272	7.09363
34	281	7.38734
34	289	7.43661
34	293	7.29696
34	295	8.31381
35	40	3.37074
35	50	4.2929
35	51	3.76666
35	114	4.31528
35	131	4.35195
35	149	4.47578
35	171	4.977
35	191	5.65401
35	222	5.85711
35	229	6.07164
35	239	5.93501
35	256	5.70922
35	263	6.59474
35	274	7.37284
35	286	8.44262
35	288	7.19671
35	292	7.45147
36	53	3.97854
36	55	3.64345
36	62	4.0873
36	149	4.63033
36	162	4.86599
36	166	3.64311
36	177	5.36546
36	181	5.59801
36	224	5.97277
36	226	5.80084
36	229	5.00758
36	255	6.59755
36	256	7.76332
36	269	7.29295
36	277	7.34935
36	278	8.48163
36	286	7.24673
37	86	4.20725
37	105	4.04872
37	122	2.94752
37	130	3.01637
37	182	5.18521
37	228	4.91005
37	231	4.25845
37	253	6.42832
37	260	6.7983
37	265	6.65613
37	269	7.19755
37	277	6.08421
37	278	8.34235
37	279	5.25617
37	296	7.80997
37	297	7.21621
37	300	8.30693
38	72	4.37031
38	113	4.73049
38	116	3.56777
38	117	5.17381
38	122	4.33933
38	125	5.11211
38	135	4.39748
38	165	6.22894
38	175	4.38189
38	221	6.0291
38	243	5.58931
38	250	6.30175
38	275	7.23464
38	284	6.90384
38	288	7.72882
38	298	7.84228
38	299	7.73905
39	43	2.62107
39	136	5.49109
39	170	4.99075
39	176	4.35284
39	183	5.56961
39	187	4.88229
39	193	5.26256
39	197	4.61057
39	202	5.44248
39	232	6.75909
39	274	7.20472
39	275	6.89245
39	276	7.21852
39	279	7.14869
39	294	7.52199
39	295	7.81657
39	296	7.62232
40	22	4.39288
40	66	3.83799
40	134	4.1759
40	148	4.47721
40	164	5.05389
40	172	4.08137
40	222	5.62871
40	229	5.84324
40	233	6.58652
40	242	5.77769
40	249	6.06741
40	266	5.99138
40	268	6.64945
40	280	6.41287
40	284	6.76395
40	285	7.97548
40	286	8.04985
41	15	3.57596
41	17	3.91359
41	29	3.83854
41	48	4.73868
41	101	6.33763
41	105	5.54142
41	107	4.32214
41	142	3.96769
41	186	5.50479
41	205	5.79125
41	218	7.08865
41	234	6.5359
41	235	6.46681
41	237	6.09595
41	255	6.61888
41	272	7.36605
41	300	8.46755
42	23	5.25282
42	105	3.88713
42	129	4.35209
42	140	4.32329
42	179	2.77525
42	193	5.28862
42	207	5.25298
42	208	4.8911
42	223	5.89686
42	246	5.78344
42	249	6.15375
42	262	6.61485
42	269	6.99208
42	274	7.23078
42	294	7.52603
42	296	7.60242
42	298	7.9147
43	56	3.86602
43	131	4.26123
43	144	3.39251
43	168	5.1914
43	185	5.20735
43	198	6.07677
43	199	4.6592
43	228	5.95308
43	238	5.75756
43	250	6.44863
43	251	6.46631
43	253	6.31807
43	270	6.36799
43	272	6.63321
43	275	6.92927
43	280	7.556
43	296	7.69972
44	59	3.87505
44	83	5.11969
44	89	3.47051
44	94	3.18478
44	123	3.85491
44	186	5.10018
44	196	5.22887
44	204	5.37809
44	206	6.0831
44	217	5.86348
44	221	6.02601
44	228	6.039
44	270	7.80626
44	271	6.95651
44	273	7.00841
44	275	7.23155
44	281	7.15532
45	34	3.44176
45	57	4.00888
45	58	1.76324
45	129	4.01277
45	153	4.19447
45	158	4.41972
45	174	4.72792
45	193	5.51965
45	196	5.32265
45	242	6.09506
45	253	6.49776
45	256	5.79818
45	257	6.67434
45	285	8.29286
45	291	7.47621
45	294	7.75706
45	297	7.28565
46	5	3.04953
46	75	4.32391
46	93	4.00191
46	97	4.62501
46	138	5.80225
46	146	4.63552
46	162	5.53178
46	165	4.11386
46	215	5.87415
46	230	5.1614
46	240	6.01202
46	244	6.53188
46	245	5.69811
46	263	6.18139
46	282	7.03987
46	288	7.3172
46	298	7.43065
47	7	3.62668
47	62	4.45676
47	80	5.24571
47	126	4.68785
47	182	5.69395
47	200	6.00498
47	205	6.21266
47	213	5.04646
47	228	4.94018
47	232	3.72413
47	243	6.11928
47	254	6.41202
47	271	6.55704
47	276	6.51874
47	282	7.98148
47	283	6.50761
47	289	8.14613
48	7	2.90596
48	10	3.56048
48	60	3.67219
48	61	4.48069
48	71	4.40954
48	94	3.74087
48	142	4.33882
48	167	4.66646
48	183	6.28902
48	184	5.67074
48	203	4.98984
48	227	7.23189
48	264	7.83691
48	280	6.57444
48	288	6.96551
48	290	7.87167
48	297	8.19611
49	22	5.09923
49	28	3.93443
49	37	4.13376
49	69	4.71226
49	98	3.51371
49	99	5.01128
49	120	3.36521
49	138	4.56934
49	149	4.94947
49	158	5.10508
49	172	5.26078
49	188	5.27955
49	206	5.59217
49	236	6.89589
49	263	7.07269
49	282	7.46599
49	296	8.2684
50	37	4.04478
50	45	4.21921
50	61	4.11546
50	71	4.24724
50	72	5.09617
50	89	3.86429
50	114	5.23659
50	115	4.87358
50	146	4.6677
50	178	5.30211
50	189	5.92531
50	207	5.78402
50	223	5.9675
50	236	5.93191
50	242	6.39507
50	256	8.4048
50	268	7.92255
51	68	3.88484
51	132	4.01217
51	143	4.0449
51	152	5.16675
51	175	4.43262
51	176	5.35412
51	207	4.50351
51	231	4.28586
51	252	6.74593
51	256	5.75822
51	271	6.55433
51	273	7.06222
51	277	6.11162
51	282	7.50223
51	296	7.83946
51	299	7.78977
51	300	8.33641
52	70	4.30661
52	94	3.20553
52	129	4.22335
52	164	5.01149
52	197	4.90479
52	199	4.9166
52	208	6.21059
52	211	5.53321
52	248	5.67088
52	258	5.89423
52	270	6.1879
52	272	6.89061
52	276	7.11583
52	280	7.37592
52	284	6.72154
52	295	8.11079
52	299	7.46995
53	17	2.95491
53	70	4.61001
53	71	3.87028
53	78	4.05956
53	87	3.02803
53	161	4.75775
53	163	5.24202
53	211	5.72254
53	222	5.86913
53	229	5.72614
53	235	6.29868
53	250	7.10468
53	260	6.7908
53	275	7.24837
53	287	7.00817
53	290	7.33241
53	294	7.68011
54	44	3.75478
54	49	5.01705
54	52	3.37197
54	65	4.02893
54	74	3.83528
54	137	4.63794
54	139	4.90144
54	159	4.65616
54	188	4.88964
54	220	5.61493
54	236	6.89137
54	248	6.02973
54	255	7.27692
54	259	7.11295
54	266	7.40085
54	272	7.27395
54	287	7.08419
55	67	3.79163
55	108	4.04418
55	110	4.04358
55	126	3.85031
55	137	4.53661
55	143	4.41617
55	173	5.08155
55	211	5.50028
55	216	5.95648
55	241	6.12667
55	254	5.57448
55	256	8.25963
55	272	6.87663
55	282	7.14394
55	288	7.42126
55	289	7.30859
55	298	7.53472
56	12	4.63178
56	21	3.04267
56	28	3.63037
56	35	3.8723
56	44	3.64783
56	184	5.29335
56	187	5.5225
56	194	5.338
56	216	6.43965
56	220	5.78945
56	229	6.24553
56	241	6.60984
56	243	7.50951
56	252	6.87081
56	278	8.49672
56	284	7.16624
56	297	7.37058
57	118	4.41148
57	142	6.35619
57	158	3.9649
57	163	4.946
57	166	4.66541
57	183	5.45373
57	195	5.05997
57	202	5.69307
57	230	5.29074
57	233	6.53091
57	249	6.0118
57	250	6.25535
57	254	5.59975
57	275	6.95235
57	276	7.10264
57	291	7.0214
57	299	7.45676
58	6	2.01041
58	99	3.83353
58	150	6.07085
58	175	3.39104
58	190	7.2782
58	196	4.24111
58	198	5.17493
58	226	5.42674
58	233	5.82235
58	248	4.94912
58	268	5.88529
58	275	6.24379
58	283	6.41957
58	288	6.73797
58	295	6.59368
58	296	6.79788
58	298	6.85143
59	13	4.2385
59	28	3.57991
59	42	3.72375
59	79	4.52538
59	130	5.07987
59	132	5.43608
59	153	4.22893
59	155	5.16389
59	179	3.69481
59	185	6.27231
59	192	5.35
59	249	6.41924
59	260	7.35918
59	262	6.88035
59	268	7.00129
59	269	7.25757
59	294	7.79153
60	128	4.06285
60	138	3.70594
60	143	5.28865
60	148	4.32017
60	152	4.7323
60	161	4.36029
60	186	4.9392
60	190	4.51734
60	206	4.72877
60	220	5.14145
60	223	6.6948
60	261	5.69462
60	262	7.59756
60	269	6.7487
60	284	8.357
60	296	7.405
60	300	7.90196
61	32	3.3526
61	47	4.64319
61	73	3.98151
61	87	2.71256
61	88	4.25161
61	144	6.26256
61	145	5.30627
61	154	5.039
61	166	4.0462
61	186	5.47305
61	190	5.05119
61	211	5.40707
61	256	8.16642
61	277	7.33895
61	281	7.71701
61	288	7.87895
61	293	7.62663
62	20	3.26906
62	30	3.90605
62	46	7.29372
62	75	4.85708
62	82	4.30667
62	103	3.88983
62	106	4.5151
62	108	4.47328
62	123	3.97954
62	129	4.61398
62	186	6.05228
62	205	5.80422
62	220	7.99041
62	227	6.80044
62	238	5.96811
62	279	7.43664
62	280	7.76656
63	5	3.35962
63	39	3.34635
63	53	3.60775
63	214	4.95658
63	226	6.31606
63	237	5.8005
63	240	6.32212
63	241	6.3327
63	260	6.67553
63	266	5.35752
63	267	6.90203
63	271	6.85807
63	274	7.2696
63	280	5.77901
63	286	7.41599
63	289	6.94991
63	295	7.483
64	74	5.30689
64	91	3.41562
64	103	3.0241
64	133	3.70714
64	188	4.29043
64	211	5.29284
64	219	5.32704
64	226	5.90814
64	229	5.56047
64	238	5.33711
64	254	7.71432
64	260	6.26761
64	269	6.62297
64	272	6.67473
64	281	7.24169
64	293	6.96705
64	298	7.33282
65	92	4.09982
65	96	4.51751
65	116	6.42845
65	120	4.98088
65	124	3.97641
65	143	4.14813
65	153	5.79058
65	162	4.85942
65	172	4.93507
65	189	5.68857
65	190	5.36307
65	217	6.02052
65	223	6.19116
65	224	5.5202
65	264	7.43787
65	275	7.38859
65	292	7.6037
66	20	3.37949
66	29	3.90534
66	38	3.95409
66	89	3.05496
66	91	4.17374
66	121	6.13753
66	167	6.93782
66	190	5.14974
66	194	4.0975
66	205	5.93135
66	231	6.02071
66	241	6.6829
66	260	7.02573
66	261	6.8698
66	282	7.70017
66	284	7.2393
66	300	8.53435
67	2	2.08341
67	31	3.58248
67	72	4.26642
67	91	4.18853
67	107	4.40373
67	136	4.6249
67	145	5.4196
67	178	5.17487
67	209	6.08029
67	230	5.83648
67	234	5.5876
67	254	6.14549
67	266	6.54453
67	270	6.72045
67	277	7.45227
67	282	7.71495
67	289	8.13692
68	43	3.6007
68	66	2.77442
68	96	3.66829
68	111	2.96562
68	124	4.21047
68	126	4.19144
68	140	4.4972
68	194	5.51658
68	245	6.32039
68	256	5.74106
68	257	6.54669
68	267	7.03713
68	269	7.16599
68	285	8.23573
68	293	8.38458
68	296	7.82229
68	300	8.31925
69	18	4.43037
69	39	3.73142
69	64	3.13891
69	66	4.34822
69	93	4.69707
69	163	3.89342
69	176	4.80278
69	206	5.39604
69	210	5.05995
69	233	7.09674
69	242	6.28791
69	246	6.37335
69	278	5.41785
69	285	6.51192
69	289	7.89968
69	290	7.92515
69	294	7.94991
70	3	3.40691
70	31	4.12928
70	53	4.58644
70	64	3.35439
70	78	4.54485
70	80	5.21475
70	107	4.6393
70	134	5.00642
70	162	5.20448
70	183	6.23504
70	199	5.81479
70	201	6.31591
70	226	6.40874
70	229	5.61548
70	249	6.95738
70	270	6.95601
70	291	8.06833
71	37	3.70106
71	45	4.48747
71	144	3.52849
71	145	5.20312
71	161	4.79099
71	162	4.75244
71	190	4.94804
71	195	5.29378
71	202	5.92688
71	237	5.96106
71	247	6.40922
71	257	6.45333
71	259	6.11933
71	275	7.28161
71	288	7.7758
71	291	7.25521
71	300	8.33266
72	8	3.54825
72	9	2.49483
72	44	3.80499
72	48	4.69678
72	70	4.85028
72	77	4.054
72	89	3.61356
72	102	6.85601
72	180	5.1899
72	194	5.30236
72	213	5.89318
72	226	6.75967
72	229	5.96641
72	269	7.27238
72	278	8.46107
72	285	8.34213
72	294	7.80634
73	39	3.18554
73	61	3.95887
73	145	5.18732
73	147	3.80548
73	156	4.43287
73	175	4.41307
73	182	5.92772
73	191	5.68348
73	213	5.7844
73	228	6.07327
73	229	6.1011
73	247	6.39343
73	268	6.90732
73	272	7.21518
73	282	7.48268
73	287	7.02561
73	294	8.14079
74	5	3.43936
74	30	3.12942
74	71	3.83475
74	93	4.39174
74	111	6.40741
74	139	4.48781
74	146	3.99527
74	154	4.86709
74	171	6.16686
74	172	4.75932
74	187	6.94683
74	263	6.57123
74	264	7.26212
74	267	6.98177
74	280	7.62322
74	293	7.45471
74	296	7.76694
75	13	2.55774
75	77	4.53127
75	83	5.74002
75	85	3.69576
75	93	5.03077
75	144	4.09875
75	153	4.72102
75	155	5.65598
75	187	5.66594
75	188	5.13531
75	203	6.45622
75	236	6.15846
75	241	5.24638
75	263	7.40388
75	267	7.6208
75	274	7.98836
75	299	7.87722
76	11	2.91618
76	31	3.23004
76	81	3.09419
76	118	4.60478
76	147	3.68532
76	196	5.14297
76	208	5.05571
76	222	5.7664
76	260	6.60423
76	266	7.22211
76	273	6.92251
76	274	7.28214
76	278	8.23212
76	289	7.52716
76	295	7.49554
76	296	7.76703
76	298	8.07931
77	6	5.5568
77	19	5.54704
77	30	4.00029
77	81	6.38445
77	103	4.06609
77	109	4.77744
77	110	3.96797
77	123	5.88876
77	179	6.00212
77	226	6.50065
77	238	5.92962
77	247	6.4453
77	252	6.00675
77	256	5.79055
77	259	6.15541
77	288	7.81188
77	289	7.6992
78	90	3.82626
78	112	4.15117
78	119	4.04893
78	124	4.34388
78	135	4.10379
78	142	3.95281
78	159	4.05967
78	200	5.21236
78	218	5.29395
78	222	6.02237
78	228	6.20906
78	238	6.01354
78	245	6.27672
78	249	6.46107
78	256	5.87448
78	287	9.16307
78	296	7.95571
79	5	3.71861
79	28	3.71222
79	29	3.91413
79	76	3.59835
79	114	5.10335
79	116	3.82522
79	138	4.34712
79	142	4.04328
79	173	4.06984
79	185	5.81064
79	260	6.89751
79	262	7.01265
79	276	7.64238
79	278	8.57856
79	279	7.57255
79	295	7.84198
79	298	8.37258
80	36	4.54333
80	41	3.00711
80	45	4.43492
80	63	4.16525
80	77	4.52044
80	104	4.31862
80	105	5.31044
80	120	5.43333
80	160	5.73861
80	179	6.52547
80	187	5.65511
80	203	6.44539
80	205	5.56026
80	217	5.21441
80	218	6.85766
80	268	7.48254
80	292	8.05615
81	33	2.65229
81	39	3.12716
81	52	2.96149
81	114	4.52518
81	162	4.38475
81	183	5.4153
81	192	6.67576
81	198	5.87435
81	229	5.7492
81	233	6.49248
81	239	7.37113
81	240	6.10293
81	260	6.45634
81	277	6.8681
81	284	6.66991
81	292	7.12903
82	72	4.22022
82	112	5.46231
82	126	4.37513
82	146	4.49426
82	161	4.96127
82	170	5.37441
82	179	6.13632
82	180	4.46646
82	199	4.75872
82	202	5.82614
82	231	5.9893
82	239	6.15054
82	249	6.51135
82	251	6.56584
82	289	7.8334
82	294	7.65834
83	7	3.93362
83	36	4.77385
83	49	3.64087
83	116	4.40469
83	128	3.56745
83	130	5.79165
83	147	4.61123
83	148	3.87271
83	163	6.06521
83	185	6.13328
83	204	6.2181
83	220	6.3621
83	225	5.48179
83	247	6.01844
83	269	7.96934
83	292	7.78011
84	32	3.03273
84	33	3.09653
84	82	4.30865
84	95	4.35585
84	130	5.07825
84	137	4.67171
84	164	5.4041
84	201	5.00895
84	205	5.8062
84	227	4.74944
84	262	6.87872
84	283	7.53394
84	285	6.49128
84	289	7.73967
84	290	7.90451
84	299	7.86257
85	17	3.09437
85	99	4.97758
85	106	4.54675
85	137	4.70138
85	192	5.37804
85	197	5.44583
85	200	5.62819
85	206	5.26569
85	222	6.00859
85	224	5.96544
85	230	6.18727
85	235	6.43814
85	241	5.65742
85	248	6.09316
85	263	7.81492
85	299	8.28827
86	40	3.56717
86	84	4.33358
86	113	4.94671
86	115	4.69911
86	148	4.92013
86	173	5.60534
86	196	5.44819
86	201	4.74276
86	212	5.52284
86	215	5.09663
86	217	6.08279
86	246	6.30605
86	265	7.73604
86	267	7.21979
86	291	7.78554
86	300	7.64918
87	21	3.24369
87	47	4.54563
87	50	3.43525
87	80	4.7683
87	105	4.08004
87	196	5.28453
87	197	5.3452
87	210	6.02281
87	247	6.41481
87	258	6.3142
87	267	7.05613
87	268	6.86648
87	273	6.88367
87	282	7.50406
87	284	6.57362
87	290	7.37124
88	27	4.96028
88	70	4.74122
88	75	4.90105
88	98	2.69132
88	151	3.62378
88	154	5.05439
88	170	5.32267
88	209	4.14454
88	216	6.42955
88	221	6.19461
88	227	6.84441
88	258	6.32884
88	259	6.29508
88	269	7.29793
88	282	6.64359
88	292	8.33842
89	8	4.9375
89	119	5.14251
89	147	4.62008
89	163	5.00368
89	176	4.29464
89	192	5.00024
89	197	5.06803
89	201	5.59229
89	204	5.15657
89	245	5.93367
89	268	6.65153
89	271	6.73499
89	278	8.0965
89	285	7.97756
89	287	6.76983
89	293	7.99786
90	35	3.55105
90	78	4.42769
90	79	4.04615
90	136	5.51186
90	162	3.8499
90	167	3.96782
90	246	5.94418
90	254	6.7618
90	262	6.60956
90	264	7.13827
90	267	6.85792
90	281	6.28917
90	287	8.07454
90	293	7.33086
90	295	7.43888
90	297	7.04933
91	21	3.29682
91	37	3.75978
91	44	3.77072
91	49	4.53477
91	55	3.32143
91	88	4.20718
91	105	6.77798
91	153	4.20947
91	155	5.14443
91	172	4.88681
91	176	4.62494
91	205	7.0278
91	217	6.68195
91	241	6.53992
91	279	7.42079
91	285	8.30786
92	118	3.52689
92	134	4.13715
92	140	4.11191
92	148	4.7821
92	152	4.81719
92	158	4.70361
92	166	5.02589
92	216	6.34224
92	234	4.9957
92	251	6.17491
92	253	6.48527
92	274	7.44932
92	276	7.46312
92	284	7.06883
92	288	6.7652
92	299	7.81724
93	10	3.27851
93	36	2.70598
93	62	4.19781
93	112	4.25523
93	171	5.24632
93	181	5.70852
93	207	5.66436
93	215	6.55681
93	233	7.08424
93	250	6.22142
93	256	7.59862
93	262	6.06406
93	268	7.11636
93	275	7.50568
93	296	8.05977
93	299	8.01008
94	106	3.83785
94	174	4.73703
94	197	4.70717
94	221	5.59286
94	227	6.24266
94	238	5.41034
94	246	5.65359
94	260	6.34083
94	266	6.87486
94	269	6.69619
94	272	6.69299
94	278	7.88488
94	279	6.87886
94	280	7.20878
94	294	7.61859
94	300	7.84946
95	100	4.08875
95	117	3.79722
95	118	4.87175
95	159	4.74438
95	160	5.31019
95	169	5.6357
95	196	5.40995
95	208	6.65767
95	221	6.20708
95	228	6.1284
95	232	4.91236
95	242	6.44581
95	259	6.25034
95	264	7.4619
95	269	8.4159
95	291	7.7473
96	43	3.81101
96	56	4.1989
96	60	3.36307
96	89	3.57792
96	151	7.62521
96	155	5.28262
96	211	6.04617
96	214	4.66881
96	216	6.50791
96	245	5.42426
96	260	7.02094
96	261	7.39276
96	286	7.33008
96	287	7.23831
96	291	7.81319
96	298	8.08615
97	95	4.11257
97	98	4.36669
97	132	5.19118
97	135	3.09312
97	182	5.04422
97	194	5.04265
97	195	5.41448
97	200	4.20169
97	206	5.2948
97	218	5.00723
97	243	7.97008
97	279	7.19535
97	287	8.15239
97	295	7.46478
97	298	7.72253
97	300	8.16594
98	101	3.35768
98	114	5.15869
98	133	4.35732
98	139	3.8647
98	143	4.30696
98	158	4.9382
98	179	6.23185
98	185	5.60915
98	239	6.24608
98	249	6.60688
98	255	6.24019
98	262	7.06799
98	273	7.32429
98	282	6.42473
98	292	8.11955
98	293	7.78929
99	3	3.44264
99	19	4.10955
99	49	4.82316
99	85	4.62142
99	131	4.88499
99	133	5.20017
99	139	4.70755
99	153	4.63853
99	160	5.66696
99	174	5.17198
99	194	5.69715
99	230	6.10778
99	253	7.06854
99	257	7.04787
99	259	6.91906
99	289	8.1509
100	55	4.21686
100	76	3.62755
100	79	4.17796
100	83	5.10895
100	137	4.61372
100	166	4.21652
100	189	5.52079
100	215	6.27195
100	225	5.91867
100	235	6.27112
100	249	6.92288
100	258	7.30221
100	272	7.17036
100	277	7.17499
100	282	7.43767
100	286	7.07238
101	25	3.12773
101	83	4.67112
101	96	3.9119
101	104	6.0058
101	157	4.12665
101	176	4.06759
101	198	5.71413
101	209	5.36518
101	217	6.90158
101	218	8.54483
101	244	6.49185
101	272	6.73253
101	280	7.19336
101	286	6.63455
101	287	6.54278
101	290	6.86702
102	9	3.18339
102	30	3.56838
102	87	3.95685
102	117	6.90557
102	176	4.1704
102	189	5.18576
102	215	5.93692
102	216	5.91519
102	228	5.69323
102	245	5.76089
102	255	6.08817
102	262	7.87616
102	265	6.28604
102	271	6.61074
102	295	7.23567
102	298	7.49343
103	62	4.89991
103	102	3.32629
103	108	4.36627
103	126	3.46057
103	154	4.90341
103	183	5.75055
103	188	4.81442
103	216	6.27857
103	243	7.49854
103	270	6.54642
103	272	7.19872
103	278	8.33564
103	279	7.32963
103	283	7.42495
103	287	7.68086
103	295	7.59906
104	17	4.48431
104	41	3.80882
104	59	3.69454
104	91	6.23458
104	96	4.17996
104	110	3.70132
104	188	4.61628
104	205	6.36196
104	219	5.65289
104	239	5.74969
104	244	6.75991
104	255	6.25342
104	276	7.20132
104	282	7.2679
104	292	7.26615
104	300	8.10209
105	9	4.27868
105	41	4.26702
105	59	4.00921
105	88	4.23256
105	101	7.36656
105	107	4.27136
105	123	3.98907
105	129	4.62351
105	133	4.34767
105	159	4.69747
105	177	5.33601
105	217	6.47432
105	239	6.06436
105	273	7.14257
105	291	7.70039
105	296	7.91981
106	10	5.13618
106	84	4.31174
106	96	4.63717
106	108	4.28889
106	113	3.40656
106	155	5.31236
106	156	4.41177
106	167	4.38707
106	185	5.56997
106	223	6.31082
106	231	6.04566
106	244	7.21712
106	258	6.43694
106	264	6.27546
106	269	7.40604
106	288	8.00244
107	37	3.24577
107	79	4.34943
107	125	5.26974
107	152	5.27366
107	153	4.26142
107	158	4.78305
107	174	4.79487
107	182	5.32161
107	207	6.07356
107	232	5.29147
107	248	6.09761
107	252	6.85284
107	256	5.86514
107	271	8.12437
107	284	7.14827
107	299	7.89668
108	22	4.87311
108	39	3.12456
108	86	4.43955
108	96	4.6171
108	114	5.09944
108	178	5.16496
108	185	5.5499
108	187	5.30224
108	196	4.74265
108	200	5.72854
108	231	6.02559
108	233	7.06674
108	251	6.98731
108	264	6.23559
108	267	7.2571
108	275	7.45027
109	66	4.52601
109	67	4.12598
109	73	4.29272
109	77	4.37536
109	82	4.64645
109	110	4.34625
109	111	3.39338
109	113	5.19181
109	150	5.1197
109	170	3.36036
109	221	5.92942
109	251	6.55805
109	267	7.46489
109	283	7.87174
109	288	7.10289
109	297	8.33349
110	33	3.1505
110	63	3.53372
110	85	4.06155
110	102	6.19757
110	152	5.0909
110	157	4.55318
110	205	5.65755
110	215	6.26065
110	223	5.62641
110	248	7.40136
110	252	6.67008
110	261	6.05322
110	280	7.61989
110	284	7.2886
110	287	6.96931
110	299	7.71392
111	34	2.77688
111	64	5.73506
111	74	5.83124
111	135	4.49214
111	199	4.74158
111	220	7.64904
111	229	5.49573
111	236	4.96702
111	252	6.121
111	271	6.3854
111	274	6.79693
111	277	6.61462
111	283	6.83622
111	290	6.74447
111	295	7.01033
111	299	7.16485
112	41	3.99892
112	43	3.97054
112	89	3.49023
112	94	4.26078
112	107	4.15691
112	124	4.19353
112	135	4.4141
112	149	4.48643
112	180	5.67959
112	249	6.31072
112	272	7.94586
112	279	7.33172
112	285	8.2188
112	286	7.10283
112	291	7.58594
112	299	7.75567
113	12	3.48333
113	112	5.34401
113	117	4.01837
113	152	5.51516
113	165	4.92463
113	172	5.18025
113	178	5.31056
113	196	4.20287
113	242	6.40351
113	247	6.76139
113	263	6.99216
113	264	5.69581
113	269	7.53156
113	281	7.96602
113	294	7.54004
113	295	7.83461
114	48	3.5431
114	74	4.23777
114	108	4.84398
114	119	4.3742
114	134	4.52413
114	136	4.41999
114	155	4.07714
114	166	5.43994
114	178	5.40366
114	179	6.41131
114	183	6.22827
114	221	5.97871
114	241	6.92648
114	256	6.19974
114	286	8.39809
114	287	7.48668
115	14	3.81744
115	50	4.56818
115	54	5.01478
115	120	3.40801
115	134	4.7844
115	142	4.06282
115	151	3.73526
115	170	5.43415
115	201	6.09389
115	226	6.69459
115	229	6.34692
115	239	6.21028
115	242	6.28137
115	252	6.9722
115	253	7.30975
115	282	7.50879
116	23	5.13545
116	39	3.19016
116	65	4.88262
116	124	5.63933
116	136	5.39978
116	150	5.81864
116	197	5.03492
116	204	5.12346
116	216	6.00632
116	224	7.18312
116	229	5.81221
116	234	6.09632
116	245	5.85202
116	252	6.43748
116	270	6.19928
116	288	7.4711
117	67	3.87088
117	72	5.68178
117	99	4.59607
117	164	5.05227
117	177	4.97662
117	186	5.09462
117	193	5.20066
117	197	5.06432
117	204	5.43468
117	227	6.45058
117	243	5.36099
117	249	7.57656
117	280	7.4167
117	281	7.33857
117	284	8.2153
117	294	7.43806
118	62	4.30818
118	115	4.86428
118	134	4.3707
118	138	4.47107
118	149	4.27781
118	160	5.5136
118	200	5.8564
118	202	5.99029
118	203	5.02307
118	218	5.50837
118	221	5.82528
118	225	6.31389
118	263	6.97442
118	271	7.34099
118	283	7.79181
118	297	8.22934
119	28	4.08729
119	41	3.88631
119	133	4.12061
119	147	5.15297
119	151	8.66751
119	168	4.7066
119	179	5.82309
119	211	5.70632
119	213	5.65724
119	214	5.71111
119	219	5.53393
119	247	6.26627
119	265	6.53891
119	271	6.86362
119	279	7.21911
119	291	7.47333
120	20	3.59919
120	30	4.3689
120	56	4.4067
120	115	4.40964
120	135	4.84915
120	149	4.92148
120	199	5.76745
120	200	5.92667
120	211	6.25397
120	225	5.68845
120	239	6.38496
120	247	6.2251
120	249	6.74577
120	282	6.29195
120	292	7.98677
120	293	7.92818
121	3	2.92847
121	8	6.58441
121	9	4.16819
121	44	3.68561
121	66	4.03461
121	98	4.50702
121	157	5.70968
121	159	4.58698
121	194	6.77677
121	220	5.54576
121	221	6.04968
121	243	5.60989
121	252	6.71578
121	259	6.09294
121	265	6.65547
121	274	7.39171
122	108	4.53223
122	118	4.87426
122	136	5.83799
122	163	5.40878
122	183	5.15097
122	190	5.08156
122	210	6.15074
122	211	5.98279
122	217	6.04706
122	232	4.44773
122	270	6.63749
122	276	7.24234
122	277	6.83793
122	279	6.00989
122	285	8.38266
122	294	7.84687
123	33	2.94809
123	36	3.912
123	115	4.45796
123	121	4.02987
123	122	4.31441
123	178	4.88649
123	185	5.27143
123	192	6.2524
123	225	5.90757
123	239	6.94777
123	252	6.62906
123	263	6.56809
123	268	6.85121
123	275	7.20972
123	283	7.38549
123	288	7.7039
124	49	4.51906
124	58	8.56329
124	130	5.0447
124	153	6.05328
124	155	5.12872
124	156	4.52092
124	167	4.20344
124	190	5.62577
124	199	5.40576
124	216	6.35402
124	224	5.7829
124	234	6.44402
124	236	5.6312
124	253	6.49706
124	263	6.683
124	294	7.75636
125	2	4.84075
125	13	2.23774
125	85	3.37575
125	90	4.24373
125	140	5.11004
125	148	5.35031
125	203	6.48539
125	213	6.39962
125	226	7.064
125	228	6.68849
125	230	5.45622
125	238	6.06173
125	263	7.08388
125	275	7.88104
125	287	7.64084
125	299	7.55722
126	85	4.16854
126	92	4.02773
126	99	4.90625
126	102	3.39362
126	141	5.53651
126	170	5.23902
126	196	5.31383
126	207	5.47519
126	220	6.73257
126	229	6.15179
126	235	6.36681
126	243	8.45264
126	244	7.02537
126	278	8.40297
126	281	6.84958
126	295	7.66639
127	21	4.01275
127	24	3.80008
127	34	4.1727
127	55	4.03737
127	57	3.49749
127	66	4.88631
127	94	4.0095
127	116	4.3894
127	130	5.77635
127	142	6.29962
127	154	6.24844
127	195	5.0034
127	247	7.18387
127	265	7.45652
127	282	8.27313
127	291	6.96482
128	57	3.50465
128	59	4.12293
128	60	3.36398
128	88	3.58908
128	95	4.47711
128	165	4.77027
128	173	5.6339
128	236	6.60418
128	247	7.10744
128	251	6.3415
128	255	6.98974
128	269	7.37721
128	273	7.25629
128	282	7.17428
128	283	7.6552
128	291	7.8141
129	24	3.24466
129	38	3.97163
129	45	4.09492
129	88	4.36769
129	127	3.56263
129	134	4.77361
129	142	6.19745
129	200	5.74121
129	225	6.1987
129	236	5.80742
129	257	6.06078
129	281	7.83309
129	283	7.67662
129	291	6.86266
129	294	7.93258
129	298	8.10849
130	14	4.10811
130	47	2.2974
130	109	5.26205
130	126	4.72554
130	140	5.0313
130	141	4.85643
130	175	4.94956
130	210	6.53791
130	213	5.73441
130	240	5.6336
130	244	5.04856
130	258	6.73099
130	261	6.64601
130	271	7.24499
130	276	7.20669
130	287	7.5621
131	9	4.3322
131	23	5.57775
131	154	5.07347
131	163	5.41288
131	179	2.78409
131	197	5.47722
131	203	6.02357
131	208	4.89994
131	211	5.98689
131	224	5.99683
131	246	5.79227
131	252	6.87979
131	288	7.91341
131	293	7.66109
131	296	7.61126
131	298	7.92353
132	26	3.51061
132	36	4.6
132	55	3.87881
132	78	4.7089
132	125	5.77518
132	161	5.40709
132	166	5.61076
132	183	5.67001
132	189	6.19769
132	193	4.54461
132	223	6.70027
132	228	6.18282
132	231	5.53121
132	233	4.91283
132	236	6.20429
132	247	7.02532
133	16	2.74324
133	117	3.6772
133	128	4.84912
133	148	5.15439
133	191	5.71026
133	223	6.09517
133	225	6.76347
133	227	6.73686
133	241	6.4922
133	243	5.64727
133	245	6.16771
133	254	5.94001
133	259	7.01845
133	264	7.34188
133	270	6.51496
133	285	8.26014
134	143	4.21343
134	152	5.33116
134	155	4.20413
134	161	4.96327
134	168	5.02184
134	170	3.53664
134	201	6.03615
134	207	5.61258
134	210	6.1895
134	225	6.15175
134	233	7.03246
134	261	6.2976
134	268	7.09539
134	289	8.059
134	292	7.669
134	297	8.50977
135	79	4.35148
135	114	5.00559
135	171	5.17074
135	184	5.27744
135	206	5.26244
135	208	6.63937
135	219	5.99618
135	223	6.1969
135	227	6.83858
135	251	6.25641
135	254	6.80729
135	257	6.67281
135	270	6.9856
135	275	7.39433
135	281	6.33467
135	286	7.24589
136	7	3.12108
136	26	3.72296
136	32	4.0779
136	51	4.64036
136	63	2.34813
136	68	4.70953
136	140	4.52735
136	146	5.15243
136	170	3.4381
136	189	6.41004
136	201	6.69232
136	240	7.29907
136	249	7.16951
136	262	7.63062
136	280	6.78956
136	297	8.41124
137	25	3.81855
137	60	5.403
137	97	3.95875
137	121	4.29395
137	159	4.80556
137	169	5.04064
137	199	5.55494
137	205	5.92184
137	221	6.26825
137	225	6.17166
137	242	6.24353
137	249	6.82997
137	264	7.52307
137	265	6.87405
137	273	7.77876
137	284	7.46871
138	85	4.08183
138	111	6.00665
138	156	4.42609
138	157	4.57346
138	190	4.89623
138	194	5.15755
138	206	5.85781
138	221	6.02425
138	228	6.03724
138	238	5.84172
138	254	7.40266
138	266	7.30625
138	270	7.58097
138	275	7.2298
138	283	7.40557
138	298	7.83744
139	63	3.7794
139	97	3.94015
139	98	3.14082
139	128	4.57525
139	146	4.49757
139	163	5.44885
139	175	4.94674
139	210	6.19081
139	247	7.02625
139	251	6.31728
139	254	6.1026
139	268	7.0967
139	271	7.18016
139	274	7.59169
139	283	7.63098
139	292	8.78792
140	37	3.84917
140	49	4.62416
140	52	3.47729
140	67	4.28839
140	183	5.9311
140	191	5.84738
140	193	5.62405
140	234	5.4958
140	244	7.13859
140	246	6.2849
140	266	6.45274
140	280	6.87422
140	289	8.04513
140	295	7.77961
140	299	7.93413
140	300	8.48077
141	2	4.27052
141	25	3.65556
141	56	3.2556
141	64	5.44683
141	78	5.61634
141	82	4.2613
141	139	4.58578
141	167	4.18964
141	220	7.36081
141	240	6.49983
141	251	6.17289
141	259	6.14854
141	281	7.47781
141	282	7.52768
141	285	8.27835
141	299	7.81522
142	25	3.38796
142	84	3.8467
142	128	4.25515
142	129	4.93048
142	156	4.23951
142	173	5.19768
142	174	4.4458
142	202	7.06559
142	257	7.59204
142	269	6.94099
142	275	7.04321
142	283	7.21899
142	284	6.7992
142	291	8.39392
142	297	7.00354
142	298	7.65085
143	85	4.02241
143	100	4.39994
143	118	4.6295
143	160	4.51741
143	182	5.0997
143	184	4.37967
143	214	4.99384
143	215	6.22151
143	248	7.50903
143	265	6.57062
143	274	7.30686
143	281	7.50262
143	284	7.39628
143	285	8.1379
143	296	7.72446
143	297	7.1307
144	62	3.66047
144	102	7.12168
144	111	2.66575
144	150	4.39206
144	184	5.1961
144	208	6.21337
144	215	6.01947
144	237	5.64778
144	242	5.73806
144	259	5.80605
144	263	6.32671
144	275	6.96833
144	279	7.04879
144	284	8.21271
144	285	7.93586
144	297	6.92866
145	42	3.24507
145	74	4.32369
145	103	4.56119
145	131	3.49835
145	150	5.23653
145	166	5.52586
145	167	4.69162
145	168	5.38075
145	172	5.35928
145	187	5.62686
145	206	5.69066
145	246	6.22432
145	251	6.67488
145	260	6.8805
145	293	8.05467
145	298	8.35557
146	24	3.07161
146	36	4.03008
146	90	2.74939
146	179	6.01222
146	187	5.91687
146	216	6.35719
146	219	5.92965
146	242	6.09753
146	255	6.53018
146	256	5.80065
146	270	6.95176
146	277	7.28198
146	281	6.30083
146	287	8.0862
146	288	7.82198
146	290	7.41183
147	47	4.30691
147	132	5.12477
147	157	4.1943
147	214	5.30975
147	219	5.13257
147	222	6.8675
147	245	6.0652
147	253	6.22091
147	255	6.25086
147	266	7.12493
147	273	6.82534
147	277	7.00266
147	281	7.38072
147	287	6.80827
147	295	7.39836
147	298	7.65612
148	7	3.42428
148	16	2.66147
148	83	2.9232
148	123	4.18557
148	163	5.55586
148	194	5.48997
148	197	5.62021
148	228	6.36966
148	234	6.68162
148	243	5.91688
148	247	7.21835
148	255	7.10066
148	265	6.96247
148	272	7.51176
148	284	7.31821
148	292	8.98002
149	142	3.9844
149	156	4.62951
149	161	4.94259
149	172	4.5052
149	203	5.2521
149	214	5.25668
149	240	6.62223
149	244	7.14208
149	256	5.90607
149	257	6.7117
149	261	6.27692
149	262	6.95377
149	265	6.83346
149	266	6.41522
149	280	6.8367
149	288	7.22778
150	8	3.71115
150	65	3.5264
150	104	3.86678
150	124	4.28311
150	135	4.70034
150	153	6.09727
150	161	5.04689
150	165	4.82835
150	190	5.66977
150	224	5.82689
150	233	7.11607
150	240	6.72652
150	261	6.38121
150	273	7.31437
150	297	7.49784
150	300	8.58855
151	14	4.71522
151	53	3.55652
151	61	3.77493
151	75	4.58278
151	82	4.03236
151	127	5.31895
151	152	4.96326
151	160	4.97944
151	164	5.12782
151	176	4.36649
151	229	5.91716
151	252	6.54244
151	268	6.72338
151	286	6.93344
151	293	9.27344
151	299	7.58628
152	2	2.38087
152	56	4.50999
152	90	4.15228
152	109	4.54951
152	113	5.28544
152	117	4.17419
152	120	5.38189
152	159	5.12136
152	170	3.91202
152	178	5.46638
152	186	5.87789
152	205	6.23764
152	221	6.48108
152	253	6.96203
152	281	8.12184
152	286	8.90046
153	65	4.30059
153	116	7.50933
153	122	4.30385
153	130	4.91925
153	144	3.44604
153	155	5.00326
153	169	4.766
153	184	5.08227
153	190	6.44396
153	219	5.80101
153	224	6.60109
153	258	6.12785
153	264	7.24843
153	278	8.28563
153	281	7.53141
153	285	8.16669
154	4	4.23145
154	8	3.78804
154	23	5.77292
154	104	3.94367
154	117	3.99899
154	127	4.90004
154	129	4.73662
154	147	4.15406
154	156	4.81069
154	158	5.14357
154	198	6.54554
154	199	5.69553
154	231	6.15181
154	251	6.47647
154	291	8.20006
154	296	8.16849
155	55	3.66914
155	93	4.86694
155	104	4.01731
155	109	3.86476
155	152	5.02179
155	158	5.07882
155	199	5.76918
155	202	6.06229
155	207	5.84673
155	212	5.76001
155	258	6.61673
155	259	6.52576
155	286	8.21571
155	287	7.44784
155	289	7.74963
155	297	8.2004
156	16	4.98791
156	48	4.68039
156	125	5.23567
156	141	4.41233
156	164	5.40414
156	177	4.76252
156	182	5.77626
156	226	6.54116
156	232	7.04906
156	250	6.6612
156	251	6.89683
156	264	6.14511
156	272	7.06373
156	273	7.13506
156	288	7.85239
156	290	7.44224
157	57	3.4445
157	97	3.90423
157	120	5.01156
157	147	4.43428
157	167	7.78439
157	185	5.48099
157	204	5.56581
157	207	5.57796
157	215	6.47041
157	222	6.55016
157	241	6.61887
157	251	6.28135
157	280	7.82965
157	287	7.17907
157	293	7.81206
157	294	7.85101
158	71	3.93806
158	127	3.66141
158	145	5.39559
158	161	4.98347
158	180	5.28939
158	195	5.00001
158	202	5.63311
158	211	6.04175
158	219	6.07594
158	257	6.15956
158	264	7.52336
158	276	7.62437
158	280	7.88446
158	286	7.32565
158	291	6.96144
158	292	7.6892
159	74	4.32429
159	113	4.93296
159	118	4.89624
159	175	4.58437
159	182	5.36644
159	191	5.85477
159	206	5.18687
159	212	5.50908
159	224	6.01472
159	232	7.12797
159	237	6.11656
159	243	7.86215
159	254	6.73172
159	287	8.04446
159	288	7.9313
159	299	7.94152
160	15	3.89512
160	36	3.31707
160	45	4.32954
160	47	4.99409
160	94	3.68889
160	122	4.84036
160	126	4.6589
160	180	5.55096
160	184	4.41798
160	218	5.628
160	241	6.93526
160	250	6.8325
160	256	8.2097
160	268	7.72745
160	274	7.87215
160	279	7.81612
161	14	3.82251
161	32	3.63126
161	60	3.40126
161	157	4.86038
161	163	4.4713
161	182	5.44604
161	212	5.58868
161	216	4.96191
161	219	6.11856
161	227	5.34797
161	231	6.05412
161	267	7.28563
161	274	7.74954
161	277	7.47089
161	283	7.69248
161	288	8.01089
162	24	3.25016
162	44	4.48065
162	46	5.92557
162	62	5.7437
162	98	4.75815
162	100	4.18248
162	136	5.92921
162	137	4.8199
162	169	5.07319
162	259	6.34407
162	268	7.14785
162	270	7.39021
162	281	6.73927
162	289	7.88786
162	290	7.59038
162	300	8.5574
163	42	4.07055
163	59	4.4624
163	86	3.47713
163	91	4.50934
163	168	5.38684
163	216	3.66708
163	220	6.10944
163	228	6.62635
163	241	7.01849
163	256	6.29176
163	265	7.30593
163	266	7.89535
163	278	4.70092
163	290	7.20821
163	291	8.15357
163	300	7.21907
164	7	3.64761
164	117	4.17014
164	141	4.83967
164	202	6.1598
164	217	6.41748
164	221	6.58001
164	232	4.19943
164	242	5.73287
164	249	6.845
164	261	6.62926
164	269	7.70296
164	271	7.03234
164	278	8.87202
164	279	5.76158
164	283	6.98291
164	286	7.63712
165	19	3.70372
165	55	5.16156
165	60	6.44062
165	65	4.06809
165	95	4.36124
165	100	5.50998
165	134	4.63633
165	144	7.37757
165	173	5.51803
165	191	5.78122
165	234	6.48296
165	243	5.71822
165	244	7.07243
165	253	6.536
165	269	7.26134
165	271	7.08852
166	74	4.07848
166	117	5.43411
166	124	4.50985
166	144	6.03539
166	149	4.80276
166	165	6.48924
166	176	4.8522
166	190	5.23402
166	237	6.24704
166	250	6.56205
166	261	6.4113
166	262	6.4047
166	266	7.64404
166	286	7.41915
166	288	8.06177
166	300	8.61864
167	34	3.33284
167	43	3.5489
167	70	4.55747
167	74	3.72729
167	95	4.21409
167	212	5.28837
167	214	6.67311
167	219	6.49593
167	234	6.3358
167	239	5.91505
167	245	7.42856
167	258	6.14509
167	275	7.2164
167	290	7.30044
167	298	7.82404
167	299	7.72081
168	1	4.12543
168	83	5.37682
168	86	4.44005
168	124	4.43094
168	127	5.72575
168	140	4.71768
168	144	3.73556
168	156	4.95014
168	196	5.32089
168	212	6.5777
168	223	6.29125
168	231	6.02609
168	242	6.25842
168	251	7.56556
168	276	7.63897
168	281	7.82093
169	18	2.12738
169	51	2.93738
169	68	4.09917
169	101	3.30994
169	158	4.89047
169	183	5.76861
169	192	5.48991
169	244	5.70186
169	257	6.77818
169	263	6.85808
169	272	7.44925
169	276	7.85998
169	282	7.71656
169	286	7.35126
169	292	7.71481
169	298	8.10734
170	48	2.84769
170	80	5.2392
170	87	4.43886
170	140	3.80348
170	155	3.38173
170	237	6.08719
170	249	6.81756
170	257	7.03659
170	262	7.27867
170	270	6.98046
170	273	7.53497
170	277	7.71229
170	286	7.70268
170	288	6.45677
170	289	7.2366
170	295	8.10799
171	21	4.48594
171	64	5.31875
171	76	3.9966
171	90	3.79829
171	95	4.58755
171	158	4.98064
171	160	5.48743
171	162	4.91047
171	200	5.18439
171	203	6.19421
171	212	5.66184
171	261	6.43357
171	274	7.72635
171	277	7.54405
171	290	7.6739
171	296	8.14396
172	54	4.10544
172	70	4.83252
172	101	3.3017
172	139	4.76642
172	166	5.20451
172	203	5.13648
172	223	6.29402
172	227	6.93571
172	234	5.34266
172	247	6.61906
172	264	7.54073
172	266	6.29959
172	276	7.64174
172	286	8.35806
172	293	7.73332
172	297	8.34275
173	3	3.77695
173	52	3.84062
173	97	4.27801
173	105	4.58589
173	167	4.67187
173	188	5.3583
173	195	6.09264
173	222	6.41381
173	234	6.91245
173	245	6.66815
173	246	5.97635
173	260	6.63253
173	283	7.96883
173	296	7.79533
173	297	7.75338
173	298	8.10761
174	57	3.43256
174	73	4.48512
174	108	4.55214
174	133	4.38929
174	137	4.72088
174	155	5.21143
174	191	5.82499
174	197	5.47151
174	227	6.85158
174	253	6.57977
174	254	6.05473
174	269	7.30511
174	273	7.18419
174	293	7.6492
174	294	8.38293
174	295	8.67751
175	29	3.69792
175	99	4.75985
175	115	5.33224
175	179	5.96031
175	212	5.34786
175	237	5.95533
175	243	5.63055
175	247	7.1477
175	254	5.92329
175	257	6.55437
175	259	6.86603
175	266	7.35234
175	278	8.36235
175	282	7.21455
175	289	7.65739
175	300	8.32693
176	20	3.27137
176	63	3.68269
176	132	5.81071
176	148	4.82775
176	162	4.82932
176	210	6.0941
176	215	6.40963
176	242	7.05341
176	256	5.83135
176	259	6.19621
176	268	6.99999
176	271	8.35287
176	282	7.57535
176	283	8.30344
176	284	7.11448
176	294	7.79022
177	6	3.46961
177	26	3.94724
177	42	3.95464
177	77	4.38238
177	82	3.58372
177	85	4.55502
177	168	5.83001
177	199	5.29781
177	201	6.28525
177	218	5.59532
177	250	7.00598
177	252	7.16355
177	260	7.24541
177	275	7.56788
177	290	7.78702
177	298	8.31063
178	9	4.47118
178	87	4.23896
178	106	4.71713
178	128	4.77015
178	130	4.71919
178	135	4.72105
178	139	4.83318
178	145	5.47972
178	146	4.60058
178	193	4.97466
178	195	5.85779
178	198	6.48935
178	217	6.19014
178	223	6.36078
178	276	8.19144
178	283	8.18031
179	21	4.04594
179	40	4.20576
179	133	5.07141
179	173	3.18502
179	185	4.92581
179	199	6.1706
179	208	4.46416
179	225	6.78732
179	246	5.3565
179	260	6.01269
179	262	7.61002
179	275	8.08946
179	280	8.49983
179	292	8.30457
179	296	7.17548
179	298	7.48776
180	11	4.31661
180	47	4.82598
180	84	4.37104
180	94	3.54626
180	113	3.44382
180	124	4.50981
180	183	6.06893
180	189	5.06198
180	224	6.14515
180	225	6.2654
180	273	7.34441
180	293	7.80941
180	294	8.15695
180	295	8.45153
180	296	8.12164
180	297	7.52788
181	52	3.82039
181	69	4.41605
181	130	5.4929
181	147	4.31249
181	161	5.97613
181	174	5.17541
181	201	4.85375
181	204	5.91936
181	210	4.88411
181	227	4.59425
181	241	6.97241
181	250	7.07582
181	268	7.41432
181	275	7.77282
181	296	8.32691
181	300	7.76017
182	13	4.51244
182	38	4.10451
182	76	4.04046
182	90	3.99641
182	96	4.76264
182	106	4.8422
182	110	4.284
182	166	5.34678
182	177	5.39614
182	186	5.72201
182	196	5.28577
182	261	6.47743
182	275	7.9934
182	288	8.12791
182	290	7.71776
182	297	7.59405
183	2	4.8703
183	24	3.6544
183	81	3.85913
183	112	4.66015
183	116	4.24372
183	156	5.10689
183	198	6.84173
183	207	5.78104
183	215	6.96173
183	232	4.99895
183	233	4.945
183	237	6.59004
183	242	6.53239
183	261	6.7543
183	266	7.98704
183	279	6.5611
184	42	3.85311
184	143	4.20888
184	168	5.1694
184	169	5.16829
184	171	5.3421
184	189	5.90143
184	212	5.67342
184	223	5.61503
184	228	6.4089
184	236	5.90803
184	248	7.38998
184	262	6.51778
184	263	6.95983
184	273	7.58728
184	285	8.56898
184	294	8.03319
185	42	3.81158
185	64	3.3115
185	79	4.61321
185	131	4.06487
185	137	5.0043
185	145	4.94002
185	156	4.88706
185	172	5.23723
185	175	4.83801
185	213	6.20933
185	223	6.49332
185	253	6.86319
185	259	6.52848
185	267	7.45968
185	291	8.02543
185	296	8.60981
186	88	4.57089
186	111	5.9211
186	119	4.35136
186	126	4.40957
186	130	5.42413
186	138	4.67569
186	151	3.92767
186	195	6.00363
186	200	4.67914
186	209	6.28624
186	227	7.1483
186	231	6.24145
186	244	7.41291
186	255	6.90643
186	270	7.49542
186	291	8.03872
187	52	3.61291
187	55	3.54644
187	78	5.60421
187	81	3.51387
187	132	5.64163
187	140	4.79433
187	141	6.15261
187	171	6.30176
187	183	6.06672
187	190	5.23177
187	195	5.86492
187	198	6.49648
187	223	6.3679
187	266	7.64179
187	272	7.51488
187	277	7.51952
188	72	4.15732
188	125	3.46622
188	135	4.55183
188	186	5.47728
188	191	4.63691
188	218	5.28133
188	238	7.16315
188	241	6.0278
188	258	6.31768
188	267	7.15791
188	274	7.52548
188	275	7.38899
188	280	7.79936
188	288	7.88318
188	291	7.72366
188	299	8.65865
189	15	3.91069
189	18	4.66342
189	31	3.83562
189	52	3.66088
189	103	4.49962
189	112	5.95072
189	128	4.96317
189	176	5.03584
189	209	6.33343
189	248	6.45656
189	259	6.58895
189	264	6.30252
189	272	7.22114
189	281	8.08348
189	290	7.83526
189	294	8.14674
190	46	3.18095
190	58	8.98223
190	131	4.56369
190	150	4.83737
190	153	6.47222
190	179	6.13252
190	185	5.50981
190	194	5.37585
190	224	6.20184
190	228	6.25554
190	230	5.78648
190	243	5.80276
190	255	6.65048
190	277	7.40228
190	279	7.52855
190	292	7.6632
191	44	4.26573
191	75	3.13799
191	79	4.79249
191	125	2.7787
191	129	5.09314
191	143	4.59488
191	160	5.73291
191	199	5.91648
191	230	5.87013
191	238	6.47563
191	256	6.3082
191	263	7.49778
191	280	8.24571
191	290	7.91937
191	295	8.18523
191	299	7.97112
192	10	3.37357
192	30	4.28332
192	81	6.70507
192	128	4.81267
192	131	4.71632
192	167	4.47955
192	198	5.14931
192	212	5.6727
192	213	6.1193
192	239	6.64609
192	243	5.95539
192	248	6.30606
192	249	6.66018
192	252	6.32737
192	263	6.95911
192	266	7.67718
193	6	3.48967
193	121	4.5432
193	183	5.04675
193	207	5.12561
193	212	5.79501
193	231	4.90795
193	236	6.02962
193	240	5.56504
193	243	6.07771
193	279	5.90567
193	283	7.12699
193	284	7.47903
193	285	8.69057
193	287	7.48284
193	289	8.10455
193	298	8.33068
194	8	5.10815
194	68	4.82417
194	71	4.1902
194	72	4.33663
194	119	5.31316
194	164	5.61424
194	171	5.30895
194	191	5.98596
194	201	6.15056
194	207	5.72699
194	222	6.90661
194	250	6.8713
194	261	8.07282
194	270	6.79066
194	285	8.53583
194	297	7.52863
195	11	4.49894
195	25	4.09463
195	37	4.16933
195	71	4.36697
195	95	4.74756
195	116	4.08301
195	154	6.67397
195	202	6.06203
195	218	5.64221
195	237	6.42933
195	245	6.62498
195	257	6.58848
195	261	6.59359
195	267	7.5188
195	274	7.88637
195	291	7.39036
196	47	4.86264
196	71	4.22611
196	107	4.50985
196	112	5.83392
196	174	5.14839
196	193	5.79854
196	212	5.94959
196	217	6.23614
196	222	6.22496
196	232	7.29507
196	233	7.18277
196	242	6.37395
196	244	7.31308
196	251	6.93745
196	282	7.82107
196	295	8.32453
197	4	4.249
197	91	4.32239
197	154	5.28619
197	170	5.55447
197	172	5.17843
197	177	5.01342
197	182	6.02716
197	189	5.14526
197	210	6.36756
197	246	6.48713
197	251	7.14773
197	259	6.46967
197	273	7.40881
197	274	7.76844
197	288	8.12614
197	294	8.24023
198	19	5.45683
198	25	4.3241
198	67	4.84391
198	77	4.09698
198	87	4.6601
198	89	4.21832
198	100	4.65548
198	104	4.30863
198	123	5.79855
198	181	6.1822
198	239	6.23526
198	248	6.68469
198	252	5.91654
198	262	7.49991
198	276	8.12964
198	281	8.3116
199	1	3.66724
199	38	4.05658
199	111	3.28321
199	166	5.29885
199	177	4.97306
199	184	5.4689
199	189	5.10489
199	241	6.78539
199	258	6.51448
199	272	7.27426
199	284	7.34179
199	289	7.9673
199	292	7.8009
199	294	8.19986
199	297	7.54612
199	300	8.63684
200	2	4.61691
200	4	4.27425
200	46	5.89512
200	61	4.35025
200	171	5.54489
200	185	5.71892
200	186	4.65368
200	204	5.80374
200	206	5.63659
200	208	6.90224
200	227	7.10145
200	243	8.31187
200	245	6.5323
200	264	7.70647
200	274	7.79369
200	276	7.80749
201	17	3.52375
201	39	4.03046
201	46	3.55007
201	84	4.39032
201	174	5.21981
201	192	5.80743
201	195	6.1168
201	225	6.51507
201	227	4.54
201	239	6.51587
201	265	7.79278
201	266	7.89367
201	268	7.45871
201	285	6.28183
201	290	7.69507
201	294	8.24895
202	6	3.49467
202	24	3.47186
202	53	4.20269
202	57	4.16593
202	119	4.37536
202	127	4.33324
202	157	5.07171
202	206	5.6059
202	245	6.60314
202	250	7.03104
202	257	6.83139
202	262	7.2486
202	268	7.36954
202	269	7.62583
202	271	7.453
202	291	7.63326
203	26	3.44244
203	67	4.37409
203	114	4.46956
203	120	5.42183
203	136	4.6188
203	141	4.88366
203	151	4.05317
203	154	5.48378
203	186	5.91783
203	204	5.97608
203	223	6.63211
203	246	6.68472
203	247	6.95715
203	280	6.95992
203	288	7.351
203	291	8.16421
204	75	5.12607
204	81	3.57371
204	125	5.50264
204	160	4.40836
204	163	5.61883
204	199	5.70631
204	214	5.44864
204	238	6.2371
204	242	6.39491
204	250	6.68514
204	258	7.02781
204	265	7.02543
204	266	7.70163
204	268	7.58008
204	273	7.59728
204	277	7.57936
205	14	4.07144
205	17	4.73205
205	50	4.82218
205	51	4.29594
205	72	4.53396
205	73	4.36238
205	80	3.84233
205	105	6.35989
205	203	6.36998
205	214	5.5891
205	217	6.26385
205	222	6.38639
205	224	6.34324
205	241	6.96523
205	254	6.41304
205	297	7.72597
206	12	5.9123
206	162	4.74771
206	165	4.79318
206	169	5.06918
206	192	5.49255
206	208	6.74738
206	223	6.3049
206	231	6.03975
206	235	6.55265
206	238	6.11426
206	253	6.67477
206	254	7.6596
206	255	6.70472
206	270	7.83792
206	271	7.22729
206	282	7.7192
207	37	2.82647
207	41	4.31834
207	92	4.28192
207	135	4.73353
207	178	6.25133
207	198	6.50183
207	221	6.36514
207	240	6.09369
207	242	6.40561
207	245	6.44579
207	268	7.21219
207	277	7.26236
207	281	7.90293
207	288	8.06487
207	291	7.90536
207	295	7.92058
208	11	3.33128
208	12	3.93512
208	15	4.24503
208	22	5.47049
208	59	4.82225
208	81	4.0341
208	98	5.33736
208	145	4.51234
208	173	4.19167
208	180	5.90087
208	211	6.65323
208	234	7.20497
208	238	6.6975
208	246	6.36315
208	292	8.30068
208	296	8.18213
209	57	3.78844
209	116	4.09635
209	141	4.81734
209	151	3.98684
209	175	4.70107
209	179	6.44764
209	214	5.58668
209	236	6.27733
209	246	6.6184
209	255	6.66289
209	256	6.23608
209	259	6.49891
209	271	7.48817
209	289	8.14472
209	290	7.84725
209	292	8.54225
210	33	3.59081
210	119	4.49975
210	141	4.90656
210	161	5.84561
210	198	6.78358
210	215	5.0771
210	220	6.14297
210	227	4.46373
210	250	7.15543
210	276	8.00272
210	278	5.11149
210	285	6.20556
210	287	7.61223
210	290	7.61879
210	291	8.18711
210	299	8.35684
211	38	3.352
211	58	2.19523
211	95	4.75499
211	121	4.57746
211	136	6.18017
211	166	4.28316
211	202	6.13156
211	203	6.36165
211	226	6.4409
211	244	7.46617
211	248	7.74103
211	257	7.03579
211	270	6.97966
211	272	7.70686
211	273	7.93832
211	276	7.90759
212	34	4.25829
212	38	3.99481
212	108	4.71006
212	165	4.81488
212	186	5.61232
212	199	5.64124
212	209	6.10623
212	228	6.33148
212	230	5.86242
212	243	5.8787
212	259	6.36175
212	264	6.69663
212	266	7.60049
212	289	7.90554
212	292	7.73914
212	295	8.83543
213	11	4.48442
213	27	2.4224
213	93	4.91425
213	99	5.3251
213	162	5.20618
213	169	5.84215
213	181	5.9382
213	184	5.61846
213	200	5.97572
213	217	6.36728
213	235	6.06334
213	244	5.7553
213	267	7.91793
213	287	7.49515
213	295	8.08524
213	297	7.69569
214	20	4.50615
214	65	4.12238
214	109	4.8776
214	113	4.9137
214	138	4.27288
214	151	8.22891
214	167	8.06448
214	176	4.70246
214	205	5.86589
214	232	7.10871
214	235	6.46816
214	261	7.99646
214	273	7.19471
214	278	8.50432
214	298	8.02549
214	300	8.4689
215	7	3.87449
215	46	3.74528
215	118	5.47156
215	120	5.60472
215	149	5.2476
215	161	5.95437
215	167	4.89125
215	195	6.31201
215	210	4.86234
215	246	6.86761
215	248	6.71776
215	254	6.65983
215	274	6.97405
215	278	5.22025
215	285	6.31431
215	300	7.7384
216	23	1.48084
216	43	4.3675
216	122	5.13969
216	169	5.60184
216	191	6.45266
216	215	4.69047
216	240	7.22401
216	265	7.32988
216	274	6.47866
216	277	7.98918
216	278	4.72486
216	282	8.25186
216	285	5.81893
216	291	8.36967
216	294	8.46673
216	300	7.24301
217	19	4.1232
217	80	3.64783
217	84	4.58653
217	89	4.022
217	94	3.73627
217	101	6.9616
217	116	4.11617
217	122	4.88773
217	142	4.33423
217	163	5.77669
217	205	6.41521
217	218	7.71261
217	231	6.32045
217	251	6.64512
217	284	7.53903
217	285	8.75057
218	67	4.3205
218	79	4.4131
218	80	4.36881
218	91	7.00881
218	104	5.89455
218	114	5.0672
218	134	4.72871
218	162	4.92677
218	170	5.37846
218	181	5.65879
218	204	5.60248
218	205	7.13619
218	211	6.0236
218	288	7.95013
218	291	7.79062
218	294	7.88768
219	92	4.43187
219	96	3.24553
219	144	3.96752
219	154	5.37488
219	214	5.14218
219	222	6.69992
219	225	6.4185
219	227	7.1649
219	235	6.77095
219	242	6.49038
219	251	6.58272
219	258	6.64933
219	259	6.55836
219	261	7.86612
219	276	7.87093
219	293	7.96182
220	33	3.33095
220	97	4.1482
220	104	3.92185
220	127	5.82965
220	145	5.51408
220	146	4.15871
220	186	5.43909
220	192	5.58279
220	194	5.52033
220	201	6.17484
220	221	6.38703
220	238	6.2045
220	239	6.29123
220	247	6.72019
220	270	8.14517
220	300	8.64362
221	27	5.36385
221	35	4.38616
221	97	4.28868
221	98	5.05552
221	114	4.72197
221	118	4.36509
221	132	5.88001
221	133	4.78568
221	153	4.67286
221	164	5.84966
221	189	6.1037
221	197	5.86172
221	266	6.79084
221	286	8.84931
221	290	7.88775
221	294	8.23546
222	5	4.65501
222	31	3.76463
222	60	3.5648
222	68	5.31439
222	100	4.35637
222	115	4.92849
222	133	4.6622
222	136	6.1031
222	175	4.8275
222	187	5.49431
222	193	5.87457
222	232	7.3711
222	260	7.22267
222	261	8.56304
222	272	7.62979
222	293	8.65873
223	10	3.51705
223	27	5.30434
223	93	3.4059
223	101	3.55446
223	103	4.4926
223	111	3.44163
223	124	4.68647
223	181	5.94706
223	197	5.80221
223	249	7.05068
223	257	7.0227
223	262	6.92998
223	268	7.98227
223	279	7.82467
223	298	8.35185
223	300	8.79526
224	23	5.79555
224	58	8.84092
224	86	4.5884
224	106	4.79595
224	108	4.75413
224	116	6.96878
224	124	4.51675
224	128	4.84897
224	148	5.10629
224	150	4.69606
224	170	5.55954
224	200	5.87739
224	217	6.26895
224	218	5.52936
224	248	6.34236
225	15	3.86351
225	40	3.82035
225	74	4.21494
225	82	4.65454
225	83	3.23532
225	155	5.50815
225	171	5.4447
225	175	5.45095
225	209	5.09825
225	221	6.4985
225	249	6.7635
225	255	7.41277
225	265	7.1043
225	279	7.7845
225	282	7.59731
225	284	7.46004
226	34	4.03482
226	49	5.11282
226	61	4.35764
226	65	4.62291
226	92	4.62961
226	100	4.87554
226	135	5.08122
226	148	5.38764
226	160	4.99301
226	168	5.48632
226	185	5.9801
226	195	6.21796
226	207	6.07707
226	229	5.89124
226	236	6.22496
226	273	8.18193
227	18	4.9644
227	64	3.67295
227	110	4.70249
227	112	4.80177
227	114	5.66347
227	163	3.37302
227	188	5.61745
227	215	4.86306
227	230	6.3906
227	274	6.65126
227	278	4.89745
227	286	7.90377
227	290	7.40475
227	291	8.38688
227	296	8.6063
227	300	7.41561
228	22	2.2375
228	62	4.45209
228	132	5.24243
228	134	5.03272
228	184	5.64306
228	191	6.17761
228	199	5.84109
228	230	6.09834
228	231	5.51612
228	239	6.4586
228	240	6.17321
228	279	6.51384
228	283	7.73516
228	287	7.51975
228	295	8.10984
228	299	8.26436
229	79	4.72812
229	109	5.23071
229	119	4.41828
229	120	5.36325
229	188	5.33621
229	211	5.53768
229	219	6.37282
229	223	5.85972
229	232	7.46182
229	233	7.34953
229	240	6.95998
229	255	6.97335
229	256	8.29703
229	262	6.76248
229	268	7.81478
229	270	6.99332
230	4	3.66909
230	69	4.54589
230	103	4.29632
230	140	4.77692
230	188	5.9864
230	191	4.70658
230	201	6.13019
230	227	6.99218
230	253	6.72037
230	255	6.75031
230	257	6.82641
230	263	8.25497
230	264	7.5972
230	278	8.6344
230	297	7.50826
230	299	8.72831
231	132	4.94323
231	187	5.4656
231	193	4.23032
231	196	5.64886
231	198	6.58269
231	201	6.2338
231	237	6.33099
231	245	6.52664
231	247	6.77915
231	258	6.58023
231	267	7.4516
231	269	8.15602
231	277	7.04268
231	283	7.43596
231	285	8.61907
231	291	7.98622
232	57	4.28579
232	95	4.18595
232	130	3.55593
232	146	5.30293
232	164	3.43609
232	174	5.66315
232	176	5.86627
232	177	6.23085
232	191	6.67822
232	222	6.88131
232	235	5.1781
232	244	4.87005
232	251	7.12264
232	267	7.03268
232	279	5.79572
232	292	8.47567
233	33	3.91191
233	122	3.50947
233	147	4.7132
233	157	5.5172
233	159	5.50529
233	169	4.97929
233	196	6.17086
233	208	7.41858
233	209	6.75574
233	216	7.20293
233	235	5.20049
233	269	7.75949
233	271	7.08887
233	277	6.64616
233	279	5.81811
233	297	8.13386
234	4	4.50076
234	17	3.59025
234	92	3.56317
234	133	4.86567
234	136	4.57184
234	172	4.58146
234	178	5.56049
234	181	6.08656
234	196	5.88104
234	209	6.46591
234	226	7.06667
234	240	7.07273
234	257	7.1622
234	281	8.21596
234	286	8.54994
234	288	7.30404
235	5	4.09078
235	12	3.71382
235	42	4.11592
235	51	2.70631
235	102	3.94139
235	149	5.09944
235	152	5.74565
235	188	5.42951
235	222	6.48502
235	226	7.04722
235	237	6.54372
235	269	8.33784
235	271	7.66721
235	276	7.62891
235	279	6.39646
235	284	7.62026
236	83	3.25636
236	84	4.33554
236	120	3.51757
236	125	5.40952
236	133	5.55095
236	141	4.58618
236	145	5.45356
236	211	6.09972
236	225	7.01485
236	234	6.65146
236	244	7.24092
236	250	6.83505
236	253	7.41931
236	264	7.58133
236	277	7.48624
236	297	7.49239
237	2	2.66136
237	63	3.10252
237	92	4.19417
237	109	4.82999
237	165	4.97201
237	169	5.248
237	183	6.18254
237	217	6.31309
237	219	6.28302
237	221	6.76157
237	225	6.37902
237	242	6.4509
237	249	6.74062
237	288	7.93504
237	294	8.1129
237	299	8.18557
238	25	5.2901
238	40	3.72781
238	61	4.30456
238	85	4.76132
238	125	3.75036
238	151	3.83513
238	171	5.35215
238	207	5.7702
238	208	6.85655
238	240	6.80052
238	241	6.31194
238	266	7.68796
238	273	7.38836
238	278	8.69798
238	287	7.3713
238	299	8.94278
239	24	4.53409
239	68	4.25957
239	81	6.73956
239	90	4.02279
239	99	5.24984
239	132	5.73639
239	157	5.00377
239	169	5.22694
239	198	5.18381
239	208	6.90514
239	213	6.17868
239	248	6.36543
239	252	6.36187
239	279	7.74056
239	292	7.87521
239	300	8.71115
240	10	3.6346
240	15	4.59202
240	26	3.47466
240	76	4.26849
240	83	5.7499
240	87	4.54251
240	112	4.61131
240	169	5.64232
240	174	5.26435
240	178	6.29815
240	244	5.55547
240	254	6.50916
240	267	7.7181
240	274	7.99824
240	292	8.07687
240	300	8.9128
241	13	3.07761
241	54	4.50307
241	63	4.21328
241	111	3.5865
241	139	5.16405
241	175	5.03633
241	180	5.70438
241	188	5.65519
241	191	4.37536
241	226	7.07203
241	230	6.2961
241	238	6.9016
241	250	7.19208
241	254	6.53648
241	257	7.16757
241	299	8.39709
242	27	2.30237
242	65	4.34142
242	67	4.50144
242	80	5.11798
242	173	5.79136
242	178	6.37794
242	195	5.93647
242	235	5.94331
242	240	6.22031
242	241	6.83648
242	260	7.17931
242	271	7.83169
242	286	7.48845
242	287	7.39668
242	297	7.59722
242	300	8.68793
243	10	3.22451
243	97	4.57065
243	106	4.61059
243	135	4.64277
243	157	4.79534
243	159	4.59865
243	186	5.86154
243	207	5.61036
243	213	5.97025
243	257	6.73015
243	266	7.52812
243	271	7.17663
243	278	8.53814
243	283	7.62745
243	288	7.94585
243	299	7.95608
244	7	3.86313
244	35	4.46312
244	53	4.47571
244	54	4.61506
244	157	5.34474
244	162	5.4719
244	168	5.56901
244	169	5.24285
244	180	5.81637
244	213	5.84184
244	228	5.73556
244	238	6.613
244	242	6.05296
244	267	7.31863
244	276	7.31412
244	282	8.21793
245	41	4.38163
245	96	3.46896
245	121	7.35728
245	127	5.87105
245	151	8.322
245	181	5.83683
245	193	5.82831
245	194	5.31725
245	197	5.69198
245	237	6.31343
245	250	6.93698
245	251	6.49606
245	265	7.03423
245	271	7.35894
245	284	7.38998
245	293	8.18525
246	51	4.1558
246	61	4.31854
246	139	4.90046
246	145	4.68631
246	184	5.5086
246	208	5.64478
246	230	5.96388
246	232	7.31635
246	245	6.50059
246	251	6.48757
246	264	7.67476
246	277	7.57967
246	290	7.70952
246	295	7.97538
246	296	8.3561
246	298	8.66838
247	15	3.8905
247	48	5.05323
247	63	4.05525
247	88	4.06823
247	94	3.68428
247	115	5.77112
247	120	3.55266
247	164	5.77699
247	190	5.39748
247	200	5.97141
247	235	6.78136
247	236	7.08333
247	259	7.30492
247	276	7.88133
247	293	7.97291
247	298	8.33869
248	3	3.25287
248	48	4.9018
248	61	4.69138
248	101	3.38986
248	137	5.25772
248	153	4.44876
248	192	5.56983
248	203	6.18396
248	222	6.20037
248	223	6.54342
248	250	7.60353
248	253	6.75205
248	266	7.65607
248	279	7.66007
248	283	7.75539
248	299	8.08402
249	9	2.44841
249	18	4.56842
249	126	4.57946
249	137	4.95273
249	149	4.89139
249	180	5.47152
249	192	5.64643
249	194	5.58398
249	221	6.45068
249	245	6.53132
249	250	7.29854
249	258	7.64121
249	271	7.38118
249	273	8.21068
249	287	7.41602
249	297	7.61655
250	12	3.60677
250	45	4.3511
250	54	4.37121
250	93	3.61701
250	98	5.00902
250	120	5.34951
250	150	5.18095
250	165	7.22564
250	170	5.67974
250	204	5.11991
250	214	5.58069
250	247	6.88483
250	265	7.15747
250	267	7.52615
250	268	8.19339
250	290	7.84126
251	34	4.34482
251	73	4.72957
251	78	4.38739
251	86	4.52757
251	90	3.93888
251	177	5.40058
251	179	6.26062
251	191	5.99385
251	205	6.02424
251	206	5.45405
251	255	6.77858
251	264	6.78316
251	281	7.90844
251	286	7.42776
251	295	8.92196
251	300	8.62724
252	6	5.65536
252	43	4.14673
252	77	4.28575
252	87	4.49498
252	103	4.56262
252	119	4.46154
252	123	5.98732
252	172	5.3607
252	198	4.92726
252	239	6.42404
252	250	7.11722
252	260	7.35665
252	267	7.58315
252	286	7.66579
252	287	7.57402
252	294	8.24596
253	88	3.96412
253	115	5.66701
253	127	5.93776
253	131	4.81629
253	138	4.55572
253	144	3.94757
253	173	5.85516
253	189	6.00067
253	207	5.85938
253	209	5.05026
253	214	5.52416
253	236	6.97922
253	262	7.22125
253	274	7.83718
253	280	8.11106
253	282	7.54932
254	53	3.94966
254	123	4.09837
254	146	4.04759
254	159	4.06509
254	187	6.99916
254	219	6.07687
254	226	6.65797
254	229	6.3103
254	247	6.60263
254	259	6.31274
254	269	7.3728
254	287	9.16849
254	288	7.9692
254	292	7.69013
254	295	7.8249
254	300	8.52606
255	13	4.55184
255	41	4.42078
255	102	3.75024
255	164	5.71906
255	174	5.07572
255	175	5.34218
255	203	6.27747
255	209	4.98948
255	218	5.56546
255	246	6.5283
255	253	7.2895
255	265	7.07337
255	275	7.67312
255	289	8.05463
255	292	9.18336
255	295	8.02301
256	31	4.72611
256	134	4.73124
256	140	4.68746
256	204	5.41233
256	214	5.28194
256	215	6.50961
256	224	6.03607
256	226	7.00558
256	237	6.13792
256	251	6.32055
256	253	6.6309
256	254	6.10587
256	285	8.426
256	292	7.67358
256	295	7.80835
256	297	7.4188
257	1	4.38988
257	60	3.58256
257	123	4.32136
257	129	3.99226
257	154	6.73931
257	158	4.3992
257	181	5.90085
257	202	6.12737
257	222	6.31876
257	235	6.74832
257	262	7.21857
257	277	7.65219
257	279	7.77846
257	283	7.87378
257	286	7.54957
257	291	7.4557
258	36	3.89476
258	161	5.06472
258	165	7.33739
258	177	5.52564
258	187	5.36941
258	190	5.22178
258	192	5.54556
258	193	5.74968
258	204	5.23167
258	226	6.82492
258	235	6.60566
258	238	6.16727
258	268	8.30515
258	271	7.2803
258	285	8.52288
258	291	7.89002
259	72	4.29283
259	139	4.89029
259	162	4.99533
259	165	4.81535
259	177	5.4948
259	180	5.3398
259	209	4.95126
259	247	7.38347
259	252	6.98507
259	255	7.26578
259	258	6.45319
259	261	6.36821
259	278	8.61098
259	289	7.90601
259	292	9.14514
259	299	8.02891
260	3	4.45361
260	5	3.97767
260	45	4.34503
260	55	3.73226
260	73	4.3479
260	131	3.92704
260	170	5.67367
260	208	5.76067
260	220	6.04169
260	246	6.65301
260	259	6.58887
260	267	7.52008
260	283	7.92693
260	289	8.13266
260	294	8.18289
260	298	8.78426
261	38	4.00586
261	48	4.85726
261	51	4.06539
261	118	4.99421
261	121	7.84323
261	204	5.68162
261	206	5.41294
261	213	6.05366
261	219	5.67438
261	228	6.34253
261	230	5.87347
261	252	6.99565
261	263	6.89346
261	272	7.48463
261	283	7.71086
261	293	8.6712
262	19	4.08396
262	82	4.69429
262	88	4.61065
262	103	4.4922
262	106	4.90272
262	110	4.31114
262	144	6.62333
262	158	5.13458
262	160	4.87321
262	168	5.31175
262	189	6.04378
262	258	7.49266
262	267	7.51273
262	284	7.75208
262	293	7.98567
262	297	7.70413
263	4	3.91052
263	19	3.98871
263	59	4.29205
263	67	4.51311
263	73	4.2453
263	134	4.92132
263	178	5.32533
263	238	7.47425
263	241	6.3389
263	244	7.35742
263	254	6.29595
263	255	6.85094
263	260	7.19097
263	273	7.42541
263	284	7.40454
263	299	8.96974
264	6	3.65477
264	10	5.21728
264	20	3.80102
264	43	3.29987
264	46	3.621
264	74	4.39903
264	131	5.00374
264	151	4.11178
264	212	6.12043
264	228	6.69559
264	240	7.07716
264	253	7.06058
264	258	6.81683
264	275	7.57124
264	286	7.73971
264	295	8.49537
265	69	5.06187
265	119	4.25103
265	169	5.17055
265	174	5.0063
265	193	5.79804
265	203	6.20805
265	216	4.854
265	227	5.24007
265	236	5.91029
265	238	6.21564
265	263	6.96209
265	270	6.82607
265	273	7.38057
265	274	7.64164
265	280	8.01408
265	300	8.40599
266	35	4.11842
266	50	4.91022
266	69	4.85164
266	111	3.55109
266	143	4.61322
266	146	4.89605
266	156	5.04998
266	159	5.18544
266	160	5.75125
266	201	6.43594
266	234	5.56617
266	244	7.56254
266	247	6.98129
266	280	6.94459
266	289	8.11549
266	297	8.56626
267	18	2.25744
267	94	3.69688
267	99	5.33339
267	131	4.85924
267	164	4.39796
267	165	5.03449
267	171	5.48429
267	207	5.97753
267	215	6.79479
267	224	6.32125
267	233	5.14149
267	244	5.83192
267	248	6.44898
267	251	6.60572
267	286	7.59521
267	293	7.98551
268	11	4.45774
268	34	3.82512
268	38	3.74235
268	53	5.00895
268	70	4.92186
268	139	4.98365
268	151	3.93231
268	172	5.25516
268	175	4.85593
268	217	6.34061
268	219	6.31053
268	249	7.37989
268	269	7.60646
268	276	7.85897
268	279	7.78913
268	282	7.92554
269	15	5.08687
269	31	3.8869
269	44	4.23289
269	51	3.28584
269	58	2.24043
269	96	4.93143
269	110	4.45279
269	178	6.79299
269	186	5.8908
269	194	5.73026
269	230	6.1409
269	235	6.35836
269	253	6.97494
269	258	6.73119
269	264	7.85178
269	284	7.5585
270	56	3.09248
270	76	3.96871
270	105	4.35482
270	141	6.00162
270	142	4.11317
270	187	6.93074
270	210	6.29759
270	214	5.38545
270	244	7.27084
270	246	6.41716
270	254	7.78733
270	268	7.20348
270	280	7.97235
270	283	7.73776
270	289	7.94349
270	293	7.80384
271	40	3.80076
271	109	5.14421
271	122	4.41753
271	124	4.62673
271	188	5.24971
271	193	4.74186
271	213	6.48635
271	220	5.975
271	233	5.11008
271	240	6.38555
271	250	6.98746
271	263	7.04284
271	264	7.73374
271	272	7.63401
271	274	7.82095
271	282	7.90132
272	11	4.51329
272	78	4.57542
272	153	4.63337
272	168	6.07315
272	180	5.24869
272	185	5.82594
272	187	5.57829
272	189	5.3456
272	196	5.10339
272	203	6.36857
272	236	6.0708
272	242	6.53396
272	255	6.96661
272	261	6.60793
272	275	7.81102
272	292	7.97934
273	38	3.72982
273	50	4.86772
273	58	2.13991
273	121	4.52215
273	138	4.55703
273	147	4.24166
273	166	4.66098
273	182	5.63132
273	184	4.98948
273	211	6.02185
273	225	6.39985
273	236	6.00857
273	261	6.5457
273	278	8.78847
273	293	7.94386
273	295	8.05188
274	23	2.25921
274	35	4.2996
274	64	3.45828
274	133	4.8195
274	163	3.97879
274	181	5.09973
274	196	5.83487
274	204	5.98408
274	216	4.4694
274	220	6.12808
274	223	6.64011
274	250	7.14054
274	270	7.0599
274	285	6.5973
274	290	8.01053
274	291	8.17222
275	26	4.29495
275	45	4.37496
275	52	4.05926
275	105	4.57392
275	115	5.02932
275	137	5.09462
275	149	5.01624
275	180	5.35326
275	182	6.33207
275	194	5.70883
275	195	6.08066
275	218	5.67341
275	263	7.13946
275	264	6.70091
275	279	7.86153
275	296	8.33517
276	3	3.46298
276	18	2.16644
276	47	2.98976
276	58	2.22764
276	107	5.8336
276	159	5.12148
276	193	4.68227
276	202	6.16397
276	208	7.03477
276	220	6.08026
276	224	6.36733
276	230	6.12811
276	235	6.04897
276	261	6.63343
276	280	8.2001
276	294	8.22146
277	110	4.37277
277	112	4.47205
277	164	4.1703
277	174	5.12509
277	184	5.6056
277	208	6.96754
277	209	6.3047
277	221	6.51695
277	226	6.90545
277	228	6.18381
277	245	6.5976
277	267	7.76688
277	276	7.76238
277	278	8.80897
277	279	6.52992
277	298	8.33014
278	69	3.80298
278	70	5.6228
278	129	5.53954
278	161	5.36306
278	177	6.25203
278	181	4.22545
278	210	4.27104
278	216	3.59512
278	227	3.98118
278	236	6.58832
278	260	7.82416
278	264	8.33101
278	273	8.0586
278	274	6.38275
278	290	7.13624
278	300	7.1471
279	29	4.16312
279	122	3.87204
279	128	4.95302
279	176	6.25123
279	188	5.30632
279	242	6.15197
279	249	6.80053
279	266	7.81753
279	269	8.12206
279	270	6.96344
279	272	7.69063
279	276	7.41314
279	283	7.40201
279	294	8.17282
279	295	8.09097
279	297	7.70141
280	22	5.21941
280	32	3.80232
280	42	4.08613
280	48	3.76126
280	87	4.51523
280	102	3.9116
280	121	4.65463
280	122	4.93917
280	166	5.54754
280	237	7.00076
280	266	6.55778
280	281	8.16672
280	288	7.37034
280	297	8.60094
280	299	8.33888
280	300	8.88553
281	18	4.72063
281	22	5.19336
281	31	3.89282
281	37	4.22789
281	84	4.61192
281	126	4.56247
281	138	4.82859
281	142	4.35963
281	168	5.37638
281	200	4.83204
281	225	6.50629
281	229	6.64372
281	241	7.00803
281	243	8.60044
281	266	7.88489
281	287	8.78275
282	60	3.61484
282	69	4.72824
282	76	4.13702
282	109	5.19003
282	123	4.35364
282	133	5.20165
282	144	3.97716
282	148	5.05647
282	225	6.66555
282	253	7.07001
282	262	7.25084
282	268	7.37178
282	271	7.45524
282	280	8.14066
282	291	8.06496
282	292	8.96387
283	4	4.333
283	22	2.30428
283	66	4.54599
283	80	5.19705
283	127	5.95302
283	150	5.13968
283	207	5.80055
283	214	5.53942
283	226	6.8989
283	241	6.91555
283	246	6.57113
283	265	7.1162
283	267	7.81757
283	276	7.81306
283	277	7.40865
283	296	8.27004
284	32	3.54589
284	93	3.48755
284	143	4.70272
284	204	4.99044
284	213	6.09663
284	231	6.11547
284	234	6.69746
284	248	7.88382
284	255	6.78044
284	258	7.51165
284	275	7.57806
284	286	7.42962
284	292	7.79317
284	293	7.81992
284	296	8.13215
284	297	7.53839
285	12	3.88312
285	29	2.96148
285	49	5.22801
285	50	5.09011
285	71	4.65547
285	88	4.90042
285	117	4.41816
285	201	4.69112
285	214	5.85704
285	262	7.55413
285	264	8.08285
285	265	7.6844
285	274	6.83318
285	278	5.07938
285	290	7.58668
285	300	7.59753
286	63	3.0004
286	87	4.30523
286	139	4.89945
286	142	4.17567
286	146	4.66685
286	150	5.04821
286	172	5.11033
286	203	5.85723
286	209	6.20668
286	234	6.06342
286	235	6.67479
286	249	6.68394
286	256	6.09734
286	262	7.14504
286	265	7.02473
286	283	7.80026
287	41	4.34513
287	56	3.27869
287	103	3.28332
287	115	4.84572
287	129	4.85528
287	150	5.02121
287	170	5.51999
287	197	5.65547
287	200	5.33558
287	220	7.38391
287	235	6.64779
287	245	6.47258
287	259	6.4352
287	286	7.44904
287	292	7.81259
287	297	7.55781
288	13	4.66886
288	92	3.66082
288	143	4.54968
288	149	4.68074
288	152	5.45367
288	168	5.35809
288	189	6.09013
288	194	5.7179
288	203	5.42601
288	218	5.68248
288	231	6.32756
288	254	6.43755
288	265	7.1904
288	280	7.01061
288	289	8.18151
288	294	8.22188
289	1	4.43868
289	20	3.65968
289	40	3.8399
289	42	3.99846
289	100	4.42293
289	108	4.8639
289	115	4.99505
289	118	4.42757
289	180	5.5621
289	202	6.12105
289	234	5.89638
289	252	7.20737
289	258	6.67549
289	266	6.85332
289	282	7.96366
289	287	7.5066
290	1	4.34418
290	72	4.42063
290	171	5.39295
290	176	4.93691
290	199	5.73344
290	201	5.21293
290	210	5.24329
290	212	5.72427
290	220	5.94284
290	222	6.27306
290	274	7.355
290	278	5.60119
290	289	8.03381
290	293	7.89417
290	296	8.20639
290	297	7.61263
291	45	4.61658
291	56	4.40968
291	70	5.03036
291	71	4.36094
291	101	3.49954
291	136	6.11216
291	146	4.73167
291	152	5.57068
291	154	6.66793
291	195	5.42289
291	205	6.13734
291	235	6.73961
291	244	7.39816
291	251	6.55137
291	257	6.58244
291	280	8.09967
292	16	3.08762
292	58	2.04497
292	66	4.4371
292	93	4.78595
292	98	3.75907
292	126	4.53029
292	156	4.80336
292	178	5.28384
292	209	5.21229
292	211	6.17472
292	216	6.63646
292	225	7.10785
292	253	7.51231
292	273	7.38391
292	283	7.78283
292	295	7.95694
293	26	3.24199
293	54	4.24308
293	104	3.95836
293	127	5.86616
293	147	5.02964
293	157	4.47233
293	173	5.78356
293	190	5.29552
293	200	5.86945
293	219	5.4106
293	245	6.34323
293	258	6.55777
293	273	7.40595
293	279	7.70954
293	284	7.38508
293	289	8.0106
294	28	3.90218
294	30	4.36465
294	52	4.01764
294	57	3.70728
294	82	3.8898
294	106	4.72276
294	114	5.29332
294	168	6.13609
294	197	5.59208
294	214	5.50553
294	215	6.7332
294	237	6.36151
294	240	6.87107
294	256	6.15492
294	277	7.63624
294	298	8.2897
295	16	5.25818
295	75	5.12937
295	97	4.11343
295	110	4.27876
295	113	3.82356
295	139	4.90344
295	156	4.82878
295	166	5.34153
295	200	5.86884
295	212	6.45633
295	216	6.65788
295	233	7.20704
295	248	6.33381
295	254	6.27588
295	276	7.77876
295	294	8.53669
296	1	4.37477
296	76	3.98819
296	102	3.76001
296	131	3.9052
296	144	3.92977
296	147	4.22256
296	173	4.45967
296	182	5.61222
296	232	7.37375
296	240	6.8719
296	257	6.96138
296	258	6.61158
296	260	7.28734
296	276	7.83318
296	290	7.76692
296	298	8.76242
297	40	3.84379
297	104	3.79599
297	118	4.43145
297	155	4.59472
297	209	6.04892
297	237	7.30019
297	246	6.3219
297	248	6.17205
297	265	6.86697
297	277	7.4209
297	279	7.54717
297	281	7.79896
297	289	8.4496
297	293	7.70859
297	298	8.07436
297	300	8.51777
298	27	5.22201
298	32	3.62972
298	59	5.1501
298	64	3.28262
298	76	4.04803
298	137	4.97543
298	148	5.13115
298	179	3.68281
298	219	6.26374
298	225	6.35974
298	232	7.35274
298	238	6.27381
298	260	7.34719
298	267	7.43081
298	281	7.99413
298	296	8.50998
299	73	4.16817
299	132	5.64771
299	165	4.86227
299	178	5.2482
299	191	4.60961
299	200	5.81178
299	236	5.878
299	238	7.13585
299	241	6.0005
299	243	5.92609
299	263	8.158
299	270	6.79378
299	272	7.52097
299	274	7.70791
299	287	7.33122
299	291	7.90609
300	23	2.12416
300	86	4.14439
300	109	5.2014
300	181	4.96468
300	182	5.67099
300	188	5.3069
300	215	5.33378
300	229	6.57694
300	232	7.43251
300	245	6.61676
300	248	6.44699
300	254	6.38906
300	265	7.97319
300	270	6.96401
300	274	7.12198
300	278	5.36817
