in-degree distribution (probability density function of the degree in logarithmic bins) 
8.49254	0.159872
10.4318	0.0893826
12	0.0345886
13.8723	0.0691997
16.5789	0.0238157
19.625	0.0426847
23.1818	0.00999328
26.125	0.0123748
31.2692	0.0171196
36.625	0.0044845
40	0.000954459

in-degree distribution (degree-occurrences) 
8	0.113333
9	0.11
10	0.0833333
11	0.0633333
12	0.0666667
13	0.07
14	0.0366667
15	0.05
16	0.0266667
17	0.0366667
18	0.03
19	0.04
20	0.0133333
21	0.05
22	0.0133333
23	0.00333333
24	0.02
25	0.0166667
26	0.02
27	0.01
28	0.00666667
29	0.02
30	0.0166667
31	0.01
32	0.01
33	0.02
34	0.01
35	0.00333333
36	0.01
37	0.00666667
38	0.00666667
40	0.00666667


--------------------------------------
out-degree distribution (probability density function of the degree in logarithmic bins) 
15	0.0176437
16	3.62957
17	1.24544

out-degree distribution (degree-occurrences) 
15	0.00333333
16	0.73
17	0.266667


--------------------------------------
community distribution (size-occurrences)
8	0.0714286
10	0.142857
12	0.0714286
13	0.0714286
16	0.0714286
20	0.0714286
22	0.0714286
23	0.0714286
29	0.0714286
31	0.0714286
32	0.0714286
35	0.0714286
39	0.0714286


--------------------------------------
mixing parameter (in-links)
0.625	0.05
0.636364	0.03
0.644958	0.00666667
0.666667	0.193333
0.67704	0.0166667
0.683054	0.05
0.690612	0.13
0.699252	0.15
0.705852	0.07
0.713985	0.0833333
0.72143	0.02
0.727772	0.0466667
0.734143	0.0433333
0.75	0.0866667
0.769231	0.00666667
0.777778	0.0166667

--------------------------------------
mixing parameter (out-links)
0.4375	0.00333333
0.5	0.00333333
0.529412	0.00333333
0.5625	0.02
0.588235	0.0133333
0.625	0.08
0.647059	0.04
0.6875	0.416667
0.705882	0.176667
0.733333	0.00333333
0.752206	0.2
0.8125	0.0333333
0.878676	0.00666667

--------------------------------------
mixing parameter (weights)
0.699659	0.01
0.699702	0.00333333
0.699755	0.0133333
0.699797	0.0333333
0.699848	0.0533333
0.699903	0.06
0.699951	0.18
0.699999	0.18
0.700049	0.11
0.700097	0.116667
0.70015	0.0833333
0.700194	0.0666667
0.700246	0.0333333
0.700307	0.0233333
0.700343	0.0133333
0.700434	0.00333333
0.700494	0.00666667
0.70054	0.00666667
0.70062	0.00333333

--------------------------------------
internal weights (weight-occurrences)
1.35122	0.00135227
1.78913	0.0020284
2.26469	0.0108181
2.68168	0.0148749
3.0661	0.025693
3.44048	0.0453009
3.84217	0.0554429
4.24992	0.0723462
4.63194	0.0791075
5.03903	0.0973631
5.45464	0.0730223
5.85005	0.081812
6.25446	0.0784314
6.64795	0.07167
7.04531	0.0804598
7.45757	0.0750507
7.84564	0.056119
8.25711	0.0513861
8.65757	0.0196078
9.04955	0.00811359

--------------------------------------
external weights (weight-occurrences)
1.93954	0.000882353
2.2008	0.00117647
2.66986	0.00205882
3.05604	0.00676471
3.3995	0.0261765
3.7365	0.0455882
4.09269	0.0661765
4.4352	0.0829412
4.79882	0.0744118
5.1582	0.0773529
5.52174	0.0773529
5.87644	0.0814706
6.22679	0.0908824
6.58111	0.08
6.95001	0.0623529
7.31068	0.0758824
7.66649	0.0720588
7.99433	0.0482353
8.34683	0.0205882
8.69391	0.00764706
