1	88	4.75791
1	90	3.16233
1	131	4.09569
1	159	8.53287
1	168	4.72526
1	174	4.44958
1	184	4.82917
1	187	4.31771
1	208	5.68067
1	216	5.41449
1	236	7.51137
1	251	5.32082
1	260	6.14083
1	266	6.67401
1	272	7.27941
1	294	9.23347
2	7	1.77375
2	38	1.75269
2	194	3.91232
2	201	3.8193
2	202	4.49332
2	205	4.23327
2	206	3.91617
2	226	5.37591
2	232	4.98413
2	237	5.77747
2	248	6.08537
2	261	7.46383
2	274	6.69213
2	286	9.96526
2	291	8.06421
2	300	8.08772
3	27	1.55966
3	83	0.000386684
3	123	2.16626
3	171	2.4966
3	189	2.94455
3	259	5.77285
3	263	5.2597
3	269	5.96317
3	271	10.9382
3	275	7.2021
3	278	6.97099
3	283	7.58194
3	284	7.00348
3	290	8.5387
3	295	11.8557
3	296	8.20648
4	41	4.91593
4	88	4.63789
4	90	3.04231
4	93	3.74895
4	129	6.41113
4	163	4.36505
4	184	4.70915
4	187	4.19769
4	208	5.56064
4	213	0.000163293
4	216	5.29447
4	234	5.54891
4	260	6.0208
4	266	6.55399
4	272	7.15939
4	290	11.4241
5	50	1.55523
5	112	1.35886
5	149	10.1891
5	159	2.63266
5	230	4.13999
5	245	15.0157
5	256	4.56005
5	263	4.25091
5	275	6.19331
5	278	5.96219
5	281	6.10498
5	283	6.57315
5	284	5.99468
5	290	7.5299
5	294	7.37665
5	296	7.19768
6	3	1.72957
6	44	3.28713
6	134	4.12778
6	153	5.19516
6	168	3.96515
6	179	3.28329
6	199	5.26355
6	231	7.03542
6	235	5.35867
6	241	8.0621
6	246	5.71111
6	248	6.23562
6	255	6.01041
6	270	9.01916
6	276	8.28427
6	282	9.47944
7	62	2.59867
7	202	4.39513
7	205	4.13508
7	206	3.81798
7	209	4.62704
7	227	4.35636
7	237	5.67927
7	254	7.2806
7	258	5.95724
7	269	9.65275
7	274	6.59394
7	280	6.70982
7	286	7.47917
7	291	7.96602
7	293	7.93736
7	297	7.83417
8	24	0.00201636
8	51	0.00748406
8	56	19.9942
8	158	3.2389
8	181	4.52269
8	204	4.17231
8	207	0.00418585
8	210	4.11094
8	214	10.8725
8	222	4.95899
8	238	5.67833
8	242	5.16231
8	285	7.56133
8	286	7.00838
8	297	8.27684
8	298	7.98051
9	55	5.33367
9	82	2.64815
9	176	2.52642
9	179	3.19254
9	186	3.21149
9	207	4.75498
9	210	3.42732
9	229	4.0187
9	242	4.47869
9	244	5.37579
9	250	5.04181
9	259	6.0085
9	285	6.87771
9	286	6.32476
9	297	7.59322
9	298	7.29688
10	3	1.45715
10	39	6.78382
10	41	1.47356
10	52	0.820843
10	142	2.00246
10	159	2.97944
10	198	3.83752
10	230	4.48677
10	239	4.10101
10	256	4.90683
10	275	6.54009
10	278	6.30897
10	281	6.45176
10	283	6.91993
10	290	7.87668
10	296	7.54446
11	61	3.28864
11	77	2.83285
11	172	5.31656
11	190	3.70734
11	214	3.93511
11	225	4.09922
11	243	5.87652
11	249	5.83631
11	251	5.8476
11	254	5.82958
11	262	5.98973
11	273	7.40334
11	276	3.20003
11	277	7.45575
11	280	9.57428
11	282	10.9702
12	41	0.905329
12	137	12.9748
12	152	3.50531
12	156	3.39271
12	160	3.26517
12	170	3.54035
12	191	9.01755
12	205	4.31026
12	209	4.80222
12	223	9.0738
12	226	5.4529
12	240	5.58697
12	274	6.76912
12	291	8.1412
12	293	8.11254
12	300	8.1647
13	9	1.20514
13	17	2.28193
13	82	3.32875
13	119	2.16081
13	121	12.1567
13	158	3.23588
13	210	4.10792
13	222	4.95598
13	238	5.67531
13	250	5.72241
13	275	6.70678
13	285	7.55831
13	286	7.00536
13	292	11.3944
13	297	8.27383
13	298	7.97749
14	1	3.1967
14	69	3.47227
14	90	3.75602
14	163	5.07876
14	173	0.0528432
14	184	5.42286
14	187	4.9114
14	216	6.00818
14	221	9.12544e-05
14	234	6.26262
14	241	9.52799
14	260	6.73451
14	266	7.2677
14	272	7.8731
14	280	9.54939
14	287	9.82478
15	11	3.26305
15	55	3.72028
15	77	4.13224
15	89	4.19342
15	132	4.47022
15	166	0.000132858
15	190	5.00673
15	198	0.000227782
15	214	5.2345
15	238	4.14989
15	243	7.1759
15	251	7.14699
15	263	9.05499
15	271	7.91128
15	277	8.75514
15	295	8.82882
16	17	2.49789
16	82	3.54471
16	93	1.52494
16	140	4.66065
16	149	3.57273
16	189	7.06433
16	200	4.30815
16	204	4.38525
16	229	4.91527
16	259	6.90507
16	273	7.93253
16	283	8.18756
16	285	7.77427
16	286	7.22132
16	297	8.48979
16	298	8.19345
17	22	1.90941
17	103	3.30379
17	139	13.7911
17	200	4.18615
17	210	4.20188
17	238	5.76927
17	244	6.15036
17	250	5.81637
17	267	5.90183
17	273	3.71026
17	277	4.16781
17	285	7.65227
17	286	7.09932
17	296	5.61799
17	297	8.36779
17	298	8.07145
18	106	1.22439
18	121	0.958403
18	126	1.33098
18	192	1.62688
18	212	2.11144
18	219	1.97984
18	241	3.11678
18	268	5.60263
18	279	5.44554
18	282	6.3064
18	287	6.11142
18	288	6.1023
18	289	6.68904
18	292	7.1456
18	295	7.27447
18	299	6.99401
19	45	3.78096
19	51	5.73409
19	150	7.35397
19	153	0.000244542
19	169	5.13668
19	175	4.97488
19	217	7.34333
19	220	5.69969
19	226	3.0867
19	246	4.73109
19	253	8.71962
19	254	5.97483
19	264	7.58598
19	265	2.04426
19	279	8.52981
19	288	7.17131
20	32	2.62204
20	40	2.72476
20	63	3.27075
20	176	6.5909
20	189	7.6666
20	193	4.51922
20	194	4.43491
20	201	4.34189
20	209	5.24782
20	227	4.97714
20	228	4.57451
20	240	6.03258
20	256	8.33013
20	264	6.77547
20	291	8.5868
20	293	8.55814
21	23	4.26621
21	37	5.65302
21	114	5.73661
21	128	5.36641
21	147	6.30048
21	165	4.57166
21	189	4.04547
21	195	5.05367
21	202	2.16605
21	208	0.862791
21	215	7.93411
21	221	7.35815
21	261	3.30044
21	263	7.52671
21	293	7.26988
21	298	7.96659
22	13	1.89399
22	47	1.61649
22	176	3.03309
22	181	4.34573
22	186	3.71816
22	204	3.99536
22	222	4.78204
22	224	6.01059
22	242	4.98536
22	259	6.51517
22	280	10.1926
22	285	7.38438
22	286	6.83143
22	287	10.468
22	297	8.09989
22	298	7.80356
23	24	5.96905
23	37	5.3347
23	58	0.866491
23	68	6.98944
23	101	9.37734
23	112	4.74805
23	122	0.000548259
23	128	5.04809
23	165	4.25334
23	166	8.32247e-05
23	195	4.73535
23	215	7.6158
23	220	4.73597
23	221	7.03983
23	288	9.41109
23	291	7.78231
24	37	6.22154
24	92	0.000968536
24	116	0.000833989
24	128	5.93493
24	147	6.86901
24	165	5.14018
24	192	8.72621
24	195	5.62219
24	213	0.00266165
24	215	8.50263
24	221	7.92667
24	242	4.62968
24	244	2.81461
24	250	3.71645
24	281	5.81528
24	289	7.48318
25	17	0.00491396
25	43	0.890586
25	46	3.87917
25	53	0.000413146
25	87	4.01891
25	134	5.27864
25	176	6.67253
25	188	5.6836
25	198	0.174576
25	231	8.18628
25	246	6.86197
25	248	7.38648
25	252	7.23884
25	265	5.37548
25	276	9.43512
25	292	11.844
26	54	6.03996
26	100	0.145508
26	131	6.02341
26	166	0.000316329
26	185	5.9102
26	207	7.25106
26	211	8.26204
26	220	5.92946
26	225	3.45495
26	228	0.948684
26	240	4.56674
26	253	8.94938
26	264	7.81574
26	267	8.08553
26	274	6.57356
26	284	9.36186
27	96	0.00442024
27	105	2.29386
27	119	2.113
27	216	3.51278
27	256	5.18544
27	263	4.87629
27	269	5.57976
27	275	6.81869
27	278	6.58758
27	279	11.6595
27	281	6.73037
27	284	6.62007
27	290	8.15529
27	294	8.00204
27	296	7.82307
27	298	11.4678
28	19	5.1658
28	20	2.17319
28	45	3.46789
28	72	1.21589
28	134	0.332747
28	175	4.6618
28	178	5.84969
28	185	5.36736
28	186	4.78333
28	207	6.70822
28	217	7.03026
28	226	5.95327
28	253	8.40654
28	256	7.94712
28	264	7.2729
28	265	4.91084
29	33	10.1618
29	88	5.20063
29	93	4.3117
29	124	0.00123714
29	125	3.66168
29	145	3.05624
29	157	4.16187
29	177	6.7096
29	183	9.40763
29	208	6.12339
29	218	6.07417
29	234	6.11166
29	242	5.16267
29	266	7.11673
29	272	7.72213
29	277	5.40867
30	34	10.7349
30	57	11.0402
30	76	0.372395
30	79	6.13423
30	96	5.1699
30	115	5.37146
30	122	10.6835
30	148	5.61449
30	161	0.000770178
30	166	8.99931
30	221	0.000736084
30	240	3.05972
30	245	6.12479
30	258	4.27776
30	272	3.69691
30	291	4.64425
31	53	3.61625
31	55	2.92367
31	60	3.0416
31	79	0.0011457
31	151	3.60193
31	212	14.6379
31	216	2.84509
31	218	2.60692
31	225	4.602
31	243	6.37929
31	249	6.33909
31	261	6.51403
31	265	7.01114
31	273	7.90612
31	277	7.95853
31	292	10.9748
32	7	1.88807
32	39	2.74026
32	66	2.71674
32	136	3.65584
32	152	3.54265
32	156	3.43005
32	205	4.3476
32	215	1.07418
32	226	5.49024
32	232	5.09846
32	237	5.89179
32	255	8.07942
32	287	12.5062
32	291	8.17854
32	293	8.14988
32	300	8.20204
33	95	1.47099
33	149	2.36911
33	180	3.49065
33	200	3.10453
33	210	3.12026
33	222	3.96832
33	232	11.421
33	238	4.68766
33	242	4.17164
33	244	5.06874
33	250	4.73476
33	259	5.70145
33	285	6.57066
33	286	6.0177
33	297	7.28617
33	298	6.98983
34	30	7.144
34	73	0.000347208
34	78	4.0365
34	96	8.85569
34	106	5.44229
34	124	8.28479
34	148	9.30028
34	170	2.32036
34	171	8.86046
34	186	1.38284
34	199	1.01228
34	218	0.000132051
34	220	1.96228
34	248	1.75961
34	265	1.51035
34	268	4.78097
35	30	4.51897
35	96	6.23066
35	97	3.84931
35	122	11.7443
35	124	5.65976
35	148	6.67525
35	155	6.10375
35	166	10.0601
35	196	2.91511
35	208	0.00328679
35	222	0.479366
35	238	1.25108
35	270	6.17568
35	272	2.85311
35	289	6.60817
35	292	6.77074
36	44	4.06631
36	134	4.90696
36	173	4.89861
36	199	6.04273
36	206	0.00129392
36	219	8.95153
36	235	6.13785
36	246	6.49029
36	249	2.05837
36	252	6.86717
36	255	6.78959
36	262	3.71949
36	267	6.40256
36	276	9.06345
36	295	6.59787
36	297	5.45419
37	5	3.0642
37	24	6.27574
37	46	0.00044276
37	101	9.68403
37	114	5.72499
37	147	6.28886
37	165	4.56003
37	215	7.92248
37	221	7.34652
37	260	2.14743
37	277	3.08003
37	284	6.09038
37	294	3.74291
37	296	4.53021
37	297	3.86568
37	299	6.67594
38	88	0.000150938
38	142	2.99955
38	179	7.0655
38	211	0.000136021
38	224	4.59231
38	227	4.35205
38	228	3.94942
38	232	4.88163
38	233	5.35869
38	258	5.95293
38	274	6.58963
38	280	6.70551
38	291	7.96171
38	293	7.93305
38	296	12.0766
38	300	7.98522
39	38	2.22917
39	111	14.473
39	120	2.58255
39	135	3.93905
39	156	3.7922
39	160	3.66467
39	161	4.20815e-05
39	222	3.06045
39	226	5.85239
39	233	5.93767
39	237	6.25395
39	259	2.42821
39	283	6.37924
39	291	8.54069
39	293	8.51203
39	300	8.5642
40	12	2.20753
40	20	2.85293
40	48	2.20364
40	128	3.89286
40	152	3.62103
40	156	3.50842
40	165	2.74296
40	170	3.65607
40	194	4.10503
40	206	4.10888
40	271	12.6467
40	274	6.88483
40	280	7.00072
40	291	8.25692
40	293	8.22826
40	300	8.28042
41	69	2.31446
41	78	2.1115
41	91	1.60242
41	112	2.36567
41	144	2.74941
41	218	3.96026
41	239	4.76104
41	256	5.56686
41	278	6.969
41	281	7.11179
41	283	7.57995
41	288	10.9867
41	290	8.53671
41	294	8.38346
41	295	11.4874
41	296	8.20449
42	61	3.75242
42	152	1.01543
42	162	3.39592
42	207	8.26909e-05
42	214	4.39889
42	249	6.30009
42	254	6.29335
42	261	6.47503
42	262	6.4535
42	265	6.97214
42	271	7.41733
42	273	7.86712
42	277	7.91953
42	279	9.19258
42	291	6.2053
42	298	9.00091
43	135	3.42648
43	141	4.12523
43	193	3.96054
43	202	4.45723
43	205	4.19718
43	206	3.88009
43	209	4.68915
43	224	4.65872
43	232	4.94805
43	233	5.4251
43	241	8.9877
43	290	8.57932
43	291	8.02813
43	293	7.99947
43	294	8.43264
43	300	8.05163
44	20	1.55842
44	32	4.3392
44	59	3.04106
44	66	2.40545
44	85	6.28118
44	161	5.47187
44	173	4.70404
44	188	5.11735
44	203	5.08794
44	235	5.94327
44	243	1.87241
44	248	6.82023
44	255	6.59501
44	276	8.86887
44	284	11.0049
44	292	10.7646
45	54	4.66519
45	76	3.08908
45	131	4.64865
45	141	4.38948
45	150	6.20898
45	169	3.99168
45	178	5.01777
45	185	4.53544
45	199	2.73406
45	207	5.8763
45	211	6.88728
45	239	6.65977
45	253	7.57462
45	264	6.44098
45	271	9.04581
45	291	7.83379
46	36	4.00944
46	54	6.59534e-05
46	105	5.39992
46	158	6.53219
46	161	5.0684
46	173	4.30057
46	188	4.71388
46	231	7.21656
46	233	4.23185
46	244	5.64201
46	246	5.89224
46	248	6.41676
46	252	6.26912
46	255	6.19154
46	276	8.4654
46	296	9.15327
47	45	0.000561788
47	99	1.93237
47	104	17.814
47	109	2.7827
47	179	3.68983
47	204	3.98598
47	210	3.92461
47	238	5.49201
47	244	5.87309
47	255	4.28123
47	259	6.5058
47	285	7.37501
47	286	6.82205
47	290	8.00279
47	297	8.09052
47	298	7.79418
48	36	4.23059
48	65	3.34871
48	87	3.27034
48	90	0.000456514
48	134	4.53007
48	153	5.59744
48	168	4.36743
48	188	4.93503
48	199	5.66583
48	220	3.68481
48	227	7.94903
48	231	7.43771
48	252	6.49027
48	276	8.68655
48	289	9.53888
48	292	9.70145
49	50	1.2183
49	52	0.967959
49	146	1.60101
49	159	3.12656
49	171	1.9817
49	230	4.63388
49	231	3.80734
49	255	10.5918
49	263	4.7448
49	269	5.44827
49	275	6.6872
49	281	6.59888
49	283	7.06704
49	290	8.0238
49	294	7.87055
49	296	7.69158
50	52	1.16134
50	144	2.42988
50	171	2.17508
50	239	4.44151
50	247	10.8744
50	256	5.24733
50	269	5.64165
50	274	8.24547
50	275	6.88058
50	281	6.79226
50	283	7.26042
50	284	6.68196
50	290	8.21718
50	294	8.06393
50	296	7.88496
50	299	11.6193
51	13	3.14724e-05
51	76	3.8999
51	150	7.0198
51	169	4.8025
51	175	4.6407
51	207	6.68712
51	211	7.6981
51	226	1.85654
51	253	8.38544
51	264	7.2518
51	273	4.05505
51	274	4.73465
51	282	7.14788
51	294	5.17548
51	295	6.44193
51	296	5.96278
52	3	1.56802
52	50	1.18205
52	105	2.12612
52	118	0.764367
52	189	2.39341
52	196	2.52794
52	198	3.94839
52	230	4.59764
52	263	4.70855
52	269	5.41203
52	281	6.56263
52	283	7.0308
52	284	6.45233
52	290	7.98755
52	294	7.8343
52	296	7.65533
53	8	2.1167
53	9	10.8849
53	11	2.64895
53	31	3.38919
53	42	3.38944
53	137	13.0051
53	147	0.000679348
53	162	3.61743
53	190	4.39263
53	214	4.6204
53	261	6.69654
53	262	6.67501
53	265	7.19365
53	273	8.08863
53	277	8.14104
53	279	9.42127
54	28	5.02437
54	31	4.79898e-05
54	45	3.78466
54	58	4.41626
54	64	15.6349
54	80	6.46538
54	105	2.15577
54	178	6.16646
54	185	5.68413
54	217	7.34702
54	238	1.70933
54	253	8.72331
54	260	3.52634
54	264	7.58967
54	282	7.09422
54	297	5.24458
55	91	11.8894
55	108	3.59991
55	110	3.33171
55	132	3.43978
55	133	3.65996
55	214	4.20405
55	243	6.14546
55	249	6.10525
55	251	6.11654
55	254	6.09852
55	261	6.2802
55	262	6.25867
55	272	4.42814
55	277	7.72469
55	294	6.23858
55	300	7.46125
56	64	0.984489
56	139	0.671995
56	219	1.62291
56	247	3.68564
56	257	4.1152
56	267	4.94219
56	270	5.4739
56	271	5.09146
56	279	5.08861
56	282	5.94947
56	287	5.75449
56	288	5.74537
56	289	6.33211
56	292	6.78866
56	295	6.91754
56	299	6.63708
57	18	1.52369
57	126	1.54094
57	138	1.00301
57	192	1.83684
57	212	2.32139
57	241	3.32673
57	267	5.50907
57	268	5.81258
57	270	6.04079
57	279	5.65549
57	282	6.51635
57	287	6.32138
57	289	6.899
57	292	7.35555
57	295	7.48442
57	299	7.20397
58	26	5.1609
58	28	4.27047
58	51	4.98388
58	88	0.000387967
58	130	4.84332
58	150	6.60377
58	169	4.38647
58	175	4.22467
58	188	1.46244
58	205	4.26632
58	211	7.28207
58	220	4.94948
58	253	7.96941
58	264	6.83577
58	279	11.2662
58	296	9.92938
59	1	1.21785
59	25	4.04988
59	26	0.000197247
59	85	5.68385
59	109	2.70643
59	153	5.18243
59	168	3.95242
59	212	14.6984
59	231	7.0227
59	235	5.34594
59	246	5.69838
59	248	6.2229
59	252	6.07526
59	255	5.99768
59	276	8.27154
59	284	11.2755
60	55	2.72821
60	162	3.23946
60	199	1.20688
60	225	4.40653
60	243	6.18383
60	249	6.14363
60	251	6.15491
60	254	6.13689
60	257	7.90288
60	261	6.31857
60	262	6.29704
60	265	6.81568
60	277	7.76306
60	278	8.51111
60	292	9.2769
60	295	8.43617
61	12	0.000404656
61	67	3.69186
61	89	3.6652
61	133	4.16219
61	162	3.70331
61	171	10.2675
61	236	0.000200757
61	243	6.64768
61	249	6.60748
61	251	6.61876
61	258	6.04916
61	265	7.27953
61	269	9.2201
61	273	8.17451
61	277	8.22692
61	282	9.25116
62	32	2.5911
62	40	2.69382
62	75	2.75178
62	120	2.59772
62	170	3.95501
62	178	2.34573
62	179	7.39388
62	206	4.40782
62	226	5.86756
62	233	5.95284
62	243	4.8326
62	258	6.54708
62	262	10.0057
62	280	7.29967
62	291	8.55586
62	293	8.5272
63	14	0.673427
63	38	2.27853
63	75	2.78598
63	81	3.48832
63	136	4.06736
63	193	4.52247
63	201	4.34515
63	209	5.25108
63	228	4.57777
63	240	6.03584
63	247	10.9976
63	258	6.58128
63	287	9.66138
63	293	8.5614
63	299	11.7426
63	300	8.61356
64	126	1.56792
64	138	1.02999
64	155	0.84966
64	192	1.86382
64	212	2.34837
64	241	3.35371
64	245	4.14747
64	257	4.70907
64	267	5.53605
64	268	5.83956
64	287	6.34836
64	288	6.33923
64	289	6.92598
64	292	7.38253
64	295	7.5114
64	299	7.23095
65	44	3.609
65	70	4.08381
65	78	7.86606
65	85	6.01845
65	153	5.51703
65	161	5.20914
65	173	4.44131
65	175	1.59546
65	182	2.76693
65	231	7.3573
65	235	5.68054
65	252	6.40986
65	255	6.33228
65	276	8.60614
65	281	9.978
65	294	9.70129
66	77	4.3991
66	81	3.38742
66	109	3.96478
66	154	3.52876e-05
66	160	3.61314
66	194	4.33727
66	202	4.91827
66	228	4.47687
66	232	5.40908
66	241	10.7415
66	258	6.48038
66	261	7.45276
66	280	7.23297
66	291	8.48916
66	293	8.4605
66	300	8.51267
67	42	3.31997
67	60	3.15464
67	99	4.54903
67	133	4.00684
67	148	8.67274e-05
67	151	3.71498
67	239	6.71477
67	249	6.45213
67	251	6.46342
67	261	6.62708
67	262	6.60555
67	265	7.12418
67	273	8.01916
67	277	8.07157
67	287	9.60375
67	293	9.98768
68	21	5.67352
68	37	6.38322
68	65	0.000109125
68	99	1.55291
68	114	6.46682
68	128	6.09661
68	184	0.00135949
68	195	5.78387
68	215	8.66431
68	227	6.11055
68	253	0.000297399
68	258	4.52618
68	275	3.17531
68	286	5.52355
68	287	6.60763
68	292	7.86297
69	5	0.821068
69	10	1.35287
69	91	1.67961
69	142	2.73968
69	143	9.69599
69	171	2.5718
69	189	3.01975
69	230	5.22398
69	256	5.64405
69	257	11.5051
69	269	6.03837
69	275	7.2773
69	278	7.04619
69	290	8.6139
69	294	8.46065
69	296	8.28168
70	59	3.07955
70	74	3.69488
70	175	2.20553e-05
70	183	8.36022
70	188	5.15583
70	194	3.29025
70	231	7.65851
70	235	5.98176
70	246	6.3342
70	248	6.85872
70	255	6.6335
70	261	2.29049
70	263	6.51676
70	276	8.90736
70	289	6.96876
70	299	7.95718
71	91	1.85366
71	112	2.61691
71	114	0.000123666
71	146	2.36516
71	159	3.89071
71	219	11.869
71	263	5.50895
71	269	6.21242
71	272	6.4384
71	275	7.45135
71	277	7.58597
71	283	7.83119
71	290	8.78795
71	293	9.48463
71	294	8.6347
71	296	8.45573
72	4	4.26879
72	61	0.000148465
72	73	6.51311
72	100	5.51162
72	103	5.19102
72	140	5.14361
72	164	8.02624
72	167	7.12287
72	177	0.000486078
72	182	5.37517
72	184	0.000589251
72	197	8.4317
72	213	7.43063
72	230	8.62191
72	233	4.93232
72	263	10.5591
73	51	2.37511e-05
73	72	6.22256
73	83	5.89032
73	93	0.338973
73	135	6.5078e-05
73	140	4.89551
73	164	7.77813
73	167	6.87477
73	186	3.37811
73	197	8.18359
73	203	4.18193
73	213	7.18253
73	235	1.58763
73	256	6.54189
73	282	9.83939
73	295	9.13344
74	33	11.4916
74	36	4.17452
74	72	1.43825e-05
74	91	13.0522
74	161	5.23347
74	168	4.31136
74	203	4.84954
74	215	0.00068893
74	235	5.70488
74	246	6.05732
74	248	6.58183
74	252	6.4342
74	255	6.35662
74	259	2.58491
74	276	8.63048
74	286	7.16911
75	47	1.96442
75	63	2.92785
75	74	1.0451
75	90	3.44496
75	162	6.36338
75	218	5.37116
75	224	4.87449
75	226	5.5556
75	227	4.63424
75	232	5.16382
75	240	5.68967
75	258	6.23511
75	274	6.87181
75	291	8.2439
75	293	8.21524
75	300	8.2674
76	22	3.73019
76	51	4.86378
76	58	3.54225
76	80	5.59138
76	135	1.92506
76	169	4.26636
76	175	4.10456
76	178	5.29245
76	207	6.15098
76	217	6.47302
76	220	4.82938
76	253	7.84931
76	257	11.6365
76	264	6.71566
76	265	6.54198
76	276	5.10557
77	13	2.86083
77	50	2.05289
77	53	3.66235
77	60	3.0877
77	162	3.48103
77	190	4.25623
77	200	7.64877
77	206	4.61791
77	225	4.6481
77	243	6.4254
77	254	6.37846
77	261	6.56014
77	262	6.53861
77	265	7.05725
77	277	8.00463
77	285	8.26184
78	97	0.415547
78	118	1.27965
78	142	2.62861
78	159	3.60559
78	167	4.4625
78	195	4.58471
78	196	3.04322
78	198	4.46367
78	256	5.53298
78	275	7.16623
78	278	6.93512
78	284	6.96761
78	288	13.8891
78	290	8.50283
78	294	8.34958
78	296	8.17061
79	30	5.45008
79	39	0.00148625
79	96	7.16177
79	97	4.78042
79	115	7.36333
79	124	6.59088
79	130	0.000823276
79	148	7.60636
79	164	0.00192878
79	166	10.9912
79	185	0.00125778
79	237	4.44098
79	247	9.84422
79	259	2.83971
79	295	8.9226
79	297	7.77892
80	56	15.2736
80	58	4.77762
80	100	0.00231641
80	116	0.000451168
80	131	6.1587
80	169	5.50173
80	178	6.52782
80	185	6.04549
80	210	4.67316
80	216	0.236943
80	220	6.06474
80	233	2.12538
80	253	9.08467
80	262	4.64757
80	264	7.95103
80	279	8.38367
81	21	8.60442e-05
81	29	0.000143423
81	129	3.22845
81	136	4.22109
81	146	8.32959
81	160	3.86775
81	209	5.4048
81	227	5.13412
81	228	4.73149
81	232	5.6637
81	258	6.735
81	262	7.38553
81	269	10.9388
81	280	7.48758
81	291	8.74378
81	293	8.71512
82	8	2.86355
82	25	2.81488
82	26	0.000161776
82	95	3.26414
82	103	4.01532
82	109	3.7715
82	119	2.96631
82	179	4.67863
82	233	5.6704
82	244	6.86189
82	250	6.52791
82	267	10.8757
82	286	7.81085
82	296	10.5918
82	297	9.07932
82	298	8.78298
83	18	17.3889
83	30	0.0011644
83	73	5.9051
83	100	4.90361
83	140	4.5356
83	154	7.4135
83	163	0.000635742
83	167	6.51486
83	182	4.76716
83	197	7.82369
83	204	1.76233
83	213	6.82262
83	244	2.22976
83	272	3.14326
83	273	3.83328
83	292	7.06089
84	53	0.0016525
84	82	2.0761
84	83	5.9421
84	100	5.3153
84	154	7.82519
84	164	7.82992
84	167	6.92656
84	177	0.000939314
84	182	5.17885
84	197	8.23538
84	206	3.0446
84	213	7.23431
84	231	0.0015646
84	264	6.02464
84	281	9.18111
84	295	10.1708
85	74	4.25198
85	111	11.701
85	194	2.73877
85	199	6.44374
85	214	4.36507
85	226	1.15373
85	231	8.21562
85	233	0.338553
85	246	6.8913
85	252	7.26818
85	255	7.1906
85	269	6.41401
85	270	5.98479
85	272	2.66222
85	276	9.46446
85	285	2.2568
86	8	2.56214
86	85	9.71022e-05
86	95	2.96273
86	101	0.000195787
86	126	14.3176
86	158	3.73996
86	186	4.39617
86	222	5.46006
86	233	5.43413
86	238	6.17939
86	250	6.2265
86	255	5.99335
86	285	8.06239
86	286	7.50944
86	297	8.77791
86	298	8.48157
87	19	1.61424
87	34	0.0682177
87	48	3.2595
87	59	2.72001
87	153	5.45871
87	173	4.38298
87	199	5.52709
87	205	8.47791
87	231	7.29897
87	232	6.72915
87	235	5.62222
87	236	4.04854
87	246	5.97466
87	252	6.35153
87	255	6.27396
87	276	8.54782
88	4	3.38306
88	116	4.17135
88	125	4.16875
88	139	13.6115
88	177	7.21667
88	216	6.36428
88	226	1.33213
88	234	6.61873
88	236	8.46116
88	266	7.6238
88	268	3.56032
88	272	8.22921
88	276	0.000131933
88	278	5.99246
88	289	6.59569
88	298	6.58357
89	15	4.43325
89	25	2.52855
89	31	3.23484
89	61	3.81957
89	225	4.63015
89	243	6.40745
89	251	6.37853
89	255	5.9433
89	258	8.28859
89	261	6.54219
89	262	6.52066
89	265	7.0393
89	273	7.93428
89	276	3.72041
89	277	7.98668
89	294	9.51819
90	92	3.57068
90	113	3.72002
90	144	8.05916
90	163	4.74481
90	167	0.247992
90	177	6.52661
90	187	4.57744
90	216	5.67422
90	218	5.89118
90	234	5.92867
90	260	6.40056
90	266	6.93374
90	271	9.25787
90	272	7.53915
90	274	8.46813
90	283	8.04355
91	49	0.909174
91	50	1.19667
91	142	2.12795
91	146	1.57938
91	172	3.18471
91	198	3.96301
91	230	4.61225
91	239	4.2265
91	256	5.03232
91	275	6.66557
91	278	6.43446
91	281	6.57725
91	284	6.46695
91	290	8.00217
91	294	7.84892
91	296	7.66995
92	14	3.83909
92	113	3.82091
92	157	4.07978
92	174	4.81021
92	177	6.62751
92	187	4.67834
92	218	5.99208
92	236	7.872
92	237	4.72159
92	250	6.11465
92	260	6.50146
92	266	7.03464
92	271	8.28567
92	272	7.64004
92	277	7.27388
92	298	9.86925
93	90	3.88223
93	107	5.24392
93	116	3.94146
93	129	4.44971
93	135	0.337713
93	157	4.43906
93	160	1.16565
93	194	7.58212
93	208	6.40057
93	234	6.38884
93	236	8.23128
93	260	6.86073
93	261	6.58236
93	266	7.39391
93	272	7.99932
93	299	12.249
94	106	1.19886
94	191	1.32671
94	241	3.09125
94	245	3.885
94	247	4.01704
94	257	4.4466
94	267	5.27359
94	268	5.5771
94	271	5.42286
94	279	5.42001
94	282	6.28087
94	287	6.0859
94	288	6.07677
94	289	6.66351
94	292	7.12007
94	299	6.96848
95	9	1.38347
95	22	1.99379
95	82	3.50708
95	89	5.08425
95	109	3.14434
95	179	4.05147
95	181	4.698
95	224	8.66001
95	229	4.87764
95	244	6.23473
95	250	5.90075
95	272	10.4551
95	285	7.73664
95	286	7.18369
95	297	8.45216
95	298	8.15582
96	35	5.86603
96	79	6.844
96	97	3.49832
96	115	6.08124
96	124	5.30878
96	148	6.32426
96	156	1.94497
96	166	9.70908
96	208	0.00593358
96	242	3.66798
96	272	2.76641
96	290	4.72353
96	293	5.81264
96	297	4.69963
96	298	6.50936
96	299	7.5099
97	30	3.42511
97	34	10.7018
97	35	5.12315
97	79	6.10112
97	96	5.13679
97	115	5.33835
97	117	16.7614
97	122	10.6504
97	124	4.5659
97	148	5.58138
97	166	8.9662
97	200	3.18398
97	229	1.78694
97	276	0.215127
97	284	8.36038
97	288	6.77859
98	160	3.37353
98	193	4.18197
98	195	1.6456
98	197	0.00375632
98	209	4.91057
98	233	5.64653
98	240	5.69533
98	244	7.4604
98	258	6.24077
98	271	10.5333
98	274	6.87747
98	280	6.99336
98	286	9.95212
98	291	8.24955
98	293	8.22089
98	300	8.27306
99	32	7.08925
99	103	3.1831
99	150	0.000804889
99	158	3.20915
99	180	4.45158
99	181	4.49294
99	210	4.08119
99	222	4.92925
99	238	5.64858
99	259	6.66238
99	281	11.6842
99	285	7.53158
99	286	6.97863
99	297	8.2471
99	298	7.95076
99	300	12.6302
100	25	2.76128
100	44	1.16002
100	72	5.81526
100	73	5.8577
100	83	5.48301
100	123	3.43455
100	154	7.3661
100	164	7.37083
100	167	6.46747
100	182	4.71976
100	191	11.5016
100	193	4.67422
100	197	7.77629
100	211	0.000503845
100	213	6.77522
100	281	10.0276
101	14	3.43178e-05
101	71	4.26686e-06
101	84	0.000477104
101	87	6.07972
101	89	7.54012e-05
101	110	1.59733
101	165	5.85054
101	195	6.33254
101	209	1.41846
101	215	9.21299
101	221	8.63702
101	245	7.7046
101	259	2.27074
101	266	3.49533
101	280	7.66364
101	281	7.3639
102	11	3.16013
102	42	3.90062
102	62	3.61492
102	75	3.57387
102	98	1.55648
102	141	4.89095
102	151	4.29562
102	214	5.13158
102	225	5.29568
102	261	7.20772
102	262	7.18619
102	271	8.05781
102	273	8.5998
102	277	8.65221
102	293	8.94468
102	298	9.6414
103	12	1.15179
103	23	2.98228
103	95	3.12049
103	134	2.70903
103	149	4.01861
103	158	3.89772
103	176	3.86887
103	180	5.14015
103	229	5.36114
103	236	2.34338
103	244	6.71824
103	259	7.35095
103	286	7.6672
103	296	12.4358
103	297	8.93567
103	298	8.63933
104	111	0.991341
104	127	1.40824
104	138	1.26956
104	139	0.860113
104	223	2.71776
104	245	4.38704
104	247	4.51908
104	257	4.94864
104	268	6.07914
104	270	6.30734
104	271	5.9249
104	279	5.92205
104	287	6.58793
104	292	7.62211
104	295	7.75098
104	299	7.47052
105	49	1.69676
105	78	2.36454
105	112	2.61871
105	142	2.91553
105	172	3.97229
105	201	8.66554
105	209	6.67916
105	230	5.39983
105	239	5.01408
105	266	8.75603
105	269	6.21422
105	275	7.45315
105	283	7.83299
105	284	7.25453
105	294	8.6365
105	296	8.45753
106	56	1.12877
106	57	1.1053
106	117	0.699833
106	127	1.15935
106	143	1.68454
106	251	10.3522
106	257	5.48093
106	268	6.61142
106	271	6.45719
106	279	6.45434
106	282	7.3152
106	287	7.12022
106	288	7.11109
106	292	8.15439
106	295	8.28326
106	299	8.00281
107	52	16.9425
107	90	4.17207
107	93	4.87872
107	113	4.47002
107	125	4.2287
107	216	6.42423
107	217	2.98331e-05
107	236	8.52111
107	243	4.39415e-05
107	251	2.2405
107	260	7.15056
107	266	7.68375
107	268	5.0624
107	270	7.66527
107	272	8.28915
107	274	5.71232
108	53	3.88036
108	118	8.22922
108	132	3.93772
108	141	4.46138
108	162	3.69903
108	174	2.24599
108	190	4.47423
108	212	10.731
108	219	8.58077
108	225	4.86611
108	243	6.64341
108	254	6.59646
108	265	7.27525
108	273	8.17023
108	277	8.22264
108	299	7.89369
109	48	0.0426774
109	95	2.96919
109	119	2.67136
109	168	5.62862
109	179	4.38368
109	181	5.03021
109	217	2.61867
109	222	5.46652
109	242	5.66984
109	259	7.19965
109	268	9.04607
109	285	8.06886
109	286	7.5159
109	291	9.27372
109	297	8.78437
109	298	8.48803
110	42	3.34858
110	59	2.43659
110	89	3.53846
110	102	4.61983
110	115	0.00605298
110	132	3.81526
110	141	4.33892
110	190	4.35177
110	235	4.30661
110	251	6.49203
110	255	7.01107
110	261	6.65569
110	265	7.15279
110	273	8.04777
110	277	8.10018
110	287	11.4378
111	57	0.573115
111	94	1.05301
111	137	1.00681
111	143	1.15235
111	212	2.58805
111	223	2.71786
111	267	5.77573
111	268	6.07924
111	270	6.30744
111	279	5.92215
111	282	6.78301
111	288	6.57891
111	289	7.16565
111	292	7.62221
111	295	7.75108
111	299	7.47062
112	2	5.24568
112	69	2.4165
112	71	2.68997
112	144	2.85144
112	165	2.04771
112	189	3.0446
112	230	5.24883
112	232	4.97803
112	278	7.07103
112	279	13.7267
112	281	7.21382
112	283	7.68199
112	284	7.10352
112	290	8.63874
112	294	8.48549
112	296	8.30652
113	4	2.90361
113	29	3.84783
113	92	3.78128
113	107	4.99436
113	116	3.69189
113	132	1.04009
113	157	4.18949
113	163	4.95541
113	177	6.73722
113	208	6.15101
113	260	6.61116
113	266	7.14435
113	272	7.74975
113	273	8.78309
113	274	9.46269
113	297	10.0263
114	21	5.08126
114	23	4.40415
114	68	7.4457
114	101	9.8336
114	127	10.2955
114	128	5.50435
114	149	0.972829
114	155	6.6222
114	165	4.7096
114	196	3.43356
114	215	8.07205
114	221	7.49609
114	224	1.5765
114	263	6.67463
114	266	1.59017
114	300	6.40468
115	18	15.6666
115	34	10.9416
115	79	6.34094
115	97	2.99526
115	122	10.8902
115	124	4.80572
115	134	0.000154035
115	136	0.0115078
115	166	9.20602
115	240	0.783706
115	253	0.000349019
115	254	2.80054
115	269	5.17269
115	280	3.80781
115	297	3.35412
115	299	6.16439
116	16	1.62767
116	29	3.6736
116	97	0.00101852
116	157	4.01527
116	184	5.12528
116	208	5.97678
116	216	5.7106
116	234	5.96505
116	236	7.80748
116	260	6.43694
116	266	6.97012
116	267	10.6749
116	272	7.57553
116	275	7.0233
116	285	7.3879
116	300	10.8264
117	106	1.24556
117	138	0.814219
117	223	2.26242
117	241	3.13794
117	245	3.93169
117	257	4.4933
117	267	5.32028
117	268	5.62379
117	270	5.852
117	282	6.32757
117	287	6.13259
117	288	6.12346
117	289	6.71021
117	292	7.16676
117	295	7.29563
117	299	7.01518
118	27	0.844011
118	41	1.41993
118	181	6.2835
118	189	2.22891
118	230	4.43314
118	239	4.04738
118	256	4.8532
118	263	4.54405
118	275	6.48645
118	278	6.25534
118	281	6.39813
118	283	6.8663
118	284	6.28783
118	290	7.82305
118	294	7.6698
118	296	7.49083
119	16	2.37082
119	158	3.23144
119	186	3.88765
119	204	4.16485
119	220	5.45848
119	238	5.67087
119	242	5.15485
119	250	5.71797
119	259	6.68467
119	273	8.2475
119	285	7.55387
119	286	7.00092
119	289	11.3125
119	294	9.36793
119	297	8.26939
119	298	7.97305
120	12	2.07561
120	38	1.81346
120	98	2.36206
120	104	19.6835
120	135	3.52335
120	160	3.24896
120	194	3.9731
120	206	3.97695
120	209	4.78601
120	224	4.75558
120	226	5.43669
120	263	11.2182
120	274	6.75291
120	291	8.12499
120	293	8.09633
120	300	8.14849
121	110	10.6954
121	117	0.565955
121	126	2.2059
121	191	2.22716
121	219	2.85476
121	221	5.80841
121	241	3.99169
121	245	4.78545
121	247	4.91749
121	279	6.32046
121	287	6.98634
121	288	6.97721
121	289	7.56396
121	292	8.02051
121	295	8.14938
121	299	7.86893
122	8	0.00415543
122	28	0.00383644
122	30	3.95556
122	34	11.2322
122	44	0.000149924
122	57	8.92931
122	96	5.66725
122	139	12.3569
122	183	6.73252
122	195	0.000224576
122	197	0.00142543
122	246	1.72189
122	251	0.00893474
122	260	1.80097
122	274	2.95561
122	290	3.54311
123	82	3.26568
123	159	3.59871
123	171	2.45385
123	196	3.03634
123	204	6.90259
123	238	6.68149
123	256	5.5261
123	263	5.21695
123	269	5.92042
123	275	7.15935
123	278	6.92824
123	281	7.07103
123	284	6.96073
123	286	9.86174
123	290	8.49595
123	294	8.3427
124	35	5.60059
124	96	5.61423
124	97	3.23288
124	115	5.81579
124	122	11.1278
124	148	6.05882
124	156	2.8152
124	166	9.44363
124	181	0.00349886
124	229	1.22112
124	248	1.33498
124	254	5.01628
124	271	5.79601
124	289	7.39171
124	298	7.37959
124	300	6.66976
125	14	3.72745
125	157	3.96815
125	174	4.69857
125	200	5.43668
125	208	5.92966
125	218	5.88044
125	234	5.91793
125	236	7.76037
125	253	0.870361
125	260	6.38982
125	262	6.65368
125	266	6.923
125	272	7.52841
125	283	7.40021
125	286	8.03338
125	290	8.41228
126	56	1.13042
126	94	0.677564
126	104	1.40258
126	139	1.39405
126	212	3.12188
126	223	3.2517
126	241	4.12722
126	245	4.92097
126	267	6.30956
126	271	6.45884
126	279	6.45599
126	282	7.31685
126	288	7.11274
126	289	7.69949
126	292	8.15604
126	299	8.00446
127	138	1.03273
127	143	0.915418
127	223	2.48093
127	247	4.28225
127	257	4.71181
127	267	5.53879
127	270	6.07051
127	271	5.68807
127	279	5.68522
127	282	6.54608
127	287	6.3511
127	288	6.34197
127	289	6.92872
127	292	7.38527
127	295	7.51414
127	299	7.23369
128	21	5.09339
128	23	4.41628
128	24	6.43744
128	37	5.80309
128	84	0.541727
128	86	1.7325
128	114	5.88669
128	147	6.45056
128	195	5.20374
128	215	8.08418
128	221	7.50822
128	231	0.000150459
128	235	2.55668
128	277	8.17315
128	290	8.98271
128	293	10.0718
129	12	2.30869
129	62	2.99073
129	180	3.72565
129	193	4.29048
129	198	1.37197
129	202	4.78718
129	209	5.01909
129	232	5.27799
129	233	5.75505
129	237	6.07133
129	241	11.4893
129	252	8.60914
129	280	7.10187
129	291	8.35807
129	293	8.32941
129	300	8.38157
130	19	5.27854
130	42	7.0302e-05
130	51	5.53375
130	131	5.59331
130	162	3.86956
130	175	4.77454
130	181	0.000230309
130	202	5.27001
130	207	6.82096
130	217	7.143
130	220	5.49935
130	229	4.91209
130	253	8.51928
130	264	7.38564
130	289	11.0827
130	293	10.3738
131	7	0.887314
131	45	3.75671
131	51	5.70983
131	68	0.00241117
131	86	3.64359
131	107	0.00579763
131	130	5.56927
131	143	9.67116
131	169	5.11242
131	173	1.82704
131	175	4.95062
131	204	7.55574
131	217	7.31908
131	220	5.67543
131	253	8.69536
131	264	7.56172
132	102	4.6184
132	110	3.70578
132	151	3.74216
132	214	4.57812
132	229	4.23089
132	243	6.51952
132	249	6.47932
132	254	6.47258
132	260	6.86139
132	261	6.65426
132	262	6.63273
132	267	9.528
132	273	8.04634
132	277	8.09875
132	290	8.60354
132	294	8.45686
133	15	4.68587
133	31	3.48745
133	53	3.89702
133	75	6.24011
133	77	3.6164
133	197	0.0682583
133	199	4.4123
133	203	6.69007
133	225	4.88277
133	249	6.61987
133	251	6.63115
133	254	6.61313
133	262	6.77328
133	273	8.18689
133	277	8.2393
133	293	11.6109
134	46	3.61659
134	48	3.88423
134	70	4.65021
134	119	1.01831
134	161	5.77554
134	180	1.23205
134	188	5.42102
134	203	5.39161
134	227	8.79541
134	246	6.59939
134	248	7.1239
134	255	6.89869
134	276	9.17255
134	281	8.71737
134	294	8.44065
134	297	8.56342
135	12	2.86852
135	65	1.42041
135	81	3.81616
135	120	2.95976
135	171	11.3711
135	183	11.7185
135	205	5.08696
135	227	5.30825
135	232	5.83783
135	237	6.63116
135	239	6.34524
135	240	6.36368
135	246	6.70783
135	280	7.66171
135	293	8.88925
135	300	8.94141
136	2	2.83558
136	43	2.76942
136	98	3.21719
136	133	5.7733
136	135	4.37848
136	190	3.70705
136	201	4.73521
136	202	5.40923
136	207	0.00588992
136	237	6.69338
136	239	9.47041
136	258	6.97134
136	266	7.91569
136	274	7.60804
136	291	8.98012
136	300	9.00363
137	64	0.572217
137	117	0.567491
137	127	0.651918
137	212	2.6128
137	219	2.4812
137	247	4.54394
137	268	6.10399
137	270	6.33219
137	271	5.94975
137	279	5.9469
137	287	6.61279
137	288	6.60366
137	289	7.19041
137	292	7.64696
137	295	7.77583
137	299	7.49538
138	94	0.841576
138	139	1.11277
138	219	2.70901
138	245	4.6397
138	257	5.2013
138	267	6.02829
138	270	6.56
138	271	6.17756
138	279	6.17471
138	284	15.4945
138	287	6.84059
138	288	6.83147
138	289	7.41821
138	292	7.87477
138	295	8.00364
138	299	7.72318
139	111	0.869678
139	121	1.31325
139	183	2.21802
139	219	2.33468
139	223	2.5961
139	267	5.65396
139	270	6.18568
139	271	5.80324
139	279	5.80039
139	282	6.66125
139	287	6.46627
139	288	6.45714
139	289	7.04389
139	292	7.50044
139	295	7.62931
139	299	7.34886
140	34	0.00302038
140	62	7.07998
140	67	2.82013
140	72	5.55049
140	83	5.21824
140	84	5.2568
140	100	4.59144
140	153	0.00303827
140	154	7.10133
140	164	7.10606
140	167	6.20269
140	182	4.45499
140	197	7.51152
140	213	6.51045
140	283	10.3086
140	291	10.3108
141	11	2.93619
141	23	2.58439
141	55	3.39342
141	77	3.80537
141	131	6.11282
141	133	4.36354
141	190	4.67987
141	214	4.90764
141	228	5.1849
141	237	8.03544
141	243	6.84904
141	251	6.82012
141	254	6.8021
141	262	6.96225
141	273	8.37587
141	275	8.67013
142	112	2.60389
142	138	7.03961
142	234	3.08225
142	248	4.69531
142	256	5.80508
142	263	5.49593
142	268	7.71668
142	269	6.1994
142	275	7.43833
142	278	7.20722
142	281	7.35001
142	283	7.81817
142	284	7.23971
142	290	8.77493
142	292	10.9146
142	294	8.62168
143	106	1.85686
143	127	0.783022
143	155	1.24519
143	245	4.543
143	257	5.1046
143	259	8.68459
143	267	5.93158
143	268	6.23509
143	271	6.08086
143	279	6.07801
143	287	6.74389
143	288	6.73477
143	289	7.32151
143	295	7.90694
143	299	7.62648
144	3	2.3242
144	5	0.950899
144	28	5.75518
144	69	2.52148
144	86	6.39461
144	112	2.57269
144	118	1.52054
144	239	4.96806
144	263	5.46473
144	269	6.1682
144	278	7.17602
144	281	7.31881
144	290	8.74373
144	294	8.59048
144	296	8.41151
145	142	2.20603
145	144	2.29295
145	172	3.26279
145	189	2.48611
145	230	4.69033
145	269	5.50472
145	275	6.74365
145	277	11.4943
145	281	6.65533
145	283	7.1235
145	284	6.54503
145	285	9.94128
145	290	8.08025
145	294	7.927
145	296	7.74803
146	5	0.556974
146	27	1.37076
146	91	1.41552
146	171	2.30771
146	196	2.8902
146	225	10.1876
146	256	5.37995
146	263	5.07081
146	275	7.01321
146	278	6.78209
146	281	6.92489
146	283	7.39305
146	290	8.3498
146	294	8.19655
146	296	8.01758
147	40	4.37498
147	68	7.54592
147	101	9.93382
147	142	4.74865e-05
147	150	0.00262725
147	154	0.000130979
147	165	4.80982
147	176	4.65677
147	195	5.29183
147	210	6.13476
147	215	8.17228
147	221	7.59631
147	266	4.12924
147	280	8.29755
147	284	10.0686
148	35	5.95416
148	41	0.832437
148	66	0.941944
148	79	6.93212
148	88	0.00053962
148	115	6.16936
148	122	11.4814
148	151	2.1084
148	166	9.7972
148	170	3.64257
148	196	5.44549
148	249	3.92089
148	259	2.37751
148	282	9.16634
148	298	9.12644
149	13	2.72284
149	16	3.03018
149	33	1.42694
149	109	3.62092
149	152	5.20968
149	178	1.99076
149	185	0.304266
149	229	5.35422
149	238	6.33023
149	242	5.81421
149	244	6.71132
149	270	12.7748
149	286	7.66028
149	297	8.92874
149	298	8.63241
150	130	5.29458
150	185	5.38148
150	193	0.308213
150	207	6.72234
150	208	0.213618
150	220	5.40074
150	223	7.19189
150	252	3.05981
150	253	8.42067
150	264	7.28703
150	278	6.72631
150	283	4.51952
150	288	6.15059
150	290	5.53159
150	296	6.17223
151	67	3.43615
151	108	3.84642
151	112	6.74491
151	132	3.68629
151	133	3.90648
151	153	7.62249e-05
151	225	4.61468
151	251	6.36306
151	254	6.34503
151	262	6.50519
151	265	7.02382
151	273	7.9188
151	277	7.97121
151	291	9.77916
151	293	11.8781
152	16	2.10555
152	20	3.40253
152	101	0.000265099
152	156	4.05802
152	190	2.28116
152	201	4.56161
152	228	4.79422
152	258	6.79773
152	262	8.46973
152	267	11.1528
152	274	7.43443
152	280	7.55032
152	291	8.80652
152	293	8.77786
152	300	8.83002
153	74	4.22474
153	80	0.000471138
153	85	6.84953
153	173	5.27239
153	199	6.4165
153	248	7.38858
153	252	7.24094
153	255	7.16336
153	273	5.04826
153	274	5.72786
153	276	9.43722
153	293	7.40447
153	297	6.29146
153	298	8.10118
153	300	7.39135
154	84	5.44743
154	100	4.78207
154	111	11.3101
154	140	4.41406
154	159	3.38117
154	182	4.64562
154	197	7.70215
154	213	6.70108
154	227	4.43653
154	230	3.63725
154	251	0.169117
154	268	2.99101
154	286	3.84953
154	296	4.86907
154	300	5.30444
155	121	1.53084
155	127	0.722993
155	184	4.84738
155	266	11.1281
155	267	5.87156
155	268	6.17507
155	271	6.02083
155	279	6.01798
155	282	6.87884
155	287	6.68386
155	288	6.67474
155	289	7.26148
155	292	7.71803
155	295	7.84691
155	299	7.56645
156	58	4.28219
156	66	3.27753
156	120	2.78118
156	152	4.10344
156	172	8.37986
156	193	4.67174
156	201	4.49442
156	205	4.90838
156	215	1.48099
156	233	6.1363
156	258	6.73055
156	280	7.48313
156	288	12.8268
156	293	8.71067
156	300	8.76283
157	29	3.83152
157	108	1.44695e-05
157	151	4.03681
157	163	4.9391
157	174	4.90361
157	177	6.72091
157	187	4.77174
157	216	5.86852
157	234	6.12296
157	242	8.21347
157	249	5.8493
157	260	6.59485
157	266	7.12804
157	267	10.1935
157	272	7.73344
158	84	4.22865
158	99	2.64639
158	119	2.69153
158	152	6.46998
158	180	5.00902
158	186	4.4228
158	193	7.44625
158	200	4.6229
158	229	5.23002
158	231	2.16361
158	238	6.20603
158	285	8.08903
158	286	7.53607
158	297	8.80454
158	298	8.5082
159	71	3.32091
159	114	0.0063468
159	123	2.89724
159	144	3.48238
159	145	2.35921
159	167	4.51686
159	169	4.47431
159	198	5.23052
159	222	8.99363
159	239	5.49401
159	278	7.70197
159	281	7.84476
159	284	7.73446
159	294	9.11643
159	296	8.93746
160	11	0.859449
160	32	2.69006
160	65	1.93912
160	170	4.05398
160	206	4.50679
160	227	5.04517
160	237	6.36808
160	247	11.0892
160	274	7.28275
160	280	7.39863
160	291	8.65483
160	293	8.62617
160	295	10.1675
160	299	11.8341
160	300	8.67833
161	6	3.63833
161	10	12.1961
161	27	1.71924
161	46	3.92613
161	65	4.14424
161	70	4.95975
161	123	2.67297
161	134	5.3256
161	168	5.16297
161	211	0.000229686
161	246	6.90893
161	248	7.43344
161	255	7.20823
161	294	8.98935
161	295	10.2558
162	74	0.000506171
162	89	3.31315
162	132	3.58995
162	214	4.35423
162	225	4.51833
162	249	6.25543
162	251	6.26671
162	254	6.24869
162	262	6.40884
162	264	7.65694
162	265	6.92748
162	273	7.82246
162	276	4.73891
162	277	7.87486
162	298	12.4692
163	60	2.76723e-05
163	93	4.63681
163	125	3.98679
163	174	5.21741
163	184	5.597
163	187	5.08554
163	192	10.7301
163	199	1.57957
163	216	6.18232
163	218	6.39928
163	266	7.44184
163	269	9.48375
163	272	8.04724
163	290	7.68908
163	299	10.4754
164	73	5.75892
164	121	8.82069
164	125	0.000237762
164	154	7.26732
164	182	4.62098
164	187	0.00158128
164	197	7.67751
164	213	6.67644
164	224	2.34575
164	244	3.22731
164	250	4.12915
164	252	3.62615
164	264	3.0715
164	282	7.92366
164	287	6.80311
165	21	4.5143
165	23	3.83719
165	68	6.87874
165	101	9.26664
165	114	5.3076
165	128	4.93739
165	138	6.31442
165	147	5.87147
165	195	4.62465
165	215	7.5051
165	219	11.7024
165	221	6.92913
165	229	3.85628
165	230	7.63773
165	264	5.20249
166	35	5.92521
166	97	3.5575
166	115	6.14042
166	124	5.36796
166	133	0.000342812
166	140	0.55831
166	141	0.643198
166	214	4.84302
166	234	0.000390091
166	247	7.13869
166	262	3.33869
166	280	5.52708
166	284	7.29809
166	298	6.88311
166	300	6.17329
167	19	2.34989e-05
167	83	5.96363
167	84	6.0022
167	85	0.000552421
167	114	4.55628e-05
167	130	0.922412
167	140	4.96883
167	154	7.84672
167	164	7.85145
167	182	5.20038
167	196	7.05939
167	203	5.12277
167	213	7.25585
167	291	7.94472
167	296	9.59514
168	6	3.10065
168	59	3.1166
168	87	3.5282
168	153	5.8553
168	165	1.34956
168	167	2.24343
168	173	4.77958
168	235	6.01881
168	246	6.37125
168	248	6.89577
168	252	6.74813
168	255	6.67055
168	268	9.81363
168	276	8.94441
168	281	11.1811
169	26	5.25443
169	28	4.364
169	51	5.07741
169	130	4.93685
169	148	9.39509e-05
169	150	6.6973
169	211	7.3756
169	217	6.68665
169	245	9.28415
169	249	5.39367
169	250	6.84461
169	253	8.06294
169	262	7.0548
169	264	6.9293
169	283	7.80132
170	12	2.70327
170	40	2.8906
170	87	10.4492
170	136	4.22995
170	166	0.00323973
170	202	5.18176
170	227	5.14299
170	233	6.14963
170	236	2.15152
170	237	6.4659
170	274	7.38057
170	280	7.49645
170	290	11.6033
170	291	8.75265
170	300	8.77615
171	50	1.69319
171	71	2.54992
171	145	1.58822
171	146	2.07591
171	196	3.03908
171	198	4.45953
171	251	11.5894
171	263	5.2197
171	275	7.1621
171	281	7.07377
171	283	7.54194
171	284	6.96347
171	290	8.49869
171	294	8.34544
171	296	8.16647
172	10	1.98213
172	75	7.24443
172	79	0.947395
172	105	3.38172
172	123	2.87071
172	196	3.78354
172	221	1.00258
172	239	5.46748
172	266	7.78762
172	269	6.66762
172	281	7.81823
172	283	8.2864
172	284	7.70793
172	294	9.0899
172	296	8.91093
173	74	3.75912
173	85	6.38391
173	145	5.54464
173	158	6.72617
173	161	5.57459
173	180	1.35135
173	188	5.22007
173	203	5.19066
173	223	10.3669
173	246	6.39844
173	248	6.92295
173	252	6.77532
173	276	8.9716
173	278	9.90134
173	285	6.34408
174	1	3.41802
174	34	0.00442983
174	90	3.97734
174	92	4.12595
174	97	0.022109
174	107	5.33902
174	122	0.0106142
174	163	5.30008
174	190	4.08184
174	208	6.49568
174	218	6.44646
174	236	8.32638
174	260	6.95583
174	272	8.09442
174	281	12.1591
175	26	5.21373
175	76	3.53671
175	113	2.3073
175	131	5.09627
175	150	6.6566
175	178	5.46539
175	207	6.32392
175	211	7.33491
175	217	6.64596
175	240	6.43303
175	253	8.02225
175	257	9.61384
175	264	6.88861
175	283	8.01528
175	286	8.64844
176	95	2.95222
176	101	0.00394098
176	142	3.3329
176	154	0.00479794
176	204	4.66287
176	222	5.44955
176	238	6.16889
176	242	5.65287
176	250	6.21599
176	265	7.26122
176	269	13.5639
176	285	8.05189
176	286	7.49894
176	297	8.7674
176	298	8.47107
177	5	4.80001
177	113	4.18739
177	118	8.74728
177	174	5.17669
177	182	0.000651966
177	187	5.04482
177	234	6.39604
177	252	3.15361
177	264	2.59896
177	266	7.40112
177	272	8.00652
177	280	6.05518
177	291	4.6156
177	295	6.74517
177	297	5.60148
178	19	5.33601
178	103	4.50789
178	131	5.65078
178	140	3.991
178	160	0.232937
178	169	4.99381
178	207	6.87843
178	211	7.88942
178	213	0.000306458
178	220	5.55683
178	237	5.16814
178	247	10.5714
178	253	8.57676
178	264	7.44312
178	299	11.3163
179	45	2.46449
179	49	9.98489
179	70	0.00392539
179	86	3.73294
179	119	2.94091
179	148	0.00169356
179	180	5.25841
179	210	4.88802
179	239	8.91118
179	242	5.9394
179	259	7.46921
179	285	8.33841
179	286	7.78546
179	297	9.05393
179	298	8.75759
180	22	2.90891
180	33	1.86547
180	38	4.64178
180	99	3.20913
180	144	8.52238
180	179	4.96659
180	186	4.98554
180	191	11.1229
180	215	0.000581595
180	222	6.04943
180	245	9.9896
180	285	8.65177
180	286	8.09881
180	297	9.36728
180	298	9.07094
181	8	3.12
181	33	1.83396
181	47	2.85237
181	52	18.3028
181	158	4.29782
181	164	0.000647788
181	176	4.26896
181	237	4.29832
181	259	7.75105
181	277	6.8506
181	278	8.85487
181	285	8.62025
181	286	8.0673
181	297	9.33576
181	298	9.03943
182	72	5.42619
182	73	5.46863
182	83	5.09394
182	84	5.13251
182	120	2.67483
182	154	6.97703
182	164	6.98176
182	167	6.0784
182	169	0.847816
182	179	5.32758
182	197	7.38722
182	213	6.38615
182	245	10.1688
182	246	7.87678
182	270	11.0635
183	18	0.876163
183	127	1.30592
183	137	1.68557
183	143	1.83111
183	223	3.39662
183	247	5.19794
183	253	8.2048
183	257	5.6275
183	270	6.9862
183	282	7.46177
183	287	7.26679
183	288	7.25767
183	292	8.30096
183	295	8.42984
183	299	8.14938
184	88	5.61939
184	92	4.17243
184	107	5.3855
184	113	4.32177
184	116	4.08304
184	158	6.18687
184	188	0.341016
184	236	8.37286
184	260	7.00231
184	266	7.53549
184	272	8.1409
184	283	7.15525
184	288	8.78632
184	291	7.15754
184	296	8.80795
185	26	5.40157
185	28	4.51115
185	76	3.72455
185	94	17.1723
185	128	0.000125027
185	130	5.084
185	131	5.28411
185	169	4.62714
185	220	5.19016
185	251	3.65479
185	253	8.21009
185	261	4.83378
185	264	7.07644
185	274	7.12661
185	292	9.67463
186	8	2.83983
186	22	2.59723
186	165	1.27105
186	176	3.9888
186	179	4.65491
186	180	5.26008
186	242	5.94107
186	244	6.83817
186	250	6.50419
186	268	9.73512
186	276	5.02809
186	285	8.34009
186	292	12.9331
186	297	9.0556
186	298	8.75926
187	14	4.12238
187	36	5.56034e-05
187	89	2.41869
187	93	4.5129
187	116	3.86548
187	168	5.09175
187	210	8.01362
187	218	6.27537
187	234	6.31286
187	236	8.15529
187	260	6.78475
187	266	7.31793
187	272	7.92333
187	282	11.5724
187	287	10.4518
188	6	3.34549
188	44	4.19211
188	48	3.90094
188	59	3.36144
188	64	19.6354
188	134	5.03277
188	152	3.06931
188	169	0.418776
188	225	5.56286
188	235	6.26365
188	248	7.14061
188	252	6.99297
188	255	6.91539
188	272	7.31184
188	276	9.18925
189	52	1.67524
189	78	2.30587
189	105	2.86965
189	172	3.91362
189	239	4.95541
189	260	10.7558
189	263	5.45208
189	276	6.55353
189	278	7.16337
189	281	7.30616
189	283	7.77433
189	284	7.19586
189	290	8.73108
189	294	8.57783
189	296	8.39886
190	31	3.43001
190	67	3.6468
190	102	4.70151
190	124	0.000523188
190	151	3.82527
190	249	6.56242
190	251	6.57371
190	258	7.86465
190	261	6.73737
190	262	6.71584
190	273	8.12945
190	274	8.65342
190	277	8.18186
190	280	9.67071
190	283	8.22885
191	121	1.85651
191	137	1.42831
191	138	1.69116
191	183	2.76128
191	192	2.52499
191	247	4.94068
191	268	6.50073
191	271	6.34649
191	279	6.34364
191	282	7.2045
191	287	7.00953
191	288	7.0004
191	289	7.58715
191	292	8.0437
191	299	7.89212
192	57	1.12691
192	104	1.42254
192	106	2.2548
192	138	1.82346
192	241	4.14718
192	245	4.94094
192	257	5.50254
192	267	6.32952
192	270	6.86124
192	279	6.47595
192	282	7.33681
192	287	7.14183
192	289	7.71945
192	295	8.30488
192	299	8.02442
193	39	3.50571
193	66	3.48219
193	136	4.42129
193	186	5.94211
193	211	0.000125007
193	224	5.57458
193	226	6.25569
193	237	6.65724
193	248	6.31888
193	265	6.06962
193	274	7.57191
193	280	7.68779
193	286	10.1988
193	291	8.94399
193	300	8.96749
194	2	2.69814
194	37	0.00262653
194	43	2.63199
194	62	3.47534
194	63	3.52664
194	107	0.00164535
194	202	5.27179
194	206	4.69465
194	227	5.23303
194	274	7.4706
194	280	7.58649
194	291	8.84269
194	293	8.81403
194	295	13.5773
194	300	8.86619
195	21	4.6047
195	23	3.92758
195	24	5.94874
195	68	6.96913
195	85	0.000719675
195	95	5.77696
195	101	9.35703
195	128	5.02779
195	147	5.96186
195	192	11.9088
195	215	7.59549
195	217	1.203
195	221	7.01952
195	280	9.29762
195	299	11.6542
196	112	2.61332
196	128	3.85083
196	146	2.36157
196	230	5.39444
196	239	5.00869
196	256	5.81451
196	260	10.6603
196	269	6.20883
196	278	7.21665
196	281	7.35944
196	284	7.24914
196	290	8.78436
196	293	13.4916
196	294	8.63111
196	296	8.45214
197	9	12.0095
197	35	0.000893917
197	71	3.95032e-06
197	84	5.98274
197	140	4.94937
197	164	7.83199
197	167	6.92863
197	182	5.18093
197	198	0.00127746
197	201	4.73942
197	243	1.63672
197	249	5.14871
197	250	6.59965
197	272	6.61131
197	278	9.76315
198	27	2.57361
198	69	3.3304
198	105	3.69122
198	137	13.783
198	256	6.58279
198	270	9.58709
198	275	8.21605
198	276	2.27718
198	278	7.98494
198	281	8.12773
198	283	8.59589
198	288	8.84064
198	293	9.31075
198	294	9.3994
198	296	9.22043
199	25	5.27732
199	30	0.0047953
199	54	0.00401381
199	70	4.97665
199	87	4.08277
199	117	20.7424
199	125	0.723006
199	173	5.33415
199	188	5.74746
199	223	11.8009
199	235	6.57338
199	246	6.92583
199	252	7.3027
199	253	2.59865
199	276	9.49899
200	17	3.12886
200	68	0.00128145
200	103	4.05676
200	106	11.1379
200	149	4.2037
200	153	0.00593775
200	176	4.05395
200	224	7.9618
200	232	4.94281
200	242	6.00622
200	259	7.53604
200	285	8.40524
200	286	7.85229
200	297	9.12075
200	298	8.82442
201	2	2.65369
201	43	2.58753
201	150	0.000879638
201	184	1.19847
201	205	4.96729
201	206	4.65019
201	227	5.18857
201	233	6.19521
201	240	6.244
201	255	7.49619
201	270	12.5832
201	274	7.42615
201	280	7.54203
201	293	8.76957
201	300	8.82173
202	66	3.66608
202	98	3.36495
202	107	0.0027491
202	135	4.52623
202	157	3.23209
202	193	5.06029
202	201	4.88296
202	224	5.75847
202	232	6.0478
202	239	8.95827
202	240	6.57365
202	258	7.11909
202	260	9.39993
202	291	9.12787
202	293	9.09921
203	25	4.83415
203	48	3.7675
203	76	5.93475
203	153	5.9667
203	173	4.89098
203	175	2.96389
203	180	3.86112
203	199	6.03509
203	211	0.00134332
203	224	7.46421
203	231	7.80696
203	235	6.13021
203	246	6.48265
203	248	7.00717
203	276	9.05581
204	13	2.89883
204	99	2.94659
204	174	8.56701
204	178	2.00977
204	181	5.35058
204	229	5.53021
204	238	6.50622
204	243	4.49664
204	244	6.88731
204	253	3.88642
204	275	8.7012
204	285	8.38922
204	286	7.83627
204	297	9.10473
204	298	8.8084
205	40	3.14317
205	62	3.63787
205	120	3.04707
205	147	2.71138e-05
205	152	4.36932
205	201	4.7603
205	218	4.21366
205	228	4.99292
205	233	6.40219
205	258	6.99643
205	267	11.5455
205	274	7.63313
205	290	10.6211
205	293	8.97655
205	300	9.02872
206	129	3.32977
206	135	4.24345
206	156	4.0966
206	194	4.6932
206	209	5.50611
206	226	6.15679
206	228	4.8328
206	241	10.5358
206	254	9.54998
206	259	5.16436
206	269	11.9221
206	274	7.47301
206	291	8.84509
206	293	8.81643
206	300	8.8686
207	1	0.000443069
207	6	0.000570261
207	54	5.62613
207	58	4.22851
207	76	4.05002
207	91	12.5348
207	178	5.9787
207	185	5.49637
207	211	7.84822
207	217	7.15927
207	264	7.40192
207	279	9.0081
207	284	9.2314
207	287	7.73578
207	298	8.81643
208	29	4.53141
208	31	2.05908
208	92	4.46487
208	116	4.37548
208	125	4.37288
208	184	5.98309
208	187	5.47163
208	225	6.73749
208	252	7.97182
208	260	7.29475
208	266	7.82793
208	272	8.43333
208	280	10.8734
208	289	12.2415
208	291	9.43381
209	7	2.89467
209	38	2.87361
209	103	6.16028
209	157	2.27238
209	206	5.0371
209	228	5.17285
209	233	6.58212
209	235	3.75634
209	237	6.89839
209	256	8.7106
209	265	5.67432
209	280	7.92894
209	291	9.18514
209	293	9.15648
209	300	9.20864
210	86	3.64876
210	161	3.9974
210	176	3.90294
210	180	5.17422
210	181	5.21558
210	200	4.7881
210	217	4.59331
210	229	5.39522
210	242	5.85521
210	244	6.75231
210	256	10.7864
210	259	7.38502
210	285	8.25423
210	297	8.96974
210	298	8.6734
211	54	5.52676
211	126	11.2895
211	130	5.3101
211	168	2.0319
211	175	4.69145
211	208	1.3688
211	220	5.41626
211	246	4.86556
211	249	3.26706
211	253	8.43619
211	264	7.30255
211	275	3.95964
211	278	7.8815
211	284	8.88758
211	289	8.48472
212	57	1.28296
212	126	2.51744
212	155	1.79918
212	191	2.53869
212	223	3.4277
212	245	5.09698
212	247	5.22903
212	270	7.01728
212	271	6.63484
212	279	6.63199
212	282	7.49285
212	289	7.8755
212	292	8.33205
212	295	8.46092
212	299	8.18046
213	72	5.72951
213	73	5.77196
213	100	4.77047
213	140	4.40246
213	154	7.28036
213	182	4.63402
213	197	7.69055
213	210	4.32689
213	212	11.6835
213	230	5.4687
213	254	5.48241
213	294	5.91322
213	295	7.17968
213	300	7.13589
214	42	3.41922
214	55	3.13596
214	61	4.00371
214	110	3.77784
214	138	10.9312
214	185	1.74059
214	209	7.03027
214	221	2.32211
214	249	6.55138
214	254	6.54464
214	261	6.72633
214	262	6.7048
214	265	7.22343
214	273	8.11841
214	277	8.17082
215	3	2.80189
215	24	6.34942
215	63	0.273241
215	72	0.523036
215	129	3.71306
215	165	4.63371
215	173	2.46417e-05
215	195	5.11572
215	221	7.4202
215	238	5.16689
215	250	6.75726
215	255	5.00448
215	266	4.98752
215	288	9.34504
215	292	10.6866
216	1	3.58982
216	4	3.42007
216	17	2.37714e-05
216	132	1.09127
216	162	4.6862
216	177	7.25368
216	184	5.81598
216	208	6.66747
216	218	6.61825
216	244	7.23076
216	254	9.5239
216	266	7.66081
216	268	8.86395
216	272	8.26622
216	277	9.29183
217	28	5.11782
217	76	4.33122
217	81	1.36626
217	92	1.48114e-05
217	170	5.80658
217	185	5.77757
217	195	0.819191
217	200	6.52901
217	207	7.11843
217	211	8.12942
217	220	5.79683
217	242	8.44907
217	264	7.68312
217	275	6.77748
217	284	11.7054
218	4	3.49139
218	24	0.000200434
218	57	15.2659
218	67	1.37921
218	136	5.84579
218	157	4.77728
218	163	5.5432
218	187	5.37584
218	203	6.04797
218	232	3.10853
218	234	6.72706
218	236	8.5695
218	260	7.19895
218	266	7.73213
218	272	8.33754
219	104	1.45742
219	191	2.41753
219	192	2.69217
219	245	4.97581
219	247	5.10786
219	268	6.66791
219	270	6.89612
219	271	6.51368
219	279	6.51083
219	287	7.17671
219	288	7.16758
219	289	7.75433
219	292	8.21088
219	295	8.33975
219	299	8.0593
220	54	5.22549
220	58	3.82787
220	80	5.87699
220	150	6.76928
220	178	5.57807
220	185	5.09573
220	207	6.4366
220	210	9.21245
220	213	0.0039887
220	217	6.75863
220	237	7.58362
220	248	6.68666
220	253	8.13492
220	264	7.00128
220	285	8.58291
221	68	7.38924
221	113	1.76907
221	114	5.81809
221	147	6.38196
221	163	3.81462e-05
221	195	5.13515
221	215	8.01559
221	222	4.15826
221	229	4.11648
221	237	5.12729
221	243	1.55742
221	257	9.07561
221	275	5.76198
221	281	8.61917
222	9	2.22372
222	86	3.97143
222	149	4.37535
222	175	2.52361
222	176	4.22561
222	180	5.49689
222	181	5.53825
222	204	5.18787
222	223	12.4364
222	242	6.17788
222	244	7.07498
222	250	6.741
222	270	12.1416
222	297	9.29241
222	298	8.99607
223	104	1.58905
223	157	5.99709
223	183	3.06008
223	245	5.10744
223	257	5.66904
223	267	6.49603
223	270	7.02774
223	271	6.6453
223	279	6.64245
223	287	7.30833
223	288	7.29921
223	289	7.88595
223	292	8.34251
223	295	8.47138
223	299	8.19092
224	2	2.91366
224	4	6.08446
224	15	0.642135
224	35	0.0027502
224	226	6.36991
224	227	5.44855
224	228	5.04591
224	233	6.45518
224	258	7.04942
224	276	5.08432
224	280	7.80201
224	290	11.0288
224	291	9.0582
224	293	9.02955
224	300	9.08171
225	21	1.42406e-05
225	110	3.7511
225	136	7.02064
225	151	3.78748
225	234	5.18271
225	243	6.56484
225	249	6.52464
225	251	6.53592
225	254	6.5179
225	261	6.69958
225	262	6.67805
225	265	7.19669
225	273	8.09167
225	277	8.14407
225	288	11.6736
226	2	3.22743
226	39	3.9337
226	75	3.5679
226	98	3.60905
226	106	10.5733
226	123	4.68639
226	136	4.84928
226	174	8.28809
226	205	5.54103
226	224	6.00257
226	238	7.59028
226	258	7.36319
226	278	12.3442
226	280	8.11578
226	300	9.39548
227	15	2.54431
227	32	2.95158
227	40	3.05429
227	81	3.8146
227	129	3.40102
227	170	4.31549
227	194	4.76445
227	218	6.52356
227	228	4.90405
227	237	6.6296
227	274	7.54426
227	280	7.66015
227	285	10.5684
227	291	8.91634
227	293	8.88768
228	98	3.00381
228	156	4.01824
228	201	4.52182
228	205	4.93579
228	214	9.65424
228	237	6.47999
228	240	6.21251
228	274	7.39465
228	275	7.18136
228	280	7.51054
228	281	10.0386
228	291	8.76673
228	293	8.73807
228	298	11.6943
228	300	8.79024
229	33	1.67402
229	186	4.7941
229	200	4.99419
229	210	5.00992
229	222	5.85798
229	225	7.04938
229	238	6.57732
229	242	6.0613
229	248	6.4967
229	285	8.46032
229	286	7.90736
229	288	11.3745
229	297	9.17583
229	298	8.87949
229	300	11.8315
230	3	3.12271
230	5	1.74941
230	41	3.13912
230	52	2.4864
230	78	3.11703
230	81	4.27854
230	232	5.64572
230	239	5.76657
230	256	6.57239
230	269	6.96671
230	278	7.97453
230	284	8.00702
230	290	9.54224
230	294	9.38899
230	300	13.4929
231	67	0.230385
231	74	4.11367
231	98	2.4318
231	127	13.6977
231	132	0.000483123
231	161	5.92915
231	178	2.66811e-05
231	203	5.54522
231	204	5.39283
231	252	7.12987
231	275	6.00374
231	276	9.32616
231	281	8.86093
231	283	7.71881
231	286	8.35198
232	20	3.68387
232	120	3.12971
232	170	4.487
232	187	2.57018
232	193	5.02027
232	217	1.92206
232	226	6.39956
232	237	6.80111
232	240	6.53363
232	258	7.07907
232	269	11.3816
232	274	7.71577
232	280	7.83166
232	294	9.44021
232	300	9.11136
233	7	2.99384
233	62	3.91696
233	102	0.444349
233	120	3.32617
233	136	4.76161
233	143	9.45132
233	160	4.40828
233	227	5.67465
233	237	6.99757
233	250	8.70517
233	273	9.40686
233	287	11.3791
233	291	9.28431
233	293	9.25565
233	300	9.30781
234	14	4.3634
234	22	2.71181
234	27	2.61488
234	107	5.40896
234	116	4.1065
234	177	7.15182
234	181	0.000145655
234	192	13.0726
234	208	6.56561
234	218	6.51639
234	236	8.39632
234	260	7.02577
234	272	8.16436
234	273	8.76456
234	300	11.1077
235	6	3.27903
235	65	3.78494
235	74	3.91031
235	87	3.70657
235	168	4.80367
235	199	6.10207
235	203	5.34185
235	219	13.1892
235	227	9.92381
235	231	7.87394
235	246	6.54963
235	248	7.07414
235	273	8.44862
235	276	9.12279
235	279	11.6932
236	7	3.4346e-05
236	14	4.64863
236	92	4.48111
236	105	5.83661
236	125	4.38913
236	172	5.1214
236	184	5.99934
236	243	2.01762
236	252	6.47754
236	260	7.31099
236	266	7.84418
236	275	6.22218
236	278	10.144
236	292	10.9098
236	297	8.92542
237	62	3.93549
237	66	3.84104
237	93	3.27146
237	129	3.78751
237	170	4.70198
237	194	5.15094
237	206	5.15479
237	222	6.61529
237	226	6.61454
237	228	5.29054
237	233	6.69981
237	235	4.52012
237	240	6.74861
237	299	13.7325
237	300	9.32634
238	8	3.16825
238	47	2.90062
238	70	0.00424646
238	94	20.3239
238	109	4.0762
238	119	3.27101
238	133	4.98483
238	200	5.20238
238	244	7.1666
238	250	6.83261
238	256	9.39398
238	285	8.66851
238	286	8.11556
238	297	9.38402
238	298	9.08769
239	10	1.96547
239	78	2.80128
239	91	2.2922
239	171	3.1844
239	172	4.40903
239	245	11.9794
239	263	5.94749
239	264	8.48223
239	269	6.65096
239	275	7.88989
239	278	7.65878
239	281	7.80157
239	283	8.26974
239	290	9.22649
239	296	8.89427
240	20	3.79502
240	37	0.00532362
240	55	0.00496256
240	63	3.88296
240	156	4.45052
240	193	5.13142
240	205	5.36807
240	234	5.37526
240	258	7.19023
240	268	10.0097
240	274	7.82693
240	279	13.2246
240	280	7.94281
240	293	9.17035
240	300	9.22251
241	111	1.90884
241	183	3.25718
241	212	3.50544
241	245	5.30454
241	247	5.43658
241	267	6.69312
241	270	7.22484
241	271	6.8424
241	279	6.83955
241	282	7.70041
241	288	7.4963
241	289	8.08305
241	292	8.5396
241	295	8.66847
241	299	8.38802
242	6	1.54045
242	13	2.89468
242	86	3.7796
242	103	4.03659
242	204	4.99605
242	222	5.78273
242	229	5.52606
242	244	6.88316
242	246	10.0572
242	250	6.54917
242	261	8.99812
242	285	8.38507
242	286	7.83212
242	297	9.10059
242	298	8.80425
243	102	5.13067
243	126	14.1505
243	133	4.54629
243	141	4.84976
243	174	6.68644
243	190	4.86261
243	253	2.00586
243	254	6.98484
243	257	10.1343
243	261	7.16653
243	265	7.66363
243	273	8.55861
243	277	8.61102
243	282	11.3735
243	297	9.52388
244	9	2.41369
244	16	3.58382
244	47	2.99898
244	50	2.51214
244	82	4.53731
244	86	4.1614
244	99	3.32423
244	179	5.0817
244	250	6.93097
244	254	10.5061
244	259	7.89766
244	283	10.0715
244	291	10.0738
244	297	9.48238
244	298	9.18604
245	64	1.79674
245	96	0.00130019
245	106	2.95028
245	126	3.05687
245	192	3.35277
245	223	3.96714
245	267	7.025
245	268	7.32851
245	271	7.17427
245	279	7.17143
245	287	7.83731
245	288	7.82818
245	292	8.87148
245	295	9.00035
245	299	8.7199
246	36	4.6683
246	44	4.12712
246	48	3.83595
246	85	6.53657
246	108	0.0065741
246	130	3.36773
246	168	4.80514
246	187	4.38312
246	201	7.57082
246	231	7.87542
246	248	7.07562
246	252	6.92798
246	255	6.8504
246	270	12.7653
246	276	9.12426
247	56	0.959483
247	126	3.04468
247	137	2.2439
247	155	2.32642
247	191	3.06594
247	219	3.69353
247	223	3.95495
247	267	7.01281
247	268	7.31632
247	282	8.0201
247	287	7.82512
247	288	7.81599
247	289	8.40274
247	292	8.85929
247	299	8.70771
248	25	5.085
248	36	4.8507
248	59	3.47886
248	65	3.96882
248	163	0.00227001
248	189	8.36809
248	202	6.48868
248	203	5.52573
248	206	4.49693
248	235	6.38106
248	247	12.5448
248	252	7.11038
248	255	7.0328
248	275	7.77625
248	276	9.30667
249	15	5.03165
249	108	4.4603
249	133	4.52035
249	160	2.50676
249	214	5.06445
249	225	5.22855
249	242	9.74825
249	246	8.98258
249	251	6.97693
249	254	6.95891
249	257	11.3903
249	261	7.14059
249	262	7.11906
249	265	7.6377
249	266	7.06528
250	22	2.79613
250	46	2.17717
250	95	3.43932
250	103	4.1905
250	179	4.85382
250	200	5.07286
250	204	5.14997
250	229	5.67998
250	259	7.66978
250	276	5.36112
250	286	7.98604
250	289	13.1035
250	297	9.2545
250	298	8.95817
250	300	12.3816
251	80	0.00390576
251	102	5.05741
251	110	4.14478
251	141	4.7765
251	162	4.01416
251	214	5.01713
251	225	5.18123
251	241	10.9284
251	243	6.95853
251	249	6.91833
251	273	8.48535
251	277	8.53776
251	285	8.15744
251	296	11.1606
251	298	12.3058
252	6	3.37306
252	29	0.00470147
252	43	2.10327
252	46	3.66085
252	70	4.69448
252	87	3.8006
252	134	5.06033
252	161	5.81981
252	203	5.43588
252	235	6.29121
252	248	7.16817
252	256	9.62444
252	276	9.21681
252	287	11.8014
252	290	11.0962
253	45	3.48731
253	80	6.16804
253	144	8.76627
253	146	8.9482
253	147	7.98404e-05
253	155	11.0563
253	164	0.00011785
253	177	1.37371e-05
253	205	4.74032
253	211	7.73863
253	228	3.55036
253	240	7.16842
253	264	7.29233
253	285	7.4002
253	294	9.61607
254	15	4.92106
254	61	4.30738
254	66	5.37791
254	77	3.85159
254	89	3.91277
254	122	0.00609416
254	151	4.11789
254	249	6.85505
254	251	6.86634
254	258	10.4003
254	259	6.81348
254	261	7.03
254	265	7.5271
254	273	8.42208
254	277	8.47449
255	46	3.57945
255	65	3.79756
255	70	4.61307
255	109	4.22807
255	168	4.81628
255	188	5.38388
255	199	6.11468
255	203	5.35447
255	207	1.91988e-05
255	231	7.88656
255	235	6.2098
255	252	6.93912
255	261	7.71605
255	276	9.13541
255	282	12.4221
256	50	2.57312
256	61	0.536719
256	123	3.00618
256	145	2.46815
256	171	3.33653
256	188	3.63453
256	263	6.09963
256	269	6.8031
256	275	8.04203
256	283	8.42187
256	284	7.8434
256	289	13.2588
256	290	9.37862
256	294	9.22537
256	296	9.04641
257	18	1.49594
257	94	1.44227
257	104	2.16729
257	191	3.12739
257	212	3.88659
257	223	4.0164
257	241	4.89193
257	267	7.07427
257	268	7.37778
257	270	7.60598
257	282	8.08155
257	289	8.46419
257	292	8.92074
257	295	9.04962
257	299	8.76916
258	7	2.88076
258	36	0.0026774
258	42	0.299799
258	63	3.85518
258	75	3.36715
258	83	0.00774912
258	224	5.80182
258	232	6.09115
258	240	6.617
258	244	8.50151
258	267	12.2966
258	274	7.79914
258	280	7.91503
258	291	9.17123
258	293	9.14257
259	13	3.30903
259	17	3.52304
259	149	4.59787
259	172	6.28111
259	176	4.44813
259	228	3.89666
259	229	5.94041
259	242	6.4004
259	250	6.96352
259	273	8.84193
259	285	8.79942
259	287	10.8142
259	297	9.51493
259	298	9.21859
259	299	12.8954
260	1	3.34526
260	4	3.17552
260	29	4.11974
260	59	2.9765
260	88	5.50016
260	125	3.96121
260	174	5.19183
260	177	7.00913
260	216	6.15674
260	230	10.6814
260	235	4.84652
260	236	8.25362
260	266	7.41626
260	272	8.02166
260	285	8.91001
261	2	4.34365
261	61	4.34348
261	67	3.97554
261	89	3.94888
261	113	4.12714
261	146	10.0326
261	188	3.02088
261	190	4.76219
261	243	6.93136
261	251	6.90244
261	254	6.88442
261	265	7.56321
261	273	8.45819
261	277	8.5106
261	296	11.4878
262	38	6.32616
262	53	4.11199
262	55	3.41941
262	60	3.53734
262	69	5.55591
262	151	4.09767
262	190	4.70586
262	191	12.8073
262	240	8.60892
262	243	6.87503
262	249	6.83483
262	251	6.84611
262	254	6.82809
262	273	8.40186
262	277	8.45427
263	71	3.15156
263	91	2.16604
263	145	2.18986
263	172	4.28287
263	194	10.586
263	256	6.13048
263	269	6.5248
263	275	7.76373
263	278	7.53262
263	281	7.67541
263	283	8.14357
263	284	7.56511
263	290	9.10033
263	294	8.94708
263	296	8.76811
264	19	5.09513
264	40	7.19935
264	60	0.00264368
264	69	5.04481
264	73	0.281903
264	80	6.07794
264	130	5.20979
264	150	6.97023
264	159	9.84487
264	185	5.29669
264	211	7.64853
264	216	4.52291
264	217	6.95959
264	253	8.33587
264	299	13.4785
265	15	5.03608
265	53	4.24723
265	60	3.67258
265	98	3.91104
265	108	4.46473
265	209	4.39473
265	225	5.23298
265	249	6.97008
265	254	6.96334
265	261	7.14502
265	262	7.12349
265	269	12.0048
265	273	8.5371
265	293	11.2992
265	300	11.2861
266	63	1.9434
266	88	5.51922
266	93	4.63028
266	107	5.28532
266	113	4.22159
266	149	6.04034
266	163	5.24638
266	184	5.59048
266	216	6.1758
266	218	6.39275
266	234	6.43024
266	236	8.27268
266	264	7.36977
266	274	9.8087
266	278	11.5909
267	94	1.52719
267	111	2.37491
267	137	2.39028
267	143	2.53581
267	219	3.83991
267	247	5.90265
267	257	6.33221
267	268	7.4627
267	270	7.6909
267	271	7.30846
267	279	7.30561
267	282	8.16647
267	287	7.9715
267	292	9.00567
267	295	9.13454
268	102	0.887932
268	117	1.68089
268	193	5.89416
268	212	4.10129
268	247	6.03243
268	271	7.43824
268	277	10.308
268	282	8.29625
268	287	8.10128
268	288	8.09215
268	289	8.6789
268	292	9.13545
268	295	9.26432
268	297	11.0936
268	299	8.98387
269	27	2.19189
269	69	2.94869
269	105	3.3095
269	118	1.94775
269	144	3.38363
269	198	5.13177
269	239	5.39526
269	263	5.89193
269	278	7.60322
269	281	7.74601
269	283	8.21418
269	284	7.63571
269	290	9.17093
269	294	9.01768
269	296	8.83871
270	18	1.71723
270	64	2.06729
270	94	1.66355
270	104	2.38857
270	137	2.52664
270	143	2.67217
270	183	3.85961
270	191	3.34867
270	241	5.11321
270	271	7.44482
270	279	7.44197
270	287	8.10786
270	288	8.09873
270	289	8.68548
270	295	9.2709
271	18	1.58561
271	111	2.37965
271	117	1.55585
271	183	3.72799
271	219	3.84465
271	241	4.98159
271	257	6.33695
271	263	13.0033
271	270	7.69565
271	282	8.17122
271	288	7.96711
271	289	8.55386
271	292	9.01041
271	295	9.13928
271	299	8.85883
272	1	3.44071
272	90	4.00003
272	157	4.55685
272	174	5.28728
272	182	3.75354
272	208	6.51836
272	216	6.25219
272	218	6.46914
272	234	6.50663
272	236	8.34907
272	252	8.36278
272	260	6.97852
272	278	12.0293
272	291	9.82478
272	294	10.6879
273	11	3.09972
273	77	3.9689
273	108	4.46702
273	110	4.19882
273	120	3.92881
273	132	4.30688
273	141	4.83054
273	162	4.06819
273	194	9.07141
273	228	4.7396
273	236	1.50019
273	243	7.01257
273	262	7.12578
273	265	7.64441
273	279	12.9295
274	108	0.00631017
274	129	3.46371
274	202	5.40814
274	209	5.64006
274	224	5.60963
274	227	5.36938
274	232	5.89896
274	240	6.42481
274	277	10.3155
274	280	7.72284
274	289	12.9229
274	291	8.97904
274	293	8.95038
274	296	11.7656
274	300	9.00254
275	172	4.64863
275	189	3.87194
275	220	6.40161
275	239	5.69041
275	263	6.18709
275	269	6.89056
275	278	7.89837
275	280	10.8875
275	281	8.04116
275	283	8.50933
275	286	10.0788
275	290	9.46608
275	294	9.31283
275	296	9.13386
275	297	10.4338
276	49	8.70074
276	87	3.68515
276	170	6.11279
276	203	5.32043
276	231	7.85251
276	236	0.359037
276	238	6.25167
276	246	6.5282
276	255	6.8275
276	257	10.3973
276	265	5.30278
276	272	7.85371
276	285	7.44829
276	300	10.8868
277	31	3.77363
277	54	0.00345935
277	60	3.60855
277	67	3.99043
277	102	5.04513
277	108	4.4007
277	110	4.1325
277	141	4.76422
277	202	7.00171
277	214	5.00484
277	234	5.14458
277	258	9.64015
277	261	7.08099
277	265	7.57809
277	273	8.47307
278	41	2.9241
278	49	2.23423
278	71	3.37845
278	123	2.95478
278	146	2.90444
278	189	3.73308
278	196	3.86762
278	256	6.35737
278	263	6.04823
278	269	6.7517
278	275	7.99063
278	281	7.90231
278	284	7.792
278	290	9.32722
278	294	9.17397
279	117	1.36798
279	155	2.28967
279	212	3.78838
279	245	5.58747
279	257	6.14908
279	267	6.97606
279	268	7.27957
279	271	7.12533
279	282	7.98334
279	287	7.78837
279	288	7.77924
279	289	8.36599
279	292	8.82254
279	295	8.95141
279	299	8.67096
280	11	3.1861
280	43	2.7169
280	152	4.29171
280	160	4.05157
280	170	4.32675
280	224	5.55819
280	231	0.868385
280	233	6.32458
280	240	6.37338
280	258	6.91882
280	274	7.55552
280	284	13.5752
280	291	8.9276
280	293	8.89894
280	300	8.9511
281	49	2.27358
281	77	5.41644
281	144	3.57927
281	145	2.4561
281	146	2.94379
281	171	3.32448
281	198	5.32741
281	263	6.08758
281	269	6.79105
281	275	8.02998
281	278	7.79886
281	283	8.40982
281	284	7.83135
281	290	9.36657
281	296	9.03435
282	56	1.16359
282	64	1.98866
282	111	2.43264
282	117	1.60884
282	139	2.30141
282	183	3.78098
282	191	3.27005
282	212	4.02924
282	257	6.38994
282	268	7.52043
282	288	8.0201
282	289	8.60685
282	292	9.0634
282	295	9.19227
282	299	8.91182
283	5	1.70753
283	52	2.44452
283	80	0.00164694
283	142	3.62614
283	196	4.04075
283	201	7.04429
283	239	5.7247
283	256	6.53051
283	258	9.49703
283	269	6.92484
283	284	7.96514
283	290	9.50036
283	294	9.34711
283	295	11.9931
283	296	9.16814
284	3	2.84583
284	10	2.00434
284	118	2.04218
284	123	2.89292
284	159	4.36812
284	189	3.67122
284	198	5.2262
284	230	5.87545
284	239	5.4897
284	256	6.29551
284	275	7.92877
284	278	7.69765
284	283	8.30861
284	294	9.11211
284	296	8.93314
285	17	3.23479
285	99	3.06854
285	119	3.11367
285	151	5.23322
285	158	4.18873
285	186	4.84495
285	204	5.12215
285	205	5.44301
285	210	5.06078
285	238	6.62817
285	259	7.64196
285	291	9.45565
285	293	11.5545
285	297	9.22668
285	298	8.93035
286	47	2.57143
286	82	4.10975
286	118	14.1895
286	180	5.25931
286	181	5.30067
286	186	4.6731
286	222	5.73698
286	229	5.48031
286	238	6.45632
286	244	6.8374
286	250	6.50342
286	259	7.47011
286	263	12.4136
286	285	8.33932
286	298	8.75849
287	56	1.03338
287	155	2.40032
287	183	3.65077
287	241	4.90437
287	247	5.83017
287	267	7.08671
287	268	7.39022
287	270	7.61842
287	271	7.23598
287	279	7.23313
287	282	8.09399
287	288	7.88989
287	289	8.47664
287	295	9.06206
287	299	8.78161
288	121	2.74496
288	155	2.39928
288	212	3.898
288	219	3.7664
288	223	4.02781
288	247	5.82913
288	267	7.08567
288	270	7.61739
288	279	7.2321
288	282	8.09296
288	287	7.89798
288	289	8.4756
288	292	8.93215
288	295	9.06102
288	299	8.78057
289	56	1.08571
289	64	1.91077
289	121	2.79832
289	143	2.51566
289	192	3.4668
289	241	4.9567
289	257	6.31205
289	267	7.13904
289	270	7.67075
289	271	7.28831
289	279	7.28546
289	287	7.95135
289	292	8.98552
289	295	9.11439
289	299	8.83393
290	47	1.05177
290	49	2.43797
290	71	3.5822
290	118	2.30778
290	145	2.6205
290	196	4.07136
290	197	0.412352
290	203	7.03417
290	230	6.14105
290	240	8.27159
290	242	9.81035
290	275	8.19437
290	283	8.57421
290	284	7.99575
290	296	9.19875
291	39	3.60492
291	63	3.72714
291	95	7.53476
291	98	3.28026
291	145	7.46364
291	201	4.79828
291	202	5.4723
291	213	0.00703763
291	224	5.67379
291	232	5.96311
291	274	7.67111
291	276	4.68116
291	280	7.78699
291	289	12.4236
291	300	9.0667
292	104	2.30657
292	127	2.06498
292	139	2.29803
292	155	2.52715
292	192	3.54131
292	209	5.67534
292	219	3.89427
292	241	5.03121
292	245	5.82496
292	247	5.957
292	257	6.38656
292	268	7.51706
292	282	8.22083
292	287	8.02585
292	295	9.1889
293	20	3.58716
293	32	3.02638
293	39	3.55287
293	43	2.78045
293	58	3.21614
293	79	0.563004
293	129	3.47582
293	135	4.3895
293	152	4.35525
293	194	4.83925
293	228	4.97885
293	240	6.43692
293	249	7.72202
293	274	7.61906
293	280	7.73495
294	10	2.2028
294	26	0.00306406
294	100	3.78474
294	145	2.55335
294	202	6.78557
294	222	6.46942
294	230	6.07391
294	263	6.18482
294	269	6.8883
294	277	9.99073
294	278	7.89611
294	283	8.50707
294	284	7.9286
294	290	9.46382
294	296	9.1316
295	81	3.00569
295	121	2.86632
295	137	2.43812
295	139	2.29152
295	191	3.26016
295	223	4.14917
295	241	5.02469
295	245	5.81845
295	268	7.51054
295	270	7.73875
295	279	7.35346
295	282	8.21432
295	285	8.78151
295	289	8.59696
295	299	8.90193
296	78	2.96064
296	115	0.00317002
296	159	4.48861
296	172	4.56839
296	196	3.92624
296	234	5.09961
296	236	1.51967
296	263	6.10685
296	275	8.04925
296	281	7.96093
296	282	12.7972
296	283	8.42909
296	284	7.85062
296	290	9.38584
296	294	9.23259
297	16	3.26652
297	33	1.66328
297	86	3.8441
297	99	3.00694
297	109	3.85726
297	127	15.7772
297	156	8.03181
297	200	4.98344
297	244	6.94766
297	250	6.61367
297	260	9.06823
297	278	12.0051
297	285	8.44957
297	286	7.89662
297	298	8.86875
298	9	1.98195
298	16	3.15207
298	131	5.96336
298	149	4.13358
298	198	1.53886
298	200	4.86899
298	204	4.9461
298	210	4.88473
298	242	5.9361
298	250	6.49922
298	259	7.46591
298	285	8.33512
298	286	7.78217
298	288	11.8668
298	297	9.05063
299	57	1.8702
299	94	1.44081
299	183	3.63687
299	192	3.40058
299	219	3.75353
299	241	4.89047
299	247	5.81627
299	257	6.24583
299	268	7.37632
299	270	7.60453
299	271	7.22209
299	282	8.0801
299	288	7.87599
299	292	8.91929
299	295	9.04816
300	10	14.0985
300	19	0.00158011
300	75	3.15573
300	81	3.85807
300	92	1.28815
300	102	0.808844
300	129	3.44448
300	193	4.89222
300	201	4.7149
300	224	5.5904
300	226	6.27151
300	232	5.87973
300	258	6.95103
300	274	7.58773
300	291	8.95981
