in-degree distribution (probability density function of the degree in logarithmic bins) 
7.41667	0.184102
9.36923	0.117032
11.4828	0.0428946
13.7586	0.0352384
16.8636	0.0219611
20.8182	0.00902061
25	0.0141474
30.7778	0.00498094
38.125	0.00727448
47.3571	0.00522905

in-degree distribution (degree-occurrences) 
7	0.163333
8	0.116667
9	0.136667
10	0.08
11	0.05
12	0.0466667
13	0.0466667
14	0.0266667
15	0.0233333
16	0.0366667
17	0.01
18	0.0266667
19	0.00666667
20	0.01
21	0.00333333
22	0.0166667
23	0.0166667
24	0.0133333
25	0.01
26	0.0133333
27	0.0166667
28	0.00333333
29	0.01
31	0.00333333
32	0.00333333
33	0.01
34	0.00666667
36	0.00333333
37	0.00666667
38	0.01
39	0.0133333
40	0.00666667
41	0.00666667
42	0.00666667
45	0.00333333
47	0.01
48	0.00666667
49	0.01
50	0.01


--------------------------------------
out-degree distribution (probability density function of the degree in logarithmic bins) 
14	0.0531356
15	2.56803
16	2.2007

out-degree distribution (degree-occurrences) 
14	0.01
15	0.516667
16	0.473333


--------------------------------------
community distribution (size-occurrences)
11	0.0909091
12	0.0909091
13	0.0909091
22	0.0909091
26	0.0909091
27	0.0909091
31	0.0909091
36	0.0909091
39	0.181818
44	0.0909091


--------------------------------------
mixing parameter (in-links)
0.22385	0.07
0.25	0.103333
0.263158	0.00666667
0.271166	0.0666667
0.278424	0.0366667
0.2869	0.206667
0.300144	0.16
0.309135	0.106667
0.318661	0.03
0.333333	0.133333
0.352941	0.00333333
0.35974	0.0166667
0.375	0.0433333
0.428571	0.0166667

--------------------------------------
mixing parameter (out-links)
0	0.106667
0.0652778	0.05
0.129487	0.0433333
0.194737	0.0633333
0.261012	0.186667
0.3125	0.133333
0.333333	0.123333
0.3875	0.1
0.4375	0.0466667
0.466667	0.0166667
0.5	0.0266667
0.557197	0.0366667
0.6	0.02
0.633929	0.0133333
0.666667	0.0133333
0.74	0.0166667
0.8125	0.00333333

--------------------------------------
mixing parameter (weights)
0.299331	0.00666667
0.299826	0.0733333
0.299987	0.546667
0.300175	0.196667
0.30038	0.0566667
0.300647	0.04
0.300797	0.0266667
0.301024	0.0233333
0.301167	0.0133333
0.301364	0.00333333
0.301666	0.01
0.303375	0.00333333

--------------------------------------
internal weights (weight-occurrences)
0.855386	0.0116672
1.41492	0.020264
1.96849	0.0205711
2.51948	0.0383789
3.09745	0.0512742
3.65908	0.0672398
4.18937	0.0749156
4.7673	0.078907
5.3032	0.0859687
5.88625	0.0807492
6.44774	0.102855
6.99811	0.0979429
7.54534	0.0850476
8.08525	0.0832054
8.65722	0.0568007
9.16715	0.0383789
9.75937	0.00245625
10.8402	0.00245625
11.486	0.000921093

--------------------------------------
external weights (weight-occurrences)
0.138077	0.181621
1.5708	0.0600579
2.59116	0.068741
3.66406	0.0629522
4.68457	0.0832127
5.73894	0.0745297
6.73364	0.0839363
7.76312	0.0752533
8.79586	0.081042
9.81547	0.0738061
10.9013	0.0600579
11.8525	0.0492041
12.8819	0.0188133
13.833	0.012301
15.0643	0.00434153
15.6929	0.00217077
17.0663	0.00289436
18.0584	0.00144718
19.6595	0.00144718
20.3535	0.00217077
