1	23	5.08476
1	64	4.18661
1	96	1.48797
1	207	3.17337
1	216	7.29107
1	229	6.45566
1	252	4.69186
1	263	5.33566
1	265	5.85884
1	268	5.22202
1	269	9.01975
1	272	5.99689
1	279	6.5511
1	289	7.23558
1	290	6.96467
1	293	9.60438
2	162	5.66459
2	177	2.88376
2	189	2.37744
2	217	3.01104
2	228	2.06378
2	243	5.39899
2	267	4.41503
2	268	8.88645
2	269	5.95892
2	273	5.33963
2	284	5.962
2	286	6.01997
2	291	9.92528
2	298	6.35057
2	299	6.93759
2	300	9.4695
3	4	4.66235
3	9	1.93381
3	32	7.4429
3	61	0.00438632
3	96	5.10206
3	173	4.16535
3	177	2.01906
3	191	5.36201
3	200	8.3726
3	218	6.00916
3	223	5.08308
3	236	7.27209
3	244	4.75598
3	248	7.04187
3	278	7.80066
3	283	8.12049
4	18	2.96181
4	40	4.65202
4	138	6.20285
4	145	1.59351
4	148	2.70999
4	171	7.22579
4	173	5.26658
4	189	3.46734
4	194	6.70193
4	218	7.11039
4	223	6.18431
4	236	8.37332
4	244	3.99542
4	245	6.83815
4	281	7.70647
4	282	7.6148
5	6	3.44563
5	23	4.18427
5	31	1.94903
5	88	1.81311
5	93	2.58306
5	106	4.78761
5	123	4.7924
5	149	2.46882
5	163	6.06374
5	212	5.9443
5	232	4.76691
5	243	7.05253
5	251	6.23517
5	255	7.51189
5	274	8.17145
5	290	9.39348
6	67	3.80639
6	76	3.75823
6	116	3.50566e-06
6	159	2.08731
6	163	4.85583
6	185	8.97948
6	189	4.34161
6	212	4.73639
6	216	6.0788
6	219	5.44119
6	244	5.83819
6	254	7.05218
6	274	6.96355
6	279	7.77037
6	294	9.633
6	300	8.71851
7	128	0.852079
7	226	7.93005
7	230	3.48222
7	262	7.29343
7	264	4.91095
7	267	7.7678
7	276	5.81113
7	279	6.36412
7	281	7.17449
7	285	5.89248
7	289	7.58002
7	290	7.67545
7	292	7.20939
7	293	6.85122
7	295	7.73193
7	300	7.18371
8	52	1.68465
8	126	4.07093
8	175	1.7541
8	194	2.37588
8	213	3.17303
8	241	10.5663
8	247	4.25942
8	256	4.59399
8	257	3.73635
8	262	10.8604
8	270	4.81005
8	278	10.0751
8	281	5.84905
8	282	6.00964
8	283	6.01856
8	287	6.50075
9	82	3.51487
9	115	4.27329
9	147	1.84887
9	168	2.11641
9	174	4.26012
9	176	5.92837
9	177	1.88171
9	238	5.8759
9	249	6.25791
9	259	6.79452
9	265	7.00131
9	266	7.20551
9	281	8.32968
9	289	8.73521
9	293	8.14105
9	295	8.87286
10	17	3.46525
10	65	3.0944
10	103	6.97389
10	105	5.91213
10	120	3.21657e-05
10	130	5.93197
10	178	6.53059
10	202	5.72825
10	203	5.19427
10	204	3.28018
10	220	4.29452
10	256	7.09736
10	268	7.61342
10	269	7.28545
10	273	8.73783
10	292	8.69006
11	60	5.88103
11	202	6.64683
11	215	4.09329
11	231	9.75394
11	235	2.97367
11	242	3.79525
11	252	7.59408
11	253	2.05246
11	264	3.87019
11	276	4.77037
11	277	5.0185
11	278	5.38691
11	288	5.24087
11	291	5.26182
11	293	5.81046
11	294	5.02891
12	13	4.7147
12	74	6.17057
12	81	0.00157118
12	104	2.33604
12	126	5.59994
12	148	2.2971
12	170	6.75983
12	180	9.03297
12	201	6.28332
12	204	6.68463
12	218	2.90438
12	262	7.41252
12	276	5.96314
12	281	7.29358
12	290	7.79454
12	295	7.83676
13	17	0.779269
13	60	1.0518
13	67	0.548686
13	71	3.92605
13	129	6.1881
13	180	8.64496
13	190	2.15816
13	197	5.8475
13	201	5.89531
13	204	6.29663
13	242	5.36611
13	267	8.4593
13	283	7.51946
13	291	8.45954
13	292	8.49734
13	300	8.00377
14	41	1.29292
14	45	3.98268
14	137	7.32461
14	191	3.20197
14	218	4.83075
14	229	5.8826
14	250	6.61775
14	263	5.54937
14	265	6.07254
14	268	5.43573
14	272	6.2106
14	279	6.76481
14	280	6.48352
14	289	7.44929
14	290	7.17838
14	296	10.8111
15	51	2.74576e-05
15	55	9.4664e-05
15	86	1.60338
15	136	0.0104751
15	152	4.45759
15	181	7.10126
15	184	7.79559
15	209	7.54797
15	218	3.15165
15	220	7.51172
15	233	4.83608
15	238	4.51164
15	258	7.19045
15	261	7.45778
15	280	7.72292
15	290	8.04181
16	49	4.38118
16	63	2.71438
16	91	7.16753
16	114	2.64637
16	125	1.39421
16	146	7.41619
16	148	4.00962
16	160	4.01019
16	167	4.54628
16	175	6.43048
16	177	6.02388
16	180	0.370747
16	215	5.20581
16	240	7.55082
16	248	7.45943
16	293	8.69596
17	10	3.25593
17	18	3.26515
17	50	5.12192
17	103	7.37955
17	105	6.3178
17	164	4.84155
17	166	4.88854
17	184	2.86333
17	202	6.13392
17	203	5.59993
17	255	6.62918
17	269	7.23655
17	274	5.26563
17	275	6.57859
17	277	6.80379
17	291	8.60336
18	19	1.06178
18	70	3.39498
18	160	5.08313
18	214	1.96434
18	240	4.46863
18	246	6.03482
18	248	8.26994
18	263	5.17343
18	265	5.6966
18	271	8.72837
18	272	5.83466
18	279	6.38887
18	280	6.10758
18	287	9.86642
18	289	7.07335
18	290	6.80244
19	66	8.10965
19	136	1.98849
19	158	5.50096
19	166	1.86116
19	214	1.75411
19	255	8.13823
19	258	9.16847
19	263	4.9632
19	265	5.48637
19	268	4.84956
19	272	5.62443
19	279	6.17864
19	280	5.89735
19	289	6.86311
19	290	6.59221
19	297	10.0454
20	46	0.00228947
20	92	0.227558
20	102	11.2259
20	121	4.13917
20	122	6.86515
20	129	1.91373
20	131	6.85518
20	146	1.64377
20	160	2.36103
20	257	8.09652
20	266	5.60474
20	274	4.22882
20	281	6.973
20	289	7.37853
20	292	7.60435
20	299	7.92911
21	5	2.81004
21	27	0.00334068
21	44	7.31084
21	51	0.128792
21	113	5.67773
21	147	2.15692
21	155	6.69825
21	198	6.23186
21	199	6.73667
21	211	5.9729
21	222	6.82148
21	236	4.65315
21	254	5.90954
21	259	5.54132
21	275	7.2065
21	290	9.13869
22	138	8.33371
22	144	6.23663
22	158	3.11295
22	167	2.25786
22	179	5.78137
22	185	1.43158
22	245	3.83074
22	275	8.4061
22	277	5.73879
22	278	6.1072
22	288	5.96115
22	289	10.2429
22	291	5.9821
22	294	5.74919
22	295	7.41145
22	300	6.86324
23	6	3.40661
23	36	0.00731769
23	67	2.27998
23	97	3.71227
23	118	4.40851
23	183	4.96308
23	188	4.68164
23	210	5.02464
23	227	5.61483
23	232	5.47167
23	234	6.36576
23	243	5.66454
23	251	6.3508
23	252	4.49614
23	271	8.63056
23	296	11.1884
24	28	1.51201
24	31	3.94601
24	34	18.2161
24	39	1.46999
24	77	6.30974
24	149	4.22791
24	168	4.07964
24	192	8.98746
24	210	5.00724
24	211	1.92783
24	233	4.73996
24	249	4.55266
24	262	7.56367
24	281	7.44472
24	292	8.07608
24	294	8.49699
25	22	6.01177
25	84	2.10446
25	122	2.41508
25	182	4.78214
25	217	2.93495
25	229	3.85791
25	238	7.35884
25	253	9.83578
25	261	4.60672
25	265	9.05968
25	269	5.88283
25	273	5.26354
25	286	5.94388
25	297	6.59637
25	298	6.27449
25	299	6.8615
26	7	1.06422
26	143	1.91075
26	192	2.41419
26	205	1.24403
26	208	4.6533
26	215	5.32324
26	216	4.80232
26	248	8.94937
26	253	3.28241
26	254	7.64634
26	257	11.498
26	276	6.00033
26	285	6.08167
26	291	6.49177
26	292	7.39858
26	300	7.37291
27	24	0.00345216
27	73	0.646179
27	80	4.26175
27	112	7.31471
27	195	6.65707
27	204	1.88964
27	209	6.3089
27	220	6.27265
27	233	3.9634
27	251	4.01081
27	256	5.70682
27	257	7.79169
27	277	5.46215
27	285	7.75461
27	288	6.95401
27	300	6.80594
28	8	5.27534
28	58	5.08412
28	100	0.00112729
28	110	1.60449
28	159	2.28578
28	162	5.68668
28	192	0.818867
28	218	4.39
28	228	9.42544
28	231	6.53351
28	241	8.60399
28	243	4.84646
28	245	7.91088
28	249	7.06379
28	260	7.9507
28	266	8.01139
29	41	0.00224484
29	81	6.26801
29	92	5.82209
29	101	5.22749
29	147	6.1344
29	167	0.349814
29	184	2.7828
29	232	6.85529
29	235	5.64868
29	240	6.59551
29	243	3.99653
29	252	9.1696
29	255	6.54865
29	258	7.57888
29	264	7.67295
29	276	6.59884
30	106	0.772763
30	166	8.85595
30	181	7.67612
30	215	4.21402
30	230	2.56219
30	241	2.36881
30	242	3.91598
30	245	3.23119
30	258	3.38698
30	264	3.99092
30	276	4.8911
30	277	5.13924
30	279	11.1669
30	292	6.28936
30	295	6.8119
30	300	6.26369
31	24	3.20709
31	39	2.74948
31	61	0.000392504
31	86	2.22482
31	97	3.16161
31	99	3.59585
31	100	8.01502
31	149	5.5074
31	152	5.07903
31	168	5.35912
31	179	4.10633
31	192	10.267
31	214	9.76058
31	261	8.07922
31	279	7.35192
31	288	8.44813
32	68	3.33492
32	94	3.89494e-05
32	157	2.8746
32	168	0.307318
32	173	6.53652
32	191	7.73317
32	223	7.45425
32	230	5.72929
32	236	9.64325
32	239	3.42637
32	252	1.41944
32	256	5.55924
32	262	6.63952
32	270	5.70631
32	293	6.33196
32	297	7.04715
33	4	6.48701
33	157	3.34687
33	160	2.38089
33	165	6.03839
33	173	5.99002
33	191	7.18667
33	208	1.27163
33	223	6.90774
33	235	4.71226
33	236	9.09675
33	239	3.89865
33	245	6.12454
33	251	4.3355
33	266	5.6246
33	282	6.90118
33	290	7.49382
34	14	2.34507
34	103	0.00345801
34	106	3.54771
34	126	0.982085
34	139	2.05624
34	140	2.061
34	156	0.000929498
34	181	3.35152
34	202	1.60421
34	222	4.57388
34	227	4.41473
34	231	4.71132
34	234	3.99285
34	242	5.15273
34	286	7.94716
34	290	8.15358
35	22	0.349163
35	102	4.1122
35	153	0.385421
35	180	5.27026
35	215	4.31284
35	224	7.46489
35	241	2.46763
35	250	11.1819
35	264	4.08974
35	278	5.60646
35	285	5.07127
35	291	5.48137
35	292	6.38818
35	293	6.03001
35	295	6.91072
35	296	5.19406
36	1	1.98409
36	25	2.76795
36	42	4.02961
36	90	5.18517
36	111	3.55229
36	131	7.25903
36	138	4.92297
36	182	7.39916
36	184	1.28011
36	216	3.92465
36	222	3.34785
36	233	3.72182
36	250	3.82439
36	291	7.02013
36	295	6.96976
36	296	8.01769
37	98	2.18649
37	133	3.85162
37	171	5.87378
37	175	1.57831
37	213	2.99725
37	218	8.58767
37	226	2.05325
37	229	9.63952
37	256	4.4182
37	257	3.56056
37	270	4.63426
37	275	5.76638
37	281	5.67326
37	282	5.83385
37	283	5.84277
37	287	6.32496
38	55	0.000540613
38	87	0.000402379
38	178	0.697295
38	190	5.18903
38	193	8.84552
38	206	6.55538
38	210	5.08051
38	222	4.43926
38	227	4.28011
38	233	6.98638
38	239	6.814
38	246	7.88209
38	250	7.41531
38	256	6.55665
38	285	8.60444
38	294	8.57026
39	24	1.61912
39	34	17.9076
39	62	0.000565522
39	77	6.00126
39	99	3.84844
39	100	6.42705
39	128	5.49172
39	149	3.91943
39	154	0.404209
39	168	3.77115
39	192	8.67898
39	221	4.83574
39	222	5.33614
39	226	9.17043
39	242	5.91499
39	288	8.70072
40	33	6.2372
40	55	5.11665
40	112	1.68677
40	123	2.67967
40	147	0.978327
40	171	6.35607
40	193	8.78666
40	218	6.24067
40	223	5.31459
40	236	7.5036
40	248	6.03398
40	252	2.35799
40	253	6.90687
40	262	7.57808
40	291	8.05269
40	292	8.09049
41	156	5.52381
41	162	4.7611
41	176	5.80866
41	177	0.987942
41	199	3.72623
41	216	4.93398
41	231	5.60793
41	238	5.75619
41	249	6.13821
41	250	4.83372
41	257	8.55943
41	258	7.08552
41	260	7.02511
41	281	7.43591
41	297	7.96248
41	299	8.39202
42	109	3.13772
42	121	4.71589
42	133	2.28836
42	157	2.43237
42	158	3.81124
42	196	4.73435
42	211	5.89672
42	216	4.99094
42	230	3.86003
42	245	4.52903
42	250	8.81142
42	253	3.47103
42	276	6.18894
42	293	7.22903
42	296	6.39308
42	300	7.56152
43	59	1.06189
43	70	3.76093
43	72	5.94535
43	117	5.12511
43	161	7.91769
43	163	2.71524
43	164	1.67415
43	190	4.87266
43	194	7.01722
43	206	6.239
43	233	6.67
43	246	7.56572
43	250	7.09894
43	251	5.36441
43	281	8.02176
43	288	8.30761
44	60	0.0133081
44	81	0.00312277
44	187	3.60905
44	193	8.10634
44	199	6.59088
44	204	2.00029
44	208	6.29338
44	213	3.89395
44	222	6.67568
44	233	4.07405
44	237	8.79016
44	259	3.68241
44	275	5.34759
44	281	6.77881
44	290	7.27978
44	295	7.32199
45	4	1.74187
45	11	8.63794
45	71	2.71341
45	76	4.36173
45	91	0.664173
45	119	2.27417
45	144	5.64499
45	163	5.45934
45	172	1.83088
45	212	5.3399
45	219	6.0447
45	224	6.47765
45	246	5.58541
45	254	7.65568
45	274	7.56705
45	285	10.3321
46	31	0.000982365
46	120	12.1695
46	134	3.50819
46	139	4.27644
46	145	5.87371
46	150	4.18485
46	163	1.60352
46	172	6.54901
46	195	3.01679
46	200	6.81561
46	205	8.39787
46	247	5.11546
46	256	5.9487
46	257	8.03356
46	293	6.72142
46	299	7.86615
47	143	2.89065
47	149	2.97364
47	165	3.38205
47	205	2.22393
47	209	4.66077
47	215	6.30314
47	216	5.78222
47	219	5.11589
47	220	5.63315
47	235	5.18352
47	241	4.45793
47	245	5.32031
47	251	6.73999
47	254	6.66915
47	281	9.39734
47	285	7.06157
48	14	0.733779
48	49	5.56244
48	69	2.78505
48	151	5.81445
48	202	4.01745
48	240	4.34771
48	263	5.05251
48	265	5.57568
48	268	4.93887
48	272	5.71374
48	279	6.26795
48	280	5.98666
48	284	10.2488
48	289	6.95243
48	290	6.68152
48	300	10.2036
49	11	0.701472
49	54	7.12604
49	56	5.89281
49	75	1.38932
49	153	2.44805
49	176	2.68543
49	184	4.539
49	216	5.85455
49	221	6.10635
49	225	6.47486
49	249	6.79342
49	258	5.54842
49	277	7.30068
49	285	7.13389
49	293	8.09264
49	295	8.97335
50	10	3.95327
50	73	5.33032
50	130	7.03497
50	153	5.82148
50	174	2.83753
50	176	0.919962
50	178	7.63359
50	195	4.02676
50	196	1.24075
50	202	6.83126
50	203	6.29727
50	219	3.63857
50	264	7.66369
50	271	6.95329
50	291	8.51356
50	299	8.87613
51	62	0.000613257
51	95	5.37325
51	135	6.07736
51	170	2.57349
51	174	2.1041
51	183	2.47627
51	196	7.86866
51	232	6.7856
51	241	7.01137
51	250	4.58439
51	252	9.09991
51	265	5.85822
51	284	7.3695
51	286	7.48113
51	299	8.14269
51	300	7.32436
52	149	5.76306
52	161	1.10596
52	175	1.61283
52	194	2.23461
52	226	2.08777
52	247	4.11815
52	256	4.45272
52	257	3.59508
52	270	4.66878
52	272	10.7521
52	275	5.8009
52	281	5.70778
52	282	5.86837
52	283	5.87729
52	287	6.35948
52	294	13.239
53	98	6.47818
53	144	2.22582
53	157	6.19362
53	180	1.32577
53	207	3.16105
53	214	2.11425
53	217	6.87295
53	256	8.87826
53	262	4.72077
53	265	5.84651
53	272	5.98456
53	279	6.53877
53	280	6.25749
53	285	10.926
53	289	7.22325
53	290	6.95234
54	3	4.86769
54	141	1.18519
54	151	1.48798
54	215	7.56825
54	217	2.74977
54	248	4.00437
54	261	4.42154
54	267	4.15376
54	270	10.4328
54	273	5.07836
54	276	9.91659
54	284	5.70073
54	286	5.7587
54	297	6.41119
54	298	6.0893
54	299	6.67632
55	32	8.35386
55	70	1.19644
55	163	2.19003
55	171	7.03552
55	175	5.04245
55	184	2.35007
55	215	3.81777
55	218	6.92012
55	223	5.99405
55	236	8.18305
55	249	4.60449
55	250	4.89435
55	261	7.41349
55	271	6.52983
55	285	8.58299
55	296	9.08766
56	25	0.44332
56	84	2.02196
56	125	2.7992
56	137	8.39423
56	259	7.19317
56	261	4.52422
56	267	4.25644
56	268	9.84429
56	269	5.80033
56	271	5.72755
56	277	9.08356
56	284	5.80341
56	286	5.86138
56	297	6.51388
56	298	6.19199
56	299	6.779
57	120	12.688
57	134	4.02668
57	139	4.79493
57	142	1.58563
57	145	6.3922
57	150	4.70334
57	159	1.06491
57	172	7.06751
57	237	2.17206
57	253	7.00606
57	255	6.1777
57	265	6.22997
57	266	6.19007
57	283	7.21179
57	290	8.05929
57	298	9.28052
58	83	4.04093
58	89	6.55939
58	94	4.50267
58	105	0.52961
58	115	4.72442
58	120	0.000468068
58	174	4.71125
58	236	3.42658
58	238	6.32703
58	260	7.59595
58	266	7.65664
58	273	8.09029
58	286	7.7057
58	287	7.58248
58	297	7.93773
58	300	7.54894
59	14	2.8029
59	41	4.23987
59	107	4.59075
59	150	2.65048
59	174	5.13181
59	178	1.28974
59	204	3.33191
59	205	9.59826
59	211	2.59354
59	238	6.74759
59	259	7.6662
59	266	8.0772
59	274	5.36626
59	280	8.29251
59	282	8.01876
59	287	8.28176
60	94	0.654515
60	102	0.000910403
60	109	6.37167
60	119	1.30969
60	126	1.61068
60	184	6.68852
60	195	6.78907
60	208	2.55999
60	209	6.4409
60	213	5.39635
60	220	6.40465
60	227	5.04333
60	239	5.187
60	278	7.61485
60	292	8.91257
60	298	10.0034
61	10	4.78494
61	73	6.162
61	124	6.15092
61	133	0.000790628
61	173	0.276856
61	188	1.09152
61	193	7.65635
61	196	4.02761e-06
61	209	1.59226
61	223	3.3932
61	240	4.99505
61	271	5.36209
61	285	7.41526
61	286	6.62336
61	288	6.61466
61	296	7.91993
62	84	2.14785
62	90	0.0319446
62	93	0.644645
62	96	3.58914
62	114	3.9655
62	123	2.17464
62	198	2.00969
62	225	3.74348
62	237	1.56784
62	244	3.24306
62	247	5.15952
62	277	5.74809
62	279	6.14374
62	283	6.60757
62	288	7.23995
62	294	8.00637
63	16	2.59164
63	87	0.577593
63	91	7.26944
63	116	7.91796
63	122	0.864601
63	139	3.24119
63	146	7.5181
63	148	4.11154
63	160	4.11211
63	167	4.6482
63	177	6.1258
63	212	4.85817
63	271	7.87083
63	277	7.63154
63	280	9.01963
63	295	9.38074
64	29	4.8714
64	51	5.38579
64	57	1.13137
64	74	7.80774
64	81	5.12966
64	95	4.30459
64	135	5.0087
64	141	4.51389
64	176	1.9307
64	179	4.91919
64	218	4.54156
64	220	5.16657
64	228	9.57699
64	232	5.71694
64	245	8.06243
64	252	8.03125
65	173	3.37668
65	200	1.84744
65	229	3.9058
65	248	4.23744
65	250	6.82645
65	262	9.54758
65	267	4.38683
65	269	5.93072
65	271	5.85794
65	272	7.99395
65	277	8.22262
65	278	8.76228
65	284	5.9338
65	297	6.64427
65	298	6.32238
65	299	6.90939
66	52	1.15453
66	138	10.6619
66	155	2.43269
66	194	2.40373
66	213	3.20088
66	222	9.08681
66	226	2.25688
66	247	4.28726
66	257	3.76419
66	270	4.83789
66	275	5.97001
66	277	10.9595
66	281	5.87689
66	282	6.03748
66	283	6.0464
66	287	6.52859
67	78	3.33937
67	99	4.39999
67	188	2.58902
67	212	5.69993
67	217	4.85966
67	219	6.40473
67	243	6.80816
67	244	6.80173
67	259	4.72991
67	260	4.92554
67	264	7.56999
67	272	6.39162
67	274	7.92708
67	288	8.11216
67	293	7.63769
67	297	8.35288
68	7	1.13578
68	49	2.94466
68	59	3.6195
68	79	2.96445
68	97	5.5787
68	201	4.4213
68	221	7.00024
68	241	4.65683
68	244	6.86833
68	245	5.51921
68	258	5.675
68	260	7.6786
68	277	7.42726
68	285	7.26047
68	296	7.38327
68	300	8.55171
69	76	4.428
69	88	0.764448
69	99	4.10623
69	108	4.16509
69	141	3.42699
69	145	1.73089
69	224	6.54392
69	233	5.13909
69	236	3.85928
69	244	6.50797
69	254	7.72195
69	272	6.40916
69	274	7.63332
69	284	8.02677
69	296	9.43496
69	298	9.56604
70	22	4.09201
70	38	4.42197
70	54	5.90884
70	93	3.86314
70	143	6.78627
70	149	2.04458
70	169	5.04201
70	186	4.69065
70	187	5.29851
70	233	6.20053
70	239	6.02815
70	246	7.09625
70	250	6.62947
70	266	7.10002
70	270	7.654
70	290	8.96924
71	13	4.09361
71	15	0.268984
71	66	6.92038
71	79	4.33956
71	102	0.000444679
71	124	8.15169
71	154	6.31583
71	155	6.39012
71	170	6.13874
71	180	8.41188
71	197	5.61442
71	198	3.38517
71	204	6.06355
71	247	6.535
71	254	5.60141
71	280	8.51166
72	68	1.08624
72	125	4.02902
72	185	1.05223
72	188	6.28211
72	189	7.28028
72	233	8.81464
72	244	7.80835
72	276	5.1113
72	278	5.72784
72	291	5.60275
72	292	6.50956
72	293	6.15139
72	294	5.36984
72	295	7.0321
72	296	5.31544
72	300	6.48388
73	17	4.30932
73	57	0.895947
73	105	6.75621
73	119	5.58592
73	128	5.77218
73	132	4.23048
73	136	1.16496
73	140	3.10371
73	178	7.37467
73	202	6.57233
73	203	6.03835
73	224	2.37612
73	259	5.59892
73	270	7.88106
73	297	9.22189
73	300	8.8331
74	22	0.216433
74	68	1.64625
74	69	4.91493
74	84	7.38948
74	116	3.36989
74	118	6.31091
74	157	1.91474
74	216	4.47331
74	224	5.87653
74	264	4.77112
74	288	6.1418
74	291	6.16275
74	292	7.06957
74	293	6.7114
74	295	7.59211
74	296	5.87545
75	72	0.321521
75	78	4.94745
75	80	0.52587
75	144	7.76164
75	185	1.91969
75	193	1.05163
75	215	5.30168
75	229	8.02499
75	258	4.47464
75	276	5.97877
75	278	6.5953
75	283	11.0158
75	285	6.06011
75	291	6.47021
75	292	7.37702
75	294	6.2373
76	4	0.179987
76	21	1.53563
76	59	0.72393
76	78	3.30449
76	87	7.08966
76	132	4.16475
76	140	5.36289
76	194	6.67926
76	224	6.8028
76	243	6.77328
76	255	6.30317
76	266	6.31554
76	267	8.27711
76	274	7.8922
76	297	8.21036
76	298	9.40599
77	31	6.25147
77	48	3.97042
77	55	0.034657
77	88	0.938964
77	110	0.84366
77	129	2.9591
77	149	6.53338
77	168	6.3851
77	180	0.000488984
77	186	4.56155
77	192	11.2929
77	203	3.23288
77	267	8.61168
77	276	6.68793
77	291	8.61192
77	294	9.07063
78	5	4.13667
78	6	2.2903
78	87	6.21358
78	101	2.92461
78	187	5.22199
78	202	2.34336
78	210	5.95427
78	214	9.99006
78	219	5.49377
78	239	5.29755
78	243	5.8972
78	244	5.89077
78	246	4.73149
78	254	7.10476
78	269	7.61851
78	274	7.01612
79	126	5.31663
79	145	1.55899
79	147	1.19114
79	154	6.6536
79	163	2.36543
79	170	6.47652
79	174	2.58946
79	180	8.74966
79	197	5.9522
79	204	6.40133
79	212	3.69257
79	245	6.80363
79	248	6.2468
79	271	6.70523
79	278	7.00558
79	295	8.21513
80	30	0.344674
80	42	0.781263
80	62	0.764237
80	157	2.3823
80	158	3.76117
80	232	7.13481
80	237	5.87415
80	264	5.23869
80	272	9.82573
80	276	6.13887
80	277	6.387
80	288	6.60937
80	289	11.666
80	292	7.53713
80	293	7.17896
80	295	8.05967
81	1	2.9804
81	101	5.12825
81	136	5.89919
81	144	3.8222
81	147	6.03516
81	179	5.95831
81	183	2.71258
81	232	6.75605
81	240	6.08913
81	247	5.62831
81	252	9.07036
81	256	6.46155
81	270	6.60862
81	291	8.01644
81	292	8.05425
81	295	7.96607
82	4	1.61312
82	58	4.22034
82	94	3.99363
82	107	3.66115
82	165	8.16247
82	174	4.20221
82	187	5.94716
82	195	5.22368
82	198	4.17251
82	212	5.13755
82	249	6.2
82	259	6.73661
82	260	7.08691
82	266	7.1476
82	293	8.92831
82	295	9.66011
83	9	3.38468
83	41	3.34086
83	45	3.00518
83	75	5.87035
83	78	1.82756
83	82	3.48754
83	216	5.74051
83	231	5.70031
83	238	5.84857
83	257	9.36597
83	258	7.89205
83	259	6.76719
83	260	7.1175
83	266	7.17819
83	290	8.74341
83	299	9.19856
84	2	1.4512
84	47	4.39215
84	71	2.87572
84	74	8.28499
84	122	1.43504
84	141	2.72622
84	197	3.90266
84	229	5.21376
84	248	5.5454
84	273	6.6194
84	284	7.24177
84	292	10.0394
84	296	10.9991
84	297	7.95223
84	298	7.63034
84	299	8.21736
85	7	1.30831
85	18	4.70977
85	23	3.20357
85	37	9.15923
85	121	2.7567
85	177	3.00646
85	187	4.90642
85	188	4.76869
85	191	3.43645
85	221	5.40722
85	225	5.70012
85	227	5.70188
85	234	6.45281
85	251	6.43786
85	271	8.4877
85	290	9.95539
86	70	3.2756
86	85	3.98102
86	117	4.63979
86	145	2.55754
86	158	4.6526
86	186	4.67479
86	190	4.38733
86	220	4.90631
86	226	9.42606
86	233	6.18468
86	239	6.0123
86	246	7.08039
86	250	6.61361
86	267	9.2638
86	287	8.84182
86	289	9.07603
87	78	4.47813
87	99	5.53875
87	129	2.2844
87	154	0.00171641
87	169	3.61933
87	188	2.10638
87	220	3.57949
87	241	7.16846
87	243	7.94692
87	244	7.94049
87	258	6.99328
87	274	9.06584
87	281	7.34367
87	283	6.99714
87	296	8.93478
87	298	9.06586
88	57	0.269303
88	82	2.84166
88	90	5.16539
88	102	11.61
88	121	4.52324
88	122	7.24923
88	142	2.09599
88	182	7.37938
88	193	9.39621
88	209	3.33212
88	213	5.18382
88	238	5.03948
88	244	4.35764
88	250	5.46649
88	264	7.81236
88	298	9.79087
89	56	0.355585
89	64	6.90854
89	141	0.939825
89	152	9.43169
89	157	8.86895
89	229	3.42736
89	248	3.75901
89	267	3.9084
89	269	5.45229
89	271	5.3795
89	273	4.833
89	284	5.45537
89	286	5.51334
89	297	6.16583
89	298	5.84394
89	299	6.43096
90	20	6.1548
90	59	1.14104
90	67	0.7836
90	88	6.28222
90	95	2.29932
90	102	10.0542
90	121	2.9674
90	122	5.69339
90	182	5.82355
90	187	4.93114
90	204	3.32238
90	205	9.58873
90	221	4.52177
90	230	7.30961
90	271	7.13418
90	299	9.05702
91	16	4.48998
91	44	0.0024874
91	137	5.56456
91	141	3.04304
91	148	6.00987
91	160	6.01045
91	169	3.73556
91	177	8.02414
91	178	0.639197
91	246	3.79962
91	247	5.66531
91	268	7.01462
91	279	6.64953
91	287	7.63122
91	290	7.96086
91	298	9.18209
92	43	1.19824
92	51	6.19985
92	98	4.82769
92	100	0.000340908
92	136	5.67414
92	139	2.59275
92	146	2.8599
92	153	6.09059
92	179	5.73326
92	196	7.61406
92	232	6.531
92	235	5.90853
92	252	8.84531
92	263	7.18063
92	294	9.24138
92	295	8.7323
93	38	4.75258
93	72	6.33512
93	86	3.68652
93	157	4.76555
93	169	5.37262
93	190	4.7338
93	206	6.10014
93	208	2.69031
93	210	5.97405
93	239	6.35877
93	246	7.42686
93	250	6.96008
93	257	9.53506
93	259	5.31513
93	269	7.63828
93	271	7.44481
94	9	3.71749
94	83	3.89529
94	156	5.949
94	174	4.5656
94	183	2.82618
94	195	3.64325
94	214	9.1348
94	231	6.03312
94	238	6.18138
94	260	7.4503
94	266	7.51099
94	267	8.12981
94	284	7.71942
94	288	7.82235
94	289	7.94203
94	296	9.12761
95	29	5.43951
95	51	5.9539
95	107	0.86701
95	136	5.42818
95	144	5.20232
95	147	5.56415
95	156	1.12478
95	158	4.78512
95	164	2.4554
95	201	2.64495
95	228	9.44926
95	232	6.28505
95	251	6.14566
95	252	8.59936
95	277	7.597
95	297	9.32958
96	18	0.944734
96	53	1.14061
96	75	8.10933
96	117	4.14857
96	144	2.6248
96	207	3.56002
96	224	4.16222
96	255	9.1008
96	262	5.11975
96	267	11.0747
96	268	5.60867
96	272	6.38354
96	279	6.93775
96	280	6.65646
96	289	7.62223
96	290	7.35132
97	23	3.38333
97	77	1.84261
97	85	3.68707
97	137	7.36764
97	145	3.15003
97	171	2.1599
97	187	5.08618
97	206	5.687
97	210	5.29145
97	221	5.58698
97	225	5.87988
97	227	5.88164
97	232	5.13738
97	251	6.61762
97	291	9.85653
97	300	9.40076
98	47	5.66786
98	152	2.11455
98	170	6.07061
98	213	3.47307
98	226	2.52908
98	247	4.55946
98	254	7.95552
98	256	4.89403
98	270	5.11009
98	275	6.24221
98	276	9.35326
98	281	6.14909
98	282	6.30968
98	283	6.3186
98	287	6.80079
98	288	10.9695
99	34	0.163707
99	67	4.51413
99	83	2.90626
99	85	4.83961
99	93	3.21962
99	108	4.20306
99	113	3.52707
99	132	3.94384
99	134	3.22791
99	140	5.14198
99	205	11.0169
99	219	6.14894
99	254	7.75992
99	260	6.62831
99	274	7.67129
99	276	8.19864
100	17	9.1085e-05
100	77	8.56121
100	149	6.47938
100	168	6.3311
100	170	2.11656
100	175	4.27555
100	192	11.2389
100	201	0.571578
100	228	7.37589
100	260	3.82888
100	268	6.28437
100	278	6.06328
100	283	6.38311
100	289	7.13518
100	293	6.54102
100	296	8.32076
101	29	5.36438
101	50	1.71096
101	64	3.72883
101	120	0.00136381
101	127	6.3151
101	135	5.50168
101	147	5.48902
101	168	2.75447
101	196	7.29298
101	225	5.75711
101	232	6.20992
101	252	8.52423
101	259	5.87133
101	272	7.53305
101	275	7.53652
101	291	9.56129
102	6	0.659295
102	9	0.316743
102	90	6.1152
102	121	5.47305
102	150	1.39
102	182	8.32919
102	217	3.88331
102	219	2.56852
102	227	3.61208
102	238	3.82076
102	264	6.59364
102	272	5.41527
102	287	7.02129
102	288	7.13581
102	289	7.2555
102	296	8.44107
103	35	7.84769
103	53	2.77731
103	61	12.1668
103	65	2.17132
103	104	2.17808
103	116	0.000628504
103	119	5.93772
103	164	5.63177
103	176	0.135574
103	185	7.53437
103	231	4.19434
103	275	5.7044
103	278	6.46926
103	284	7.31854
103	295	7.67881
103	300	7.2734
104	28	4.53896
104	41	3.27508
104	130	0.479145
104	150	3.84023
104	178	2.47949
104	201	3.14212
104	213	6.41533
104	231	5.63453
104	238	5.7828
104	249	6.16481
104	259	6.70141
104	260	7.05172
104	266	7.11241
104	270	8.48592
104	280	9.48227
104	300	9.43797
105	22	3.80811
105	99	3.61795
105	103	8.65395
105	112	2.41201
105	130	7.61203
105	147	1.70357
105	162	4.51724
105	164	6.11595
105	202	7.40831
105	203	6.87433
105	232	4.05877
105	237	2.79811
105	263	7.17588
105	270	7.37011
105	285	9.27082
105	293	7.99575
106	30	0.414563
106	109	1.63358
106	124	9.73157
106	153	1.94894
106	165	2.95527
106	237	4.52321
106	241	4.03114
106	244	6.19843
106	275	8.47825
106	276	6.55344
106	289	10.315
106	291	7.04488
106	292	7.9517
106	294	6.81198
106	295	8.47424
106	296	6.75758
107	83	3.58147
107	162	4.87247
107	217	4.4919
107	222	4.37983
107	230	6.66727
107	233	4.7538
107	238	5.86757
107	249	6.24958
107	259	6.78618
107	260	7.13649
107	264	7.20224
107	266	7.19718
107	281	7.45856
107	287	7.62989
107	288	7.74441
107	289	7.86409
108	10	0.370351
108	87	6.8002
108	123	4.22369
108	140	5.07343
108	153	5.25921
108	185	7.75649
108	212	5.37559
108	224	6.51334
108	225	4.14712
108	243	6.48382
108	244	6.47739
108	269	6.58449
108	285	8.44418
108	286	7.65228
108	294	8.41
108	297	7.8843
109	15	8.61401
109	27	7.31237
109	91	0.000630504
109	181	5.44709
109	195	6.24197
109	209	5.8938
109	220	5.85755
109	223	4.2994
109	230	6.44372
109	251	4.57767
109	254	4.50684
109	258	6.88463
109	277	6.029
109	278	6.56865
109	294	8.28728
109	300	7.37279
110	43	1.05459
110	49	3.54206
110	109	4.92021e-05
110	142	5.75366
110	159	5.98494
110	181	3.74437
110	184	2.89899
110	185	8.44421
110	208	6.36819
110	222	6.75049
110	237	8.86498
110	267	8.63878
110	276	6.71503
110	277	6.83945
110	283	7.69893
110	298	9.76766
111	35	0.137118
111	48	6.573
111	78	4.20606
111	154	2.61028
111	185	2.39062
111	210	8.18346
111	235	4.65299
111	243	6.6882
111	245	4.78978
111	264	5.54951
111	268	10.1757
111	278	7.06623
111	288	6.92019
111	293	7.48978
111	295	8.37049
111	296	6.65383
112	7	0.707241
112	13	1.49039
112	28	2.92065
112	52	7.05185
112	60	7.20618
112	130	0.0323146
112	146	3.52414
112	179	4.79741
112	181	5.9221
112	184	6.61643
112	195	6.71698
112	216	6.35143
112	220	6.33256
112	244	5.14231
112	288	9.13921
112	295	9.39654
113	86	2.66991
113	125	4.21814
113	142	5.14537
113	172	1.19257
113	199	6.0574
113	208	5.7599
113	209	3.87081
113	211	5.29362
113	222	6.1422
113	223	5.67175
113	234	4.94761
113	237	8.25668
113	238	5.57817
113	265	7.27901
113	287	8.77869
113	292	9.23872
114	14	2.11052
114	62	13.0221
114	116	7.75552
114	146	7.35567
114	148	3.9491
114	160	3.94967
114	167	4.48576
114	177	5.96336
114	225	4.20743
114	243	3.48532
114	268	6.97278
114	282	7.32639
114	285	8.5045
114	287	7.58938
114	295	7.96124
114	299	8.37417
115	41	3.66401
115	174	4.55594
115	176	6.22419
115	185	7.7444
115	206	3.76968
115	235	5.06507
115	240	6.01189
115	249	6.55373
115	253	6.7934
115	258	6.99527
115	259	7.09034
115	260	7.44064
115	266	7.50133
115	275	5.91444
115	295	7.88884
115	296	8.93677
116	16	4.71267
116	64	1.67937
116	67	0.00116667
116	73	1.26379
116	114	4.86932
116	167	6.76923
116	177	8.24683
116	239	4.19156
116	240	5.95201
116	260	4.385
116	261	7.20271
116	266	5.91752
116	273	7.9649
116	285	8.37222
116	293	7.09715
116	299	8.24188
117	11	7.8043
117	38	5.12445
117	54	5.85261
117	63	2.66586
117	70	3.99394
117	93	4.56562
117	127	5.75941
117	140	2.82043
117	165	7.45758
117	186	5.39313
117	203	3.62655
117	210	5.97456
117	239	6.73063
117	246	7.79873
117	250	7.33195
117	273	9.09117
118	8	5.17405
118	26	4.79803
118	81	0.726265
118	97	4.32153
118	153	6.57938
118	154	0.667251
118	188	5.29089
118	199	4.96823
118	221	5.92942
118	225	6.22232
118	227	6.22408
118	231	5.73662
118	234	6.97501
118	251	6.96006
118	273	9.35704
118	277	7.4719
119	17	4.40687
119	50	5.65788
119	68	4.89039
119	96	4.71108
119	103	7.91551
119	105	6.85376
119	130	6.87359
119	145	1.96309
119	146	2.74683
119	164	5.37751
119	229	4.7387
119	268	7.63077
119	272	6.64136
119	278	7.40968
119	281	8.07605
119	283	7.72952
120	40	0.000234037
120	41	0.0012824
120	84	1.99931
120	139	4.4486
120	206	3.22959
120	209	2.069
120	224	0.486358
120	236	2.82099
120	241	6.63035
120	269	6.03231
120	273	7.48469
120	280	6.98764
120	287	6.97689
120	289	7.2111
120	292	7.43692
120	295	7.34875
121	20	5.77529
121	36	7.83635
121	88	5.90271
121	102	9.67464
121	122	5.31388
121	123	3.38786
121	131	5.30391
121	182	5.44404
121	186	4.71051
121	197	2.66199
121	217	5.20067
121	266	6.79907
121	267	8.76064
121	274	5.42315
121	277	6.96131
121	285	9.25377
122	18	2.83637
122	36	9.19181
122	88	7.25817
122	90	4.5855
122	105	0.699484
122	131	6.65937
122	162	3.91389
122	182	6.7995
122	200	7.48661
122	213	4.69617
122	216	5.0791
122	254	4.85285
122	266	6.21278
122	271	6.61431
122	284	7.76395
122	285	8.66748
123	30	7.30157
123	45	3.83204
123	57	1.53566
123	62	0.00206112
123	72	7.25863
123	114	1.38946
123	151	5.08364
123	212	5.46073
123	214	10.9333
123	219	6.16553
123	224	6.59848
123	236	5.35047
123	244	6.56253
123	254	7.77651
123	274	7.68788
123	295	9.87822
124	14	0.782726
124	32	3.00616
124	44	3.23834
124	114	4.63763
124	138	0.641474
124	240	4.39666
124	262	4.49889
124	263	5.10145
124	265	5.62463
124	268	4.98782
124	272	5.76268
124	279	6.31689
124	280	6.03561
124	289	7.00137
124	290	6.73046
124	293	12.3946
125	21	5.18264
125	44	6.17746
125	89	6.81732
125	113	4.54435
125	198	5.09847
125	199	5.60329
125	202	1.62069
125	211	4.83951
125	222	5.68809
125	228	8.31533
125	230	6.8778
125	237	7.80258
125	257	8.79261
125	270	6.85482
125	293	7.48047
125	299	8.62521
126	13	4.68553
126	48	4.20208
126	79	4.93148
126	87	0.00248985
126	118	2.3652
126	121	1.5523
126	154	6.90775
126	180	9.0038
126	197	6.20634
126	201	6.25415
126	249	5.35796
126	253	7.69776
126	275	6.8188
126	287	8.42135
126	289	8.65556
126	299	9.20614
127	84	2.18713
127	169	7.12734
127	183	6.14136
127	234	7.19192
127	243	6.91894
127	248	4.27223
127	261	4.6894
127	267	4.42162
127	271	5.89272
127	273	5.34622
127	284	5.96859
127	286	6.02656
127	287	11.023
127	297	6.67905
127	298	6.35716
127	299	6.94418
128	80	0.481339
128	153	1.32973
128	157	2.17766
128	219	6.43197
128	230	3.60532
128	254	7.98523
128	255	5.00986
128	265	9.38505
128	276	5.93423
128	280	10.8955
128	285	6.01558
128	291	6.42568
128	294	6.19277
128	295	7.85503
128	296	6.13837
128	300	7.30682
129	14	3.94405
129	39	2.81919
129	70	2.95147
129	71	4.85152
129	111	6.37729
129	114	1.30601
129	117	2.91873
129	140	3.65997
129	154	7.47437
129	170	7.29729
129	197	6.77297
129	201	6.82078
129	224	2.93238
129	237	3.86532
129	290	9.75255
129	298	10.9738
130	8	3.6102
130	73	5.59211
130	119	6.10663
130	164	5.80068
130	178	7.89538
130	186	3.65724
130	197	1.60872
130	203	6.55906
130	257	8.23758
130	265	5.7857
130	274	4.36989
130	277	5.90805
130	280	7.29614
130	284	7.29698
130	296	8.70517
130	298	8.83626
131	20	7.11601
131	36	9.17708
131	101	2.03862
131	121	3.92862
131	122	6.65461
131	125	0.0153962
131	129	2.4465
131	182	6.78477
131	209	2.76921
131	221	3.92664
131	235	5.22518
131	245	6.63746
131	278	6.83941
131	285	8.59222
131	292	8.13713
131	298	9.22797
132	12	1.42946
132	67	4.31363
132	108	4.00256
132	112	3.75859
132	123	4.09174
132	140	4.94148
132	148	4.53448
132	169	5.80662
132	192	1.57063
132	234	5.8712
132	243	6.35187
132	244	6.34544
132	254	7.55942
132	274	7.47079
132	276	8.20052
132	283	9.18443
133	34	3.93722e-06
133	40	0.00161259
133	46	5.20319
133	72	5.00046
133	127	4.42424
133	134	5.04627
133	145	7.41179
133	172	8.08709
133	219	2.79543
133	246	3.4166
133	274	4.3327
133	280	7.25895
133	288	7.36272
133	289	7.48241
133	292	7.70823
133	298	8.79907
134	57	4.32522
134	77	0.992888
134	113	2.41125
134	120	12.0954
134	133	7.50519
134	139	4.20237
134	145	5.79963
134	150	4.11077
134	169	4.68893
134	172	6.47494
134	185	8.81201
134	189	4.17414
134	236	4.42869
134	266	7.04501
134	278	7.7469
134	299	9.36937
135	64	3.98978
135	92	5.43767
135	95	5.05852
135	117	1.83088
135	133	0.0010465
135	179	5.67313
135	196	7.55393
135	199	4.45406
135	241	7.98853
135	246	4.50347
135	252	8.78518
135	259	5.06734
135	273	8.84287
135	282	8.07207
135	283	7.81721
135	291	8.75729
136	92	5.32264
136	95	4.94349
136	105	0.905155
136	138	6.28309
136	147	5.63494
136	159	1.29328
136	179	5.55809
136	214	9.385
136	232	6.35583
136	252	8.67014
136	261	7.70365
136	262	7.90565
136	268	7.34142
136	279	6.97634
136	280	7.96878
136	284	7.96962
137	15	3.32567
137	26	0.344301
137	173	5.33431
137	193	0.794095
137	203	6.60078
137	226	12.1418
137	242	4.74611
137	264	4.82105
137	277	5.96936
137	278	6.33777
137	288	6.19172
137	291	6.21267
137	292	7.11949
137	294	5.97977
137	295	7.64203
137	300	7.09381
138	16	5.94197
138	124	0.542064
138	166	2.07533
138	214	1.96828
138	238	8.6602
138	240	4.47257
138	262	4.5748
138	263	5.17736
138	265	5.70054
138	268	5.06373
138	272	5.83859
138	279	6.3928
138	280	6.11152
138	281	11.6894
138	289	7.07728
138	290	6.80637
139	56	5.03324
139	57	4.70002
139	69	1.54511
139	115	0.729188
139	116	7.53981e-05
139	120	12.4702
139	133	7.87999
139	145	6.17443
139	150	4.48557
139	160	4.21395
139	172	6.84974
139	251	6.16857
139	264	8.56959
139	284	9.00884
139	287	8.99724
139	288	9.11176
140	5	5.17106
140	28	2.92103
140	43	1.86286
140	76	4.84519
140	137	6.9584
140	159	2.36032
140	167	1.27428
140	179	4.79779
140	219	6.52816
140	224	6.96111
140	236	4.86917
140	243	6.93159
140	254	8.13914
140	257	9.97726
140	273	9.53287
140	295	9.39692
141	124	9.31741
141	190	3.78748
141	200	2.63088
141	209	4.75875
141	229	4.68924
141	241	9.3201
141	242	6.99543
141	266	8.12706
141	269	6.71417
141	271	6.64138
141	277	8.2893
141	284	6.71725
141	286	6.77522
141	297	7.42771
141	298	7.10582
141	299	7.69284
142	32	0.000439263
142	44	6.59002
142	82	3.40595
142	110	6.3765
142	136	1.10261
142	159	5.33511
142	199	6.01585
142	200	8.53855
142	208	5.71835
142	219	4.35154
142	235	6.35238
142	237	8.21514
142	253	8.08071
142	260	5.73221
142	285	9.71942
142	286	8.92752
143	7	0.825413
143	11	0.242181
143	47	2.4336
143	79	3.55542
143	90	4.24818
143	171	4.06726
143	205	2.11247
143	264	5.96858
143	274	8.42617
143	278	7.4853
143	279	10.36
143	285	6.95011
143	291	7.36021
143	293	7.90885
143	294	7.1273
143	300	8.24134
144	1	1.48521
144	24	2.11671
144	109	1.64221
144	185	10.3168
144	202	3.8697
144	203	5.13261
144	207	3.99146
144	212	5.93872
144	230	9.12681
144	262	5.55119
144	265	6.67693
144	272	6.81498
144	279	7.36919
144	280	7.0879
144	289	8.05367
144	290	7.78276
145	46	4.74038
145	57	5.47457
145	107	0.607533
145	133	8.65453
145	134	4.58346
145	150	5.26012
145	172	7.62429
145	233	5.83877
145	240	7.20977
145	242	6.04365
145	244	4.83249
145	248	7.11838
145	260	5.64277
145	274	5.79936
145	286	8.83808
145	294	9.5958
146	9	2.55513
146	16	4.8251
146	19	4.26044
146	33	0.406165
146	50	1.83157
146	63	5.04975
146	114	4.98175
146	148	6.34499
146	154	1.07769
146	160	6.34557
146	206	5.51237
146	229	5.751
146	237	3.70208
146	284	9.27127
146	289	9.49388
146	299	10.0445
147	56	4.52748
147	127	5.66751
147	135	5.72425
147	136	5.57562
147	141	3.90329
147	179	5.63475
147	196	7.51555
147	215	4.64137
147	232	6.43249
147	235	6.03956
147	252	8.7468
147	277	7.11413
147	278	7.65379
147	282	8.22848
147	295	8.86333
147	300	8.45793
148	63	3.38878
148	91	7.84193
148	104	4.1376
148	116	8.49045
148	141	4.67828
148	146	8.09059
148	160	4.6846
148	167	5.22069
148	177	6.69829
148	182	3.48923
148	189	4.85601
148	218	4.70594
148	231	6.15385
148	238	6.06594
148	255	7.71451
148	269	8.32188
149	24	3.07106
149	31	5.08947
149	35	9.02051
149	39	2.61345
149	77	7.4532
149	100	7.87899
149	150	2.84849
149	168	5.22309
149	174	3.22596
149	192	10.1309
149	199	4.59877
149	201	2.15038
149	268	7.86317
149	272	6.87376
149	290	8.80942
149	296	9.89956
150	46	3.88643
150	57	4.62061
150	120	12.3908
150	133	7.80058
150	139	4.49776
150	145	6.09503
150	172	6.77033
150	192	0.874397
150	195	4.94148
150	246	5.17446
150	249	5.94267
150	252	3.73359
150	256	7.87339
150	264	8.57841
150	286	9.12927
150	293	8.6461
151	29	2.3599
151	217	3.89386
151	232	5.41488
151	237	4.15422
151	239	6.44628
151	248	5.14846
151	249	6.64843
151	266	8.17223
151	267	5.29785
151	273	6.22245
151	282	9.44882
151	284	6.84483
151	286	6.90279
151	297	7.55529
151	298	7.2334
151	299	7.82041
152	38	2.40879
152	53	5.82427
152	120	0.00358149
152	129	5.12332
152	163	4.87607
152	173	4.13063
152	182	4.57669
152	247	5.7233
152	256	6.05787
152	257	5.20023
152	275	7.40605
152	281	7.31293
152	282	7.47352
152	283	7.48244
152	287	7.96463
152	299	11.1387
153	75	0.936536
153	132	6.40815
153	133	1.74774
153	144	7.2723
153	181	6.57189
153	219	6.59155
153	235	4.80306
153	255	5.67539
153	266	9.50474
153	276	6.59976
153	277	6.8479
153	285	6.68111
153	292	7.99802
153	294	6.8583
153	296	6.8039
153	300	7.97235
154	66	6.19196
154	126	5.90401
154	129	6.88018
154	147	1.12036
154	186	4.14435
154	197	6.53957
154	201	6.58739
154	204	6.9887
154	221	4.02204
154	263	6.59268
154	270	6.7869
154	278	6.93481
154	280	7.78325
154	281	7.60117
154	294	8.65343
154	300	7.73895
155	8	1.2727
155	37	0.98209
155	79	3.35832
155	98	1.80964
155	156	3.295
155	161	2.95976
155	182	5.36734
155	194	4.08841
155	226	3.94157
155	257	5.44887
155	272	9.53855
155	281	7.56158
155	282	7.72217
155	283	7.73109
155	287	8.21328
155	288	11.2591
156	58	5.11303
156	59	5.83675
156	82	4.34965
156	89	6.83699
156	143	6.00677
156	151	3.43737
156	178	0.868069
156	216	5.18684
156	249	7.0927
156	259	7.6293
156	261	7.60571
156	266	8.0403
156	280	7.87084
156	286	7.98331
156	295	8.23195
156	298	9.41096
157	74	1.05679
157	80	1.6864
157	81	1.96376
157	187	6.74564
157	237	4.52914
157	242	6.16417
157	253	4.42138
157	274	7.17123
157	278	7.75583
157	282	9.82373
157	285	7.22064
157	291	7.63074
157	293	8.17938
157	294	7.39783
157	296	7.34343
157	298	11.6376
158	72	1.09038
158	74	1.88516
158	111	3.0011
158	165	4.36949
158	206	6.07292
158	217	6.68224
158	223	6.71328
158	224	3.32969
158	232	5.52329
158	234	5.98914
158	253	5.24975
158	264	7.06748
158	278	8.5842
158	280	9.83097
158	288	8.43816
158	294	8.2262
159	1	3.82787
159	82	3.04334
159	125	4.28156
159	142	5.20879
159	161	8.16629
159	179	4.21442
159	198	5.616
159	208	5.82332
159	211	5.35704
159	222	6.20562
159	228	8.9166
159	237	8.32011
159	261	8.1873
159	267	8.86367
159	283	7.92383
159	285	9.35681
160	12	1.20743
160	13	1.94596
160	30	7.27545
160	62	13.7642
160	91	7.84912
160	114	3.32797
160	146	8.09778
160	156	1.63069
160	158	5.29103
160	167	5.22788
160	170	4.69584
160	177	6.70548
160	194	8.30439
160	203	4.52344
160	215	5.63015
160	287	9.48025
161	32	2.47297
161	66	0.577304
161	98	1.04229
161	100	2.58598
161	151	7.79861
161	155	3.35003
161	213	4.11822
161	247	5.2046
161	257	4.68153
161	270	5.75523
161	275	6.88735
161	281	6.79423
161	282	6.95482
161	283	6.96374
161	287	7.44593
161	292	12.6814
162	24	1.97442
162	37	9.48062
162	73	3.75383
162	83	4.09173
162	104	3.97921
162	105	2.89426
162	107	4.22099
162	156	6.14545
162	176	6.4303
162	191	3.75783
162	211	4.25892
162	249	6.75984
162	256	8.81447
162	260	7.64675
162	266	7.70744
162	272	8.34113
163	5	5.32544
163	6	3.47908
163	69	4.59506
163	91	0.295189
163	217	5.91004
163	220	5.11252
163	224	7.1155
163	236	4.89213
163	239	5.78249
163	244	7.07955
163	254	8.29353
163	255	7.49608
163	268	8.43142
163	274	8.2049
163	288	9.16255
163	292	9.50805
164	10	3.41278
164	31	1.43124
164	50	5.27877
164	61	11.5335
164	127	5.72209
164	172	0.959926
164	178	7.0931
164	202	6.29076
164	203	5.75678
164	235	6.09414
164	272	6.94004
164	281	8.37473
164	282	8.28306
164	286	8.66927
164	287	8.54605
164	297	8.90129
165	51	2.78476
165	87	3.03373
165	92	4.54826
165	104	6.33615
165	115	3.19696
165	128	1.53587
165	137	1.3087
165	183	6.58338
165	211	5.7768
165	216	6.00573
165	230	4.87481
165	276	7.20373
165	285	7.28507
165	291	7.69517
165	292	8.60198
165	294	7.46226
166	49	5.66215
166	96	2.23512
166	124	1.44751
166	138	1.62283
166	169	6.44123
166	207	3.92052
166	240	5.37801
166	254	7.43738
166	263	6.08281
166	265	6.60599
166	268	5.96918
166	270	9.35129
166	279	7.29825
166	289	7.98273
166	290	7.71182
166	291	10.7591
167	29	0.627912
167	62	13.7239
167	63	3.35566
167	91	7.80881
167	116	8.45733
167	146	8.05747
167	155	5.86904
167	191	1.79052
167	245	6.94019
167	246	4.14823
167	274	5.06433
167	280	7.99058
167	291	8.40206
167	297	8.33507
167	298	9.5307
167	299	8.76462
168	31	4.75713
168	34	19.0272
168	69	1.22195
168	95	2.70118
168	100	7.54665
168	101	3.03561
168	163	3.19624
168	166	5.38149
168	192	9.79858
168	196	1.82349
168	256	7.54142
168	259	5.40636
168	263	7.49426
168	279	7.69239
168	282	8.41109
168	284	8.68568
169	36	0.0071735
169	46	0.98908
169	83	3.11615
169	86	4.09584
169	113	3.73696
169	136	2.2086
169	176	2.73891
169	186	5.43058
169	206	6.50946
169	233	6.94046
169	239	6.76808
169	244	6.02792
169	246	7.83618
169	250	7.3694
169	267	10.3323
169	276	8.40853
170	4	1.83988
170	12	5.53573
170	15	1.28309
170	17	2.25697
170	19	4.51578
170	71	4.67197
170	107	1.40768
170	129	6.93402
170	189	5.10456
170	201	6.64123
170	204	7.04255
170	205	10.8315
170	236	5.35911
170	237	3.95742
170	261	9.26063
170	275	7.91247
171	3	4.14446
171	39	1.68912
171	40	4.67521
171	110	0.946806
171	142	2.14882
171	153	6.02298
171	165	7.16705
171	187	4.95175
171	191	6.48643
171	212	4.14213
171	223	6.2075
171	236	8.39651
171	267	8.71482
171	275	6.69029
171	283	7.77498
171	300	8.25929
172	30	5.94911
172	46	4.75222
172	80	5.57617
172	119	1.01106
172	133	8.66637
172	134	4.5953
172	139	5.36355
172	150	5.27196
172	152	4.89933
172	194	6.97804
172	213	5.09772
172	226	8.73814
172	247	6.188
172	260	5.08181
172	275	6.55136
172	289	8.38812
173	3	3.3746
173	33	6.36024
173	55	5.2397
173	106	4.3854
173	171	6.47911
173	191	5.71656
173	206	4.91433
173	207	6.09463
173	218	6.36371
173	224	2.1711
173	236	7.62664
173	269	7.71706
173	270	7.67604
173	282	8.39864
173	286	8.78485
173	298	10.2125
174	42	6.59673
174	94	4.21278
174	115	4.43453
174	149	2.57001
174	161	8.88964
174	162	5.04204
174	176	6.08961
174	199	5.28402
174	231	5.88888
174	238	6.03714
174	245	8.12539
174	257	10.1172
174	259	6.95575
174	260	7.30606
174	282	8.90203
174	292	9.62506
175	71	4.08283
175	98	1.36343
175	131	2.51112
175	152	3.08083
175	213	4.43935
175	238	7.58591
175	241	10.4399
175	256	5.86031
175	257	5.00267
175	270	6.07637
175	271	9.64838
175	275	7.20849
175	281	7.11537
175	282	7.27596
175	283	7.28488
175	287	7.76707
176	104	4.31935
176	115	5.11536
176	121	1.34571
176	206	4.46745
176	214	9.64173
176	216	5.5415
176	238	6.71797
176	249	7.09998
176	259	7.63658
176	265	6.71507
176	266	8.04758
176	273	8.72256
176	276	6.71299
176	290	8.5444
176	291	8.63698
176	299	8.99954
177	26	4.57541
177	62	14.3109
177	116	9.04435
177	148	5.23793
177	167	5.77459
177	170	3.8422
177	183	3.74497
177	192	0.494955
177	194	7.45075
177	218	4.06609
177	242	5.9554
177	243	4.52255
177	258	8.1049
177	263	7.44679
177	269	7.68203
177	292	9.08664
178	61	12.1969
178	119	5.96777
178	153	6.20491
178	161	8.19938
178	162	4.6363
178	164	5.66182
178	173	2.25148
178	191	2.28546
178	202	6.95419
178	207	5.90777
178	230	7.51215
178	236	4.31887
178	239	5.20924
178	269	7.53019
178	287	8.47477
178	293	8.11482
179	16	3.74552
179	35	10.205
179	51	6.02329
179	64	3.87335
179	92	5.32124
179	109	1.21706
179	121	2.79523
179	134	3.19178
179	136	5.49757
179	194	8.48841
179	196	7.43749
179	208	3.77173
179	232	6.35443
179	246	5.83268
179	252	8.66874
179	276	8.16251
180	3	1.33391
180	63	1.96706
180	126	5.98299
180	170	7.14288
180	174	2.63077
180	204	7.06769
180	207	5.31758
180	211	2.19636
180	225	4.50263
180	240	6.37949
180	250	5.11106
180	278	7.04689
180	282	7.62158
180	284	7.89617
180	298	9.43544
180	299	8.66936
181	2	4.20878
181	15	8.13377
181	60	6.25093
181	94	1.73331
181	112	6.41938
181	130	0.538962
181	143	7.67801
181	184	5.66118
181	195	5.76174
181	198	4.41559
181	209	5.41357
181	220	5.37731
181	232	5.2344
181	252	4.25887
181	279	8.54964
181	300	9.49778
182	20	7.00574
182	26	4.90048
182	36	9.06681
182	44	0.00286953
182	88	7.13316
182	90	4.4605
182	130	0.00113919
182	131	6.53436
182	135	1.92264
182	190	3.07253
182	231	5.83907
182	243	4.84762
182	249	5.8883
182	280	8.96244
182	292	9.41172
182	295	9.32354
183	108	1.04257
183	135	2.2972
183	161	9.05086
183	188	5.34085
183	198	4.21051
183	202	3.10653
183	210	5.68385
183	221	5.97938
183	225	6.27228
183	227	6.27404
183	230	8.36363
183	234	7.02497
183	241	8.97972
183	251	7.01002
183	262	9.27387
183	274	6.41075
184	15	8.44285
184	21	2.80792
184	27	7.14121
184	30	6.92261
184	47	3.94024
184	83	2.33327
184	109	5.6534
184	138	7.45247
184	181	5.27593
184	198	4.01167
184	209	5.72264
184	220	5.68639
184	234	5.29633
184	262	9.07503
184	294	10.0083
184	300	9.09386
185	42	1.35754
185	76	4.71398
185	77	4.8282
185	90	5.32641
185	99	7.68215
185	143	2.62558
185	205	1.95886
185	235	4.91845
185	245	5.05524
185	255	5.79078
185	276	6.71515
185	278	7.33169
185	291	7.2066
185	294	6.97369
185	296	6.91929
185	300	8.08773
186	42	7.41427
186	70	3.77437
186	86	3.83883
186	90	2.88908
186	94	2.18455
186	117	5.13856
186	124	9.63335
186	169	5.52492
186	208	4.09002
186	233	6.68345
186	239	6.51107
186	246	7.57916
186	250	7.11238
186	260	6.91048
186	274	7.06707
186	276	8.48081
187	23	3.71304
187	38	2.19055
187	71	3.43206
187	85	4.01678
187	146	4.63512
187	166	6.84307
187	171	2.86125
187	183	5.5596
187	195	6.07109
187	210	5.62116
187	221	5.91669
187	227	6.21135
187	234	6.96228
187	251	6.94732
187	258	9.61395
187	293	9.77572
188	64	3.25526
188	85	3.94333
188	118	4.93157
188	155	6.92219
188	183	5.48615
188	210	5.5477
188	215	5.18288
188	220	5.09748
188	225	6.13613
188	227	6.13789
188	234	6.88882
188	251	6.87387
188	264	8.60534
188	279	8.05129
188	283	8.51513
188	293	8.67303
189	10	2.42288
189	52	7.60875
189	127	1.53898
189	165	8.45581
189	176	2.41022
189	193	10.7378
189	248	5.42696
189	263	8.40177
189	267	5.57636
189	271	7.04746
189	272	7.97558
189	284	7.12333
189	286	7.18129
189	297	7.83379
189	298	7.5119
189	299	8.09892
190	93	4.19274
190	117	4.98524
190	151	4.3593
190	158	4.59281
190	186	5.02025
190	206	6.09914
190	214	10.209
190	233	6.53013
190	234	4.95094
190	239	6.35776
190	246	7.42585
190	250	6.95907
190	256	7.64937
190	279	7.80034
190	287	8.78203
190	296	10.2018
191	33	6.87782
191	40	4.42292
191	88	1.44523
191	115	0.427909
191	152	5.44139
191	173	5.03748
191	182	2.91873
191	210	6.08715
191	218	6.88129
191	223	5.95521
191	236	8.14422
191	240	7.19087
191	241	8.34943
191	273	9.20377
191	287	8.69596
191	292	9.15599
192	110	1.03383
192	111	5.33425
192	118	2.32372
192	122	0.235582
192	149	5.95392
192	164	1.86092
192	168	5.80564
192	177	1.76057
192	248	6.78338
192	255	6.82791
192	265	6.88018
192	271	7.24181
192	275	6.77732
192	284	8.39146
192	285	9.29498
192	300	8.34631
193	49	1.95802
193	137	0.297455
193	169	9.03716
193	172	5.34669
193	209	8.02494
193	216	4.99448
193	242	5.21736
193	245	4.53257
193	253	3.47457
193	277	6.44061
193	278	6.80902
193	288	6.66298
193	291	6.68393
193	292	7.59074
193	296	6.39662
193	300	7.56506
194	37	0.73134
194	58	3.33216
194	66	1.0939
194	161	2.70901
194	224	4.96585
194	226	3.69082
194	235	9.00447
194	247	5.7212
194	251	8.62771
194	256	6.05577
194	257	5.19812
194	275	7.40395
194	281	7.31083
194	282	7.47142
194	283	7.48034
194	287	7.96253
195	27	7.18271
195	61	0.0062108
195	81	1.56542
195	102	0.00347969
195	109	5.6949
195	112	6.76995
195	172	2.10226
195	181	5.31743
195	184	6.01176
195	209	5.76414
195	220	5.72789
195	252	4.41592
195	268	9.07178
195	277	8.31105
195	285	10.6035
195	296	11.1082
196	13	0.888878
196	19	3.42394
196	52	6.45033
196	66	6.84264
196	81	6.39612
196	95	5.57105
196	101	5.35559
196	204	3.47332
196	232	6.9834
196	250	5.64965
196	252	9.29771
196	256	7.29051
196	264	7.99552
196	278	7.58548
196	281	8.25185
196	291	8.8454
197	12	5.21403
197	71	4.35027
197	111	5.82331
197	129	6.61232
197	154	6.97312
197	164	2.34999
197	170	6.79604
197	182	3.0917
197	201	6.31953
197	204	6.72085
197	212	4.71822
197	223	5.76198
197	226	9.45316
197	261	8.61454
197	282	8.60593
197	295	9.24078
198	21	5.581
198	113	4.94271
198	125	4.16239
198	159	5.3209
198	186	5.47249
198	208	5.70415
198	211	5.23787
198	222	6.08645
198	223	5.99369
198	237	8.20094
198	242	6.42942
198	252	3.82816
198	268	8.48403
198	292	9.56066
198	293	8.74068
198	297	9.45587
199	7	1.4049
199	110	6.60978
199	112	3.77866
199	113	5.19019
199	119	2.5795
199	125	4.40988
199	159	5.56839
199	167	1.97156
199	179	5.49507
199	198	5.74432
199	211	5.48536
199	225	6.34039
199	237	8.44842
199	275	8.1198
199	286	9.84556
199	295	10.0942
200	54	0.587009
200	118	5.91411
200	127	0.992159
200	131	3.69494
200	228	2.67829
200	229	4.5485
200	261	5.29732
200	267	5.02954
200	271	6.50064
200	273	5.95414
200	284	6.57651
200	286	6.63447
200	293	11.6103
200	297	7.28697
200	298	6.96508
200	299	7.5521
201	79	4.86138
201	126	5.50067
201	129	6.47684
201	154	6.83764
201	162	4.74139
201	170	6.66056
201	173	2.35657
201	180	8.9337
201	229	5.07118
201	249	5.51646
201	254	5.68035
201	268	7.96325
201	273	9.08766
201	290	8.90949
201	291	9.00208
201	294	9.46079
202	28	2.58645
202	38	0.745371
202	50	5.6488
202	53	4.16085
202	61	11.9035
202	84	3.71291
202	106	4.41426
202	130	6.86451
202	178	7.46313
202	203	6.12681
202	261	8.43611
202	263	7.51067
202	265	7.1908
202	275	7.08794
202	286	8.81371
202	297	9.04573
203	17	4.31635
203	73	5.07843
203	77	1.6076
203	103	7.82499
203	114	1.0824
203	119	5.59294
203	164	5.28699
203	178	7.38169
203	181	4.72688
203	202	6.57936
203	208	3.30675
203	253	8.47571
203	259	5.93157
203	271	8.06125
203	285	10.1144
203	292	9.65933
204	12	5.31851
204	13	4.85539
204	68	5.88207
204	79	5.10134
204	131	0.963746
204	176	2.06768
204	180	9.17366
204	181	4.76663
204	197	6.3762
204	201	6.42401
204	239	5.97352
204	242	6.56785
204	261	8.98467
204	279	8.25736
204	289	9.47326
204	298	10.7899
205	68	2.161
205	111	1.2195
205	157	2.42949
205	193	1.25893
205	230	3.85715
205	235	4.38936
205	241	3.66377
205	243	9.07784
205	255	5.26169
205	258	4.68194
205	277	6.4342
205	288	6.65656
205	293	7.22615
205	295	8.10686
205	296	6.3902
205	300	7.55865
206	39	3.1945
206	43	4.76985
206	50	2.37012
206	58	1.674
206	82	4.39987
206	111	6.75261
206	167	2.04744
206	170	5.01381
206	190	5.29588
206	233	7.09323
206	236	5.64232
206	239	6.92085
206	246	7.98894
206	250	7.52216
206	255	8.24627
206	298	11.3491
207	18	1.65665
207	25	6.65323
207	48	1.46699
207	60	3.49767
207	166	3.33219
207	195	6.41861
207	214	3.22514
207	240	5.72943
207	265	6.9574
207	268	6.32059
207	270	9.49759
207	279	7.64967
207	280	7.36838
207	289	8.33414
207	290	8.06324
207	291	10.9054
208	5	2.74435
208	21	5.64939
208	106	4.46712
208	110	6.43068
208	198	5.56521
208	199	6.07003
208	211	5.30625
208	222	6.15483
208	237	8.26932
208	245	7.70371
208	248	7.14688
208	255	7.1914
208	263	7.56354
208	283	8.2255
208	290	9.07299
208	294	9.62429
209	8	5.5422
209	20	0.00358316
209	27	6.93191
209	60	6.35071
209	65	4.08175
209	88	1.96666
209	112	6.51915
209	181	5.06664
209	184	5.76096
209	195	5.86152
209	220	5.47709
209	269	8.27281
209	286	9.3406
209	296	10.6372
209	297	9.57263
209	299	10.0022
210	39	3.75037
210	78	3.76789
210	79	2.56785
210	97	4.29369
210	118	4.98993
210	134	3.8816
210	148	5.18629
210	183	5.5445
210	187	5.40078
210	196	3.50351
210	221	5.90159
210	225	6.19448
210	234	6.94718
210	242	7.68289
210	251	6.93222
210	297	10.7093
211	110	6.23282
211	130	0.000895293
211	142	4.96014
211	159	5.19142
211	198	5.36735
211	199	5.87217
211	208	5.57467
211	222	5.95697
211	226	9.39863
211	228	9.28931
211	237	8.07146
211	259	5.54667
211	261	8.56001
211	284	8.82599
211	288	8.92892
211	290	9.14403
212	21	3.20734
212	34	2.37052e-05
212	69	4.2874
212	108	4.42901
212	140	5.36793
212	222	6.27678
212	224	6.80785
212	234	5.69575
212	243	6.77832
212	244	6.77189
212	246	5.69524
212	254	7.98588
212	258	9.00512
212	263	8.34702
212	274	7.89725
212	298	11.0777
213	8	1.49335
213	97	4.89746
213	155	4.33802
213	191	3.88015
213	203	5.11264
213	207	7.50246
213	247	6.1926
213	270	6.74322
213	275	7.87534
213	278	9.23177
213	281	7.78222
213	282	7.94282
213	283	7.95173
213	285	10.9846
213	287	8.43393
213	293	9.70951
214	19	0.574575
214	63	6.94942
214	96	1.83332
214	138	1.22103
214	188	7.45832
214	207	3.51873
214	240	4.97622
214	262	5.07845
214	263	5.68102
214	265	6.20419
214	268	5.56738
214	272	6.34224
214	279	6.89645
214	280	6.61517
214	289	7.58093
214	290	7.31002
215	35	1.47106
215	47	4.07824
215	74	2.4309
215	93	3.16257
215	117	3.13917
215	193	3.58626
215	207	7.07636
215	230	6.18449
215	232	5.34643
215	242	7.53828
215	247	7.67745
215	276	8.5134
215	278	9.12994
215	280	9.65411
215	294	8.77194
215	297	9.9986
216	7	2.1858
216	84	5.26969
216	92	3.33051
216	108	1.96359
216	137	2.33412
216	146	4.74673
216	153	3.62465
216	155	8.13648
216	168	3.86268
216	231	7.13466
216	242	7.25402
216	262	10.1949
216	292	9.62741
216	294	8.48769
216	296	8.43329
216	300	9.60173
217	85	5.24971
217	189	3.68063
217	200	3.17882
217	207	7.54351
217	228	3.36697
217	229	5.23719
217	248	5.56883
217	261	5.986
217	262	10.0581
217	281	9.93918
217	284	7.26519
217	286	7.32316
217	289	10.3447
217	297	7.97565
217	298	7.65376
217	299	8.24078
218	3	4.09373
218	40	4.62448
218	55	5.95883
218	115	1.07449
218	143	7.48922
218	155	7.23175
218	162	5.50408
218	168	2.95795
218	171	7.19825
218	173	5.23905
218	189	4.93209
218	222	6.09249
218	223	6.15677
218	236	8.34578
218	247	7.37663
218	286	9.46576
219	45	4.35225
219	99	4.681
219	108	4.73987
219	132	4.48064
219	190	3.53028
219	192	1.27778
219	212	5.98094
219	227	6.00023
219	232	5.11251
219	243	7.08918
219	260	6.33734
219	263	8.22962
219	264	8.98179
219	272	7.80342
219	274	8.2081
219	285	10.3246
220	29	2.27638
220	60	6.29641
220	75	7.08488
220	109	5.38981
220	112	6.46486
220	165	8.50252
220	181	5.01234
220	184	5.70666
220	195	5.80722
220	196	2.77771
220	201	3.29891
220	209	5.45905
220	221	5.87785
220	269	8.68373
220	272	8.02229
220	275	8.02576
221	21	3.34549
221	85	4.03084
221	118	5.01908
221	132	5.02881
221	135	2.63593
221	175	7.03956
221	187	5.42994
221	210	5.63521
221	225	6.22364
221	227	6.2254
221	234	6.97633
221	248	8.0685
221	251	6.96138
221	271	8.52694
221	272	8.05897
221	281	9.49366
222	20	0.550839
222	44	6.68645
222	54	7.11065
222	113	5.05334
222	125	4.27303
222	142	5.20026
222	180	1.15625
222	195	5.77684
222	197	4.16475
222	198	5.60747
222	199	6.11228
222	208	5.81478
222	230	8.87879
222	237	8.31157
222	272	8.2354
222	299	10.6262
223	3	3.54789
223	4	5.19019
223	32	7.97074
223	34	0.0983975
223	110	2.56435
223	171	6.6524
223	173	4.6932
223	191	5.88985
223	201	3.58099
223	218	6.537
223	234	6.07929
223	236	7.79993
223	238	6.70985
223	239	6.64485
223	248	8.3139
223	258	9.38866
224	69	4.53641
224	75	5.95282
224	132	4.4188
224	163	6.03854
224	203	3.53943
224	212	5.9191
224	226	9.08048
224	244	7.0209
224	247	6.53034
224	249	5.43286
224	263	7.31643
224	265	6.99656
224	269	7.55167
224	274	8.14625
224	279	7.51456
224	296	9.91603
225	26	5.72674
225	27	0.00434705
225	97	4.40402
225	116	0.780779
225	126	2.93609
225	183	5.65483
225	187	5.51111
225	221	6.01192
225	227	6.30657
225	234	7.05751
225	235	7.32603
225	251	7.04255
225	257	10.7301
225	266	8.23836
225	283	9.26009
225	297	10.1332
226	66	0.736986
226	152	2.91937
226	155	3.50971
226	161	2.3521
226	194	3.48075
226	213	4.2779
226	247	5.36428
226	256	5.69886
226	257	4.84121
226	270	5.91491
226	275	7.04703
226	281	6.95391
226	282	7.11451
226	283	7.12342
226	284	12.1305
226	287	7.60561
227	51	1.03125
227	97	4.34837
227	108	1.42782
227	143	7.85817
227	175	7.08608
227	187	5.45546
227	188	5.31773
227	210	5.66073
227	221	5.95626
227	225	6.24916
227	234	7.00185
227	245	8.67186
227	251	6.9869
227	266	8.17192
227	276	8.20974
227	294	10.5924
228	127	0.918765
228	151	2.29036
228	180	3.33074
228	217	3.55215
228	248	4.80675
228	261	5.22392
228	267	4.95614
228	269	6.50003
228	271	6.42725
228	273	5.88074
228	284	6.50311
228	286	6.56108
228	295	12.3878
228	297	7.21358
228	298	6.89169
228	299	7.4787
229	141	3.05816
229	151	3.36095
229	188	4.21116
229	207	7.05278
229	227	6.21057
229	244	5.73741
229	260	6.54769
229	261	6.29451
229	271	7.49784
229	279	8.63809
229	284	7.5737
229	286	7.63167
229	293	9.25983
229	297	8.28416
229	298	7.96228
229	299	8.54929
230	38	2.80238
230	58	2.62328
230	122	2.60322
230	143	3.3792
230	158	5.09107
230	203	5.79068
230	223	7.64055
230	244	6.86512
230	247	8.78159
230	258	5.96464
230	277	7.7169
230	285	7.55011
230	288	7.93926
230	295	9.38957
230	296	7.67291
230	300	8.84135
231	24	1.81264
231	28	5.09262
231	82	3.97542
231	83	4.05036
231	105	2.73248
231	162	5.34136
231	171	2.51094
231	176	6.38892
231	192	1.6537
231	238	6.33646
231	259	7.25507
231	266	7.66607
231	268	9.16875
231	273	10.2932
231	284	9.79695
231	296	11.2051
232	64	3.8328
232	101	4.68609
232	135	5.60566
232	147	5.593
232	158	5.10606
232	179	5.51615
232	196	7.39695
232	197	3.61861
232	201	2.96588
232	221	5.54482
232	242	6.62407
232	252	8.6282
232	263	8.11546
232	266	7.7557
232	283	8.77742
232	298	10.8461
233	100	0.254156
233	117	5.45117
233	131	1.6142
233	150	4.25823
233	169	5.83754
233	186	5.48618
233	206	6.56506
233	239	6.82369
233	246	7.89178
233	250	7.425
233	252	4.61705
233	253	9.16593
233	259	6.62179
233	265	8.38983
233	269	8.94494
233	286	10.0127
234	85	4.25206
234	94	1.65111
234	101	3.81066
234	183	5.79488
234	188	5.51343
234	199	5.56813
234	210	5.85643
234	215	5.59903
234	225	6.44486
234	227	6.44662
234	235	6.99722
234	243	5.34507
234	251	7.1826
234	270	8.46354
234	277	8.07179
234	291	9.87136
235	35	0.606179
235	45	4.63994
235	112	4.10484
235	157	3.89195
235	193	2.72139
235	200	9.78277
235	241	5.12623
235	245	5.98861
235	257	11.0007
235	279	9.06683
235	286	10.1717
235	288	8.11902
235	293	8.68861
235	294	7.90706
235	295	9.56932
235	300	9.0211
236	10	2.28424
236	12	1.17013
236	29	2.09103
236	45	4.03436
236	55	5.97438
236	95	3.47005
236	97	4.27096
236	171	7.21379
236	191	6.45124
236	204	4.4931
236	218	7.09839
236	230	8.48033
236	253	8.71937
236	262	9.39057
236	287	9.44295
236	289	9.67716
237	80	6.2698
237	104	3.71868
237	110	6.90333
237	142	5.63065
237	159	5.86193
237	164	2.3286
237	198	6.03786
237	205	10.164
237	211	5.7789
237	221	5.09708
237	233	5.97145
237	250	6.07402
237	273	9.35534
237	278	8.00985
237	288	8.96206
237	296	10.2673
238	46	0.726187
238	94	4.47579
238	115	4.69754
238	156	6.06776
238	160	4.86411
238	174	4.68436
238	175	7.02197
238	196	2.79681
238	200	9.38165
238	231	6.15188
238	249	6.68216
238	260	7.56907
238	263	8.46758
238	266	7.62976
238	299	10.4322
238	300	9.61385
239	43	4.49249
239	86	3.97126
239	93	4.47848
239	135	2.59331
239	169	5.65735
239	186	5.30599
239	190	5.01853
239	206	6.38488
239	207	7.05536
239	213	6.56617
239	246	7.71159
239	270	8.63676
239	276	8.12059
239	294	10.5033
239	295	9.99421
239	297	9.9776
240	14	2.49053
240	124	2.17396
240	144	3.71175
240	214	3.60017
240	217	7.25331
240	220	6.45578
240	223	7.28435
240	249	7.3279
240	258	9.86958
240	262	6.2067
240	263	6.80926
240	276	8.88953
240	279	8.0247
240	280	7.74341
240	289	8.70918
240	290	8.43827
241	32	1.39496
241	80	1.6796
241	128	1.46463
241	143	3.04292
241	165	3.53433
241	191	4.95403
241	242	6.15737
241	253	4.41458
241	276	7.1325
241	278	7.74903
241	288	7.60299
241	289	11.3775
241	291	7.62394
241	292	8.53075
241	294	7.39103
241	300	8.50508
242	42	2.55966
242	50	2.3868
242	72	1.03999
242	183	4.93326
242	200	9.54915
242	205	3.16097
242	254	6.9154
242	255	6.9929
242	258	6.41314
242	274	6.8994
242	282	9.55191
242	283	9.29704
242	285	7.99861
242	288	8.38776
242	292	9.31553
242	293	8.95736
243	5	5.04941
243	45	4.07302
243	67	4.77171
243	123	4.54981
243	137	7.12646
243	159	2.52838
243	186	5.56498
243	190	3.31397
243	193	10.3493
243	224	6.83947
243	244	6.80351
243	254	8.0175
243	261	8.93875
243	265	7.69344
243	273	9.70093
244	99	4.40119
244	123	4.54924
244	126	2.43474
244	132	4.20083
244	163	5.82058
244	213	6.22041
244	242	6.60539
244	243	6.80937
244	254	8.01692
244	259	6.00887
244	262	9.22421
244	270	8.291
244	274	7.92829
244	278	8.43891
244	283	8.75874
245	3	3.79251
245	95	4.37027
245	140	4.58023
245	205	2.74439
245	208	4.45062
245	215	6.8236
245	222	7.09312
245	253	4.78277
245	255	6.57632
245	264	6.6005
245	285	7.58203
245	290	10.6728
245	293	8.54077
245	296	7.70482
245	300	8.87327
246	33	0.505788
246	83	2.56515
246	123	4.40851
246	151	4.93657
246	180	0.674135
246	206	6.4726
246	231	6.24668
246	233	6.9036
246	239	6.73122
246	250	7.33253
246	263	8.17948
246	282	9.0963
246	288	9.47382
246	290	9.68894
246	292	9.81933
247	58	1.82951
247	128	6.85926
247	194	4.3432
247	237	4.39614
247	245	8.91409
247	249	6.89034
247	256	6.56131
247	257	5.70366
247	260	6.88164
247	275	7.90949
247	281	7.81637
247	282	7.97696
247	283	7.98587
247	284	9.96532
247	287	8.46807
248	65	1.60142
248	84	3.59876
248	189	3.79565
248	200	3.29385
248	228	3.482
248	241	9.88953
248	253	9.51248
248	261	6.10102
248	269	7.37713
248	271	7.30435
248	273	6.75784
248	280	10.2468
248	284	7.38022
248	297	8.09068
248	298	7.76879
249	59	5.4097
249	82	3.9226
249	107	4.12679
249	175	6.91452
249	176	6.3361
249	182	3.76271
249	188	4.13132
249	228	10.0149
249	231	6.13537
249	239	6.27441
249	251	6.71127
249	253	8.81635
249	259	7.20225
249	260	7.55255
249	277	8.1626
250	43	4.55181
250	63	3.73036
250	76	1.94195
250	86	4.03057
250	162	5.80941
250	169	5.71667
250	190	5.07785
250	222	6.39782
250	233	6.87519
250	237	4.09028
250	238	6.44735
250	239	6.70282
250	246	7.77091
250	247	7.68196
250	280	9.65862
251	11	8.84564
251	23	3.72958
251	107	1.51738
251	118	5.02157
251	183	5.57614
251	187	5.43242
251	188	5.2947
251	212	5.474
251	221	5.93323
251	225	6.22612
251	234	6.97882
251	248	8.02823
251	250	6.85119
251	254	6.7252
251	286	9.74793
252	37	8.5153
252	61	4.77885e-05
252	81	5.83925
252	98	5.44908
252	134	2.50933
252	135	5.7183
252	136	5.56967
252	186	5.35368
252	248	7.38535
252	260	5.90973
252	274	6.06633
252	276	7.48006
252	286	9.10504
252	293	8.62187
252	297	9.33706
253	11	0.297587
253	74	0.841668
253	230	4.59525
253	235	5.12747
253	255	5.9998
253	258	5.42004
253	273	11.1849
253	277	7.1723
253	278	7.54071
253	285	7.00551
253	292	8.32243
253	293	7.96426
253	296	7.12831
253	297	11.0323
253	300	8.29675
254	6	3.48089
254	15	1.30428
254	78	3.619
254	87	7.40416
254	91	0.783376
254	114	1.41931
254	140	5.6774
254	156	1.68665
254	166	6.24362
254	178	2.54419
254	205	10.8527
254	219	6.68435
254	271	8.39816
254	274	8.20671
254	294	10.4172
255	20	0.754754
255	25	6.21537
255	111	2.71569
255	128	2.01439
255	165	4.08408
255	185	3.62318
255	225	6.66338
255	235	5.88555
255	240	8.54024
255	241	5.15996
255	258	6.17813
255	269	9.10075
255	277	7.93038
255	291	8.1737
255	300	9.05483
256	37	1.25165
256	40	2.05672
256	73	3.98352
256	152	3.79659
256	161	3.22932
256	199	6.29582
256	255	8.62488
256	264	9.74918
256	270	6.79213
256	275	7.92425
256	281	7.83113
256	282	7.99173
256	283	8.00064
256	287	8.48283
256	294	11.0578
257	52	1.04685
257	55	3.1102
257	98	1.59086
257	161	2.74099
257	175	3.24786
257	226	3.72279
257	247	5.75318
257	256	6.08775
257	270	6.3038
257	275	7.43592
257	281	7.3428
257	282	7.5034
257	283	7.51231
257	287	7.99451
257	300	11.2317
258	49	3.13881
258	68	3.34822
258	85	5.59026
258	111	2.40672
258	135	3.42201
258	137	1.47825
258	193	2.44614
258	254	7.55156
258	265	8.95138
258	288	7.84377
258	291	7.86472
258	293	8.41337
258	295	9.29408
258	296	7.57742
258	300	8.74586
259	87	0.919092
259	89	8.32728
259	104	3.9401
259	107	4.18188
259	156	6.10634
259	215	5.50028
259	228	9.8253
259	231	6.19046
259	238	6.33872
259	249	6.72073
259	260	7.60764
259	282	9.08738
259	284	9.36198
259	291	9.77261
259	300	9.31683
260	28	5.19702
260	59	5.56692
260	86	3.3267
260	143	7.58215
260	156	6.20847
260	171	2.16107
260	197	3.75882
260	215	5.58538
260	231	6.29259
260	241	9.08894
260	249	6.82286
260	251	6.6068
260	259	7.35947
260	273	9.94328
260	291	9.85771
261	2	1.52976
261	25	1.437
261	56	1.42666
261	89	1.15824
261	161	10.3096
261	228	3.42212
261	264	10.1574
261	267	5.77336
261	269	7.31726
261	271	7.24447
261	284	7.32034
261	286	7.3783
261	297	8.0308
261	298	7.70891
261	299	8.29593
262	1	1.82724
262	48	1.52855
262	100	0.87833
262	142	4.36967
262	167	2.7629
262	198	5.39794
262	240	5.79098
262	263	6.49578
262	268	6.38214
262	272	7.15701
262	279	7.71122
262	280	7.42993
262	289	8.3957
262	290	8.12479
262	300	10.4801
263	19	1.61243
263	48	1.75163
263	144	3.62135
263	197	4.42943
263	207	4.55658
263	229	6.59741
263	231	6.99348
263	262	6.1163
263	268	6.60523
263	272	7.3801
263	279	7.93431
263	280	7.65302
263	289	8.61878
263	290	8.34788
263	294	10.987
264	30	0.55397
264	106	2.78737
264	125	2.69205
264	134	3.88126
264	139	4.58606
264	230	5.26379
264	245	5.93279
264	247	8.38784
264	255	6.66833
264	277	7.84083
264	278	8.20924
264	284	10.3653
264	288	8.06319
264	291	8.08414
264	293	8.63279
265	19	1.83262
265	53	2.35736
265	74	8.64491
265	118	3.8831
265	138	2.47908
265	204	4.98939
265	212	5.78854
265	240	6.23426
265	262	6.33649
265	268	6.82542
265	272	7.60029
265	280	7.87321
265	289	8.83898
265	290	8.56807
265	294	10.8202
266	9	3.93869
266	27	0.0651916
266	58	4.80493
266	59	5.52865
266	104	4.00397
266	162	5.40749
266	172	2.26056
266	202	3.62696
266	211	4.15847
266	229	6.33801
266	231	6.25432
266	245	8.80705
266	259	7.3212
266	278	9.009
266	280	9.85744
267	156	2.96707
267	189	3.5788
267	200	3.077
267	217	4.2124
267	228	3.26515
267	229	5.13536
267	248	5.467
267	261	5.88417
267	269	7.16028
267	273	6.54099
267	284	7.16337
267	297	7.87383
267	298	7.55194
267	299	8.13896
267	300	10.7831
268	1	1.92965
268	43	3.04899
268	53	2.01648
268	144	3.50067
268	166	3.49615
268	240	5.89339
268	258	9.68948
268	262	5.99562
268	272	7.25941
268	279	7.81362
268	280	7.53234
268	288	10.3257
268	289	8.4981
268	290	8.22719
268	300	10.1777
269	2	2.01289
269	127	2.21912
269	128	6.92801
269	151	3.59071
269	154	1.8405
269	163	4.54464
269	164	3.50355
269	178	3.03046
269	248	6.1071
269	273	7.18109
269	286	7.86143
269	294	10.9034
269	297	8.51393
269	298	8.19204
269	299	8.77905
270	52	1.41004
270	139	4.31117
270	155	4.26179
270	175	3.61105
270	198	4.96312
270	247	6.11637
270	256	6.45094
270	257	5.59329
270	263	8.89905
270	275	7.79911
270	279	9.09718
270	281	7.70599
270	282	7.86659
270	283	7.8755
270	287	8.3577
271	16	3.98848
271	54	1.75609
271	65	1.96679
271	70	3.43579
271	194	8.73136
271	212	5.75652
271	228	3.84737
271	238	6.7067
271	261	6.4664
271	267	6.19861
271	269	7.74251
271	286	7.80355
271	289	10.1414
271	297	8.45605
271	299	8.72118
272	53	2.25093
272	93	3.23593
272	148	4.54891
272	166	3.73059
272	214	3.62354
272	231	6.6041
272	253	8.99313
272	262	6.23007
272	263	6.83263
272	265	7.35581
272	267	10.1387
272	279	8.04807
272	280	7.76678
272	289	8.73255
272	290	8.46164
273	54	1.42605
273	89	1.25346
273	127	1.8312
273	151	3.2028
273	189	3.83099
273	200	3.32919
273	217	4.46459
273	228	3.51733
273	269	7.41247
273	271	7.33969
273	276	9.08474
273	286	7.47352
273	287	10.5865
273	298	7.80413
273	299	8.39114
274	69	4.25683
274	98	5.75161
274	101	3.64588
274	163	5.75896
274	177	2.66506
274	219	6.34432
274	224	6.77727
274	243	6.74775
274	254	7.9553
274	264	8.85671
274	279	8.30266
274	282	9.02136
274	293	8.9244
274	296	10.7041
274	298	10.8352
275	92	2.7446
275	181	5.18894
275	190	3.7822
275	194	4.54951
275	217	6.52338
275	226	4.40267
275	234	5.83027
275	251	6.83268
275	270	6.98368
275	279	8.67967
275	281	8.02268
275	282	8.18327
275	283	8.19219
275	287	8.67438
275	294	10.5423
276	48	5.40896
276	143	3.5817
276	230	5.34236
276	233	6.75214
276	253	4.95336
276	255	6.7469
276	258	6.16714
276	259	6.3605
276	264	6.77108
276	278	8.28781
276	284	9.63982
276	288	8.14176
276	294	7.92981
276	296	7.87541
276	299	10.413
277	22	1.25067
277	23	4.7424
277	103	0.178618
277	106	2.90891
277	200	9.35622
277	226	10.2062
277	228	10.0969
277	258	6.21012
277	285	7.79559
277	287	9.62198
277	288	8.18474
277	292	9.1125
277	293	8.75433
277	295	9.63504
277	300	9.08682
278	117	3.23338
278	193	2.85979
278	211	4.04934
278	223	6.63062
278	226	10.3218
278	227	6.32835
278	234	5.90647
278	235	5.99023
278	242	6.8118
278	255	6.86256
278	264	6.88674
278	267	10.1595
278	285	7.86827
278	288	8.25742
278	292	9.18519
279	12	1.38792
279	128	6.56627
279	132	5.02458
279	196	2.81015
279	205	10.9772
279	214	3.5916
279	262	6.19813
279	263	6.80069
279	265	7.32387
279	268	6.68705
279	274	6.74525
279	280	7.73484
279	289	8.70061
279	290	8.4297
279	299	10.4455
280	56	6.02553
280	124	2.04504
280	131	1.71422
280	144	3.58283
280	160	5.20624
280	166	3.57831
280	207	4.51806
280	262	6.07778
280	263	6.68034
280	272	7.34157
280	277	8.61219
280	279	7.89578
280	289	8.58026
280	290	8.30935
280	298	11.5404
281	36	0.00755797
281	96	6.35353
281	168	3.50523
281	190	4.01066
281	214	11.3168
281	226	4.19534
281	247	6.22572
281	256	6.56029
281	265	8.39013
281	270	6.77635
281	275	7.90847
281	282	7.97594
281	283	7.98486
281	287	8.46705
281	288	10.0043
282	53	5.33129
282	65	4.7253
282	66	1.58314
282	152	3.76552
282	213	5.12405
282	223	6.75399
282	226	4.18005
282	247	6.21043
282	256	6.54501
282	270	6.76106
282	274	6.94543
282	276	8.35917
282	281	7.80006
282	283	7.96957
282	287	8.45176
283	89	8.74685
283	119	2.62711
283	152	3.78464
283	161	3.21736
283	179	5.54268
283	210	7.16114
283	251	6.94128
283	253	9.04637
283	256	6.56412
283	257	5.70647
283	270	6.78018
283	275	7.9123
283	281	7.81918
283	282	7.97977
283	287	8.47088
284	25	1.54746
284	42	7.43892
284	56	1.53711
284	141	2.91525
284	189	3.84623
284	267	5.88382
284	269	7.42771
284	270	9.02163
284	271	7.35492
284	273	6.80842
284	286	7.48876
284	291	10.4295
284	297	8.14125
284	298	7.81936
284	299	8.40638
285	9	3.44078
285	47	3.07171
285	76	2.4394
285	103	0.701965
285	219	5.69256
285	242	6.53175
285	245	5.84696
285	252	4.87286
285	258	6.00275
285	274	7.22983
285	277	7.755
285	293	8.54696
285	294	7.76541
285	296	7.71101
285	300	8.87945
286	56	1.54143
286	80	7.39343
286	157	6.15386
286	200	3.34874
286	217	4.48415
286	229	5.4071
286	261	6.15592
286	267	5.88814
286	269	7.43203
286	271	7.35924
286	273	6.81274
286	282	9.70817
286	297	8.14557
286	299	8.4107
286	300	9.93762
287	8	1.61557
287	37	1.32496
287	103	0.445922
287	155	4.46025
287	175	3.8095
287	206	6.14198
287	213	5.22844
287	243	5.78521
287	252	4.61681
287	257	5.79175
287	275	7.99757
287	281	7.90445
287	282	8.06504
287	283	8.07396
287	297	10.2445
288	22	1.14237
288	113	3.76351
288	120	0.010087
288	128	1.93808
288	152	6.68227
288	165	4.00777
288	225	6.55489
288	241	5.08365
288	276	7.60594
288	285	7.68728
288	294	7.86448
288	295	9.52674
288	296	7.81008
288	299	10.7216
288	300	8.97852
289	6	3.49874
289	96	2.99632
289	123	4.90995
289	124	2.20872
289	138	2.38404
289	148	4.69293
289	150	4.22945
289	166	3.74198
289	227	6.45152
289	240	6.13922
289	261	9.60635
289	262	6.24146
289	268	6.73038
289	280	7.77817
289	290	8.47303
290	1	2.08673
290	18	1.97769
290	48	1.78804
290	108	1.62601
290	214	3.54618
290	240	6.05047
290	252	4.63722
290	262	6.15271
290	268	6.64163
290	279	7.97071
290	280	7.68942
290	289	8.65519
290	292	10.3697
290	297	10.2649
290	299	10.6945
291	26	1.87926
291	49	3.30582
291	92	3.05001
291	185	3.48121
291	216	6.34229
291	246	6.13517
291	253	4.82237
291	258	6.03616
291	276	7.54029
291	277	7.78842
291	282	9.70378
291	286	10.09
291	293	8.58037
291	294	7.79882
291	295	9.46108
292	5	3.89471
292	52	7.92087
292	72	0.898347
292	75	2.1124
292	132	5.25755
292	142	3.7497
292	153	3.17113
292	158	5.39793
292	229	6.38504
292	235	5.97893
292	242	6.8005
292	253	5.05772
292	258	6.2715
292	264	6.87544
292	277	8.02376
293	33	0.811618
293	35	0.658707
293	75	2.03782
293	96	6.12884
293	230	5.37214
293	240	8.16004
293	242	6.72592
293	246	5.83353
293	255	6.77668
293	260	6.59303
293	261	9.41074
293	285	7.78239
293	288	8.17154
293	292	9.09931
293	295	9.62185
294	47	2.95326
294	115	1.80083
294	165	3.79026
294	185	3.32936
294	205	2.63214
294	215	6.71134
294	218	5.50836
294	245	5.72852
294	253	4.67052
294	255	6.46406
294	256	8.93621
294	264	6.48824
294	291	7.87987
294	295	9.30923
294	296	7.59257
295	2	4.49183
295	11	0.606288
295	76	2.10846
295	106	3.08821
295	111	2.92698
295	113	3.64105
295	184	4.49658
295	193	2.9664
295	205	3.13724
295	249	6.751
295	275	8.21184
295	278	8.51008
295	288	8.36403
295	291	8.38498
295	296	8.09768
296	33	1.34406
296	102	0.354343
296	137	1.47769
296	158	4.99502
296	197	4.5209
296	235	5.57602
296	241	4.85043
296	255	6.44835
296	277	7.62085
296	278	7.98926
296	285	7.45407
296	292	8.77098
296	293	8.41281
296	294	7.63126
296	299	10.9824
297	2	1.71592
297	65	1.72769
297	68	6.51039
297	89	1.3444
297	174	4.61356
297	228	3.60827
297	229	5.47849
297	254	6.96786
297	261	6.2273
297	273	6.88412
297	284	7.50649
297	286	7.56446
297	296	11.2872
297	298	7.89506
297	299	8.48208
298	25	1.40711
298	54	1.30094
298	65	1.51164
298	189	3.70588
298	200	3.20407
298	242	7.63743
298	248	5.59408
298	261	6.01125
298	267	5.74347
298	271	7.21458
298	273	6.66807
298	284	7.29044
298	286	7.34841
298	297	8.0009
298	299	8.26603
299	89	1.27878
299	141	2.92533
299	151	3.22812
299	199	5.99041
299	227	6.46221
299	228	3.54265
299	229	5.41287
299	255	8.31947
299	269	7.43779
299	271	7.36501
299	273	6.8185
299	284	7.44087
299	286	7.49884
299	297	8.15133
299	298	7.82944
300	2	4.2433
300	26	1.95356
300	149	2.97084
300	166	6.27327
300	227	6.15665
300	241	5.0923
300	245	5.95468
300	253	4.89668
300	267	9.98784
300	276	7.61459
300	283	9.048
300	291	8.10604
300	292	9.01285
300	294	7.87313
300	295	9.53539
