in-degree distribution (probability density function of the degree in logarithmic bins) 
7.4125	0.175335
9.46296	0.0972268
11.6923	0.0384573
13.7297	0.0449593
16.4583	0.0239575
20.4667	0.0123008
24.8571	0.0141474
30	0.00885501
38.6667	0.00681982
45.1667	0.00448204

in-degree distribution (degree-occurrences) 
7	0.156667
8	0.11
9	0.0966667
10	0.0833333
11	0.0266667
12	0.06
13	0.05
14	0.0566667
15	0.0166667
16	0.0466667
17	0.03
18	0.00333333
19	0.0133333
20	0.01
21	0.0166667
22	0.01
23	0.0166667
24	0.01
25	0.0233333
26	0.00666667
27	0.0133333
28	0.01
29	0.0166667
30	0.00666667
31	0.01
32	0.00333333
33	0.00666667
34	0.00666667
36	0.00333333
37	0.00333333
38	0.00333333
39	0.01
40	0.01
41	0.0133333
43	0.01
44	0.00666667
45	0.0133333
46	0.00333333
49	0.00333333
50	0.00333333


--------------------------------------
out-degree distribution (probability density function of the degree in logarithmic bins) 
15	1.99065
16	7.78669

out-degree distribution (degree-occurrences) 
15	0.193333
16	0.806667


--------------------------------------
community distribution (size-occurrences)
9	0.166667
10	0.0555556
11	0.0555556
12	0.111111
13	0.166667
14	0.111111
21	0.166667
23	0.0555556
26	0.0555556
49	0.0555556


--------------------------------------
mixing parameter (in-links)
0.428571	0.0866667
0.444444	0.0433333
0.454545	0.02
0.461538	0.0366667
0.469804	0.0166667
0.476324	0.03
0.48172	0.0333333
0.488085	0.0366667
0.5	0.453333
0.511844	0.0166667
0.517834	0.0366667
0.523984	0.0166667
0.531155	0.03
0.538462	0.0133333
0.545455	0.00666667
0.555556	0.0533333
0.571429	0.07

--------------------------------------
mixing parameter (out-links)
0.0638889	0.01
0.130952	0.0233333
0.191667	0.04
0.256667	0.0666667
0.322115	0.0866667
0.375	0.05
0.4	0.0366667
0.444129	0.0733333
0.5	0.126667
0.558788	0.183333
0.623256	0.143333
0.6875	0.0766667
0.748889	0.05
0.81	0.0166667
0.875	0.00666667
0.9375	0.00666667
1	0.00333333

--------------------------------------
mixing parameter (weights)
0.499539	0.00333333
0.499716	0.0333333
0.499839	0.0466667
0.499946	0.283333
0.500026	0.323333
0.50014	0.123333
0.500255	0.0766667
0.500365	0.0533333
0.500489	0.02
0.500599	0.0166667
0.500817	0.00333333
0.500914	0.00333333
0.501084	0.00333333
0.501221	0.00333333
0.501509	0.00333333
0.501761	0.00333333

--------------------------------------
internal weights (weight-occurrences)
0.681718	0.0210084
1.56774	0.0420168
2.47379	0.0357143
3.50456	0.0672269
4.404	0.110504
5.38374	0.164286
6.25138	0.220168
7.1853	0.185294
8.07962	0.114706
8.96796	0.0264706
9.80545	0.00420168
11.2526	0.0012605
12.0083	0.00336134
12.7267	0.0012605
13.744	0.000840336
14.3109	0.000420168
17.9076	0.000420168
18.6216	0.000840336

--------------------------------------
external weights (weight-occurrences)
0.156048	0.0448772
1.00217	0.0347163
1.67661	0.0410669
2.32737	0.0512278
2.94936	0.0516511
3.64017	0.0592718
4.30878	0.061812
4.94613	0.0685859
5.65903	0.0719729
6.30642	0.0681626
6.94276	0.0800169
7.60133	0.0825572
8.26238	0.084674
8.91923	0.0800169
9.56214	0.0584251
10.2027	0.0317528
10.9064	0.0220152
11.4756	0.00465707
12.2637	0.00169348
12.9602	0.00084674
