degree distribution (probability density function of the degree in logarithmic bins) 
17.5476	0.138278
19.44	0.0755584
21	0.0443917
22.619	0.0534859
24.9583	0.0561139
27.7143	0.0150244
29.5385	0.0256142
31.8333	0.0217049
34.913	0.0381894
38.9412	0.0259121

degree distribution (degree-occurrences) 
17	0.095
18	0.115
19	0.07
20	0.055
21	0.08
22	0.04
23	0.065
24	0.045
25	0.035
26	0.04
27	0.01
28	0.025
29	0.03
30	0.035
31	0.02
32	0.03
33	0.01
34	0.05
35	0.025
36	0.04
37	0.01
38	0.005
39	0.05
40	0.02


--------------------------------------
community distribution (size-occurrences)
25	0.571429
32	0.142857
33	0.142857
35	0.142857


--------------------------------------
mixing parameter
0.47162	0.075
0.47619	0.045
0.479034	0.045
0.483204	0.025
0.486618	0.04
0.5	0.495
0.512821	0.025
0.514758	0.04
0.518595	0.04
0.522705	0.075
0.526316	0.045
0.529412	0.045
0.541667	0.005

--------------------------------------
