1	13	3.14288
1	27	2.7676
1	59	2.46512
1	106	2.22756
1	180	4.45133
1	196	4.17844
1	249	5.54572
1	270	6.22567
1	279	6.81213
1	281	7.92866
1	286	7.8364
1	287	6.66284
1	292	7.43642
1	293	7.93147
1	294	7.4318
1	300	8.17919
2	16	2.24569
2	70	3.01805
2	89	6.29556
2	128	3.27596
2	144	2.86869
2	214	3.87318
2	225	4.58936
2	230	4.622
2	231	4.40456
2	249	5.29926
2	261	6.28987
2	268	6.92258
2	284	6.43478
2	289	7.098
2	290	9.18127
2	295	7.282
3	40	2.62324
3	45	2.09376
3	84	2.86595
3	142	3.42778
3	145	3.6638
3	179	5.73433
3	181	7.41803
3	189	4.21667
3	222	6.96242
3	223	7.10371
3	224	6.26339
3	228	6.6024
3	239	6.44845
3	246	5.32716
3	288	7.8437
3	291	8.29597
4	14	1.37884
4	129	1.66625
4	140	2.95932
4	190	6.55571
4	211	5.56174
4	254	5.71284
4	259	5.2653
4	260	5.33078
4	262	5.90749
4	267	5.72774
4	269	6.19835
4	290	6.60783
4	292	7.32074
4	293	7.21111
4	296	7.72294
4	299	10.75
5	30	4.84252
5	47	2.95635
5	69	2.98771
5	72	3.44101
5	87	3.47328
5	124	4.41093
5	158	3.50967
5	172	4.90237
5	182	4.79178
5	218	5.88659
5	236	7.03367
5	243	5.93425
5	246	5.4987
5	260	6.83083
5	263	6.90406
5	296	9.22299
6	66	4.49678
6	101	3.42107
6	105	4.06985
6	178	0.176451
6	246	5.5503
6	255	4.35883
6	264	7.65648
6	268	8.01302
6	269	5.0273
6	280	5.30923
6	281	4.2125
6	282	7.99347
6	286	8.2184
6	289	8.18844
6	296	6.50569
6	297	6.0655
7	16	3.10068
7	51	4.00777
7	107	3.49168
7	126	3.08377
7	132	3.61319
7	140	4.83696
7	170	4.23508
7	173	3.62022
7	190	4.47515
7	199	4.53766
7	233	5.40198
7	263	8.80584
7	264	7.42102
7	270	6.83419
7	275	7.03864
7	287	7.27136
8	4	5.01006
8	19	2.70294
8	24	1.99635
8	165	3.1504
8	192	4.19982
8	218	4.68035
8	250	4.18194
8	256	6.30664
8	260	6.14795
8	261	6.63314
8	276	5.89056
8	281	8.02546
8	294	7.5286
8	296	8.54011
8	297	8.22884
8	298	8.60151
9	24	3.03535
9	31	2.45187
9	98	3.90327
9	107	2.72146
9	128	2.20224
9	139	3.92497
9	152	4.72201
9	218	6.24271
9	230	6.00427
9	232	4.79916
9	235	3.98676
9	287	7.79864
9	288	6.63132
9	293	7.12854
9	296	9.57911
9	299	8.70501
10	19	3.38827
10	26	4.13448
10	59	3.24726
10	71	3.53249
10	95	4.13374
10	107	3.00438
10	169	4.04114
10	189	4.51325
10	232	5.08208
10	249	6.32786
10	259	5.10278
10	274	7.39754
10	285	7.41939
10	292	8.82325
10	293	7.41146
10	298	8.3357
11	17	2.06314
11	72	2.91569
11	138	3.13814
11	157	3.42783
11	169	4.96509
11	174	4.45822
11	218	5.36127
11	242	5.63672
11	262	6.68275
11	270	6.48003
11	284	6.93561
11	290	7.58255
11	291	8.00875
11	294	7.68616
11	295	7.67634
11	300	8.43355
12	18	2.58393
12	29	3.14298
12	85	3.21704
12	97	3.90849
12	113	4.04338
12	131	4.18152
12	154	2.21263
12	180	3.86564
12	192	4.90805
12	231	5.39954
12	249	6.29424
12	266	7.11701
12	281	8.67718
12	290	8.07671
12	298	8.30208
12	300	8.82687
13	2	1.68497
13	56	3.77574
13	81	2.82838
13	133	3.11154
13	186	2.80474
13	197	4.46319
13	198	4.8979
13	228	6.62616
13	235	6.44343
13	247	5.97884
13	254	6.63547
13	263	6.63369
13	269	7.42802
13	286	7.85941
13	292	7.45943
13	296	8.95262
14	1	2.03569
14	68	2.94704
14	73	4.35336
14	76	3.04574
14	88	12.6865
14	101	3.6399
14	153	2.77543
14	223	6.63233
14	232	5.0159
14	242	5.52784
14	251	5.56564
14	254	6.57868
14	272	6.39368
14	282	7.29498
14	289	7.48994
14	290	7.47368
15	32	3.37484
15	71	3.80155
15	85	3.51973
15	88	1.71303
15	140	4.73088
15	145	4.22944
15	161	4.34753
15	165	4.10479
15	168	4.99862
15	183	3.49798
15	213	5.49333
15	214	6.33792
15	248	7.30579
15	276	7.71872
15	278	8.25167
15	283	7.51792
16	32	2.75339
16	81	2.55241
16	135	3.46154
16	154	1.5348
16	161	3.72608
16	207	4.80983
16	224	5.1769
16	262	7.0576
16	265	6.53249
16	266	6.43918
16	267	6.87786
16	284	7.09849
16	288	7.78789
16	293	8.36122
16	298	7.98331
16	300	8.14904
17	80	1.43112
17	117	3.67846
17	154	4.20722
17	155	3.66963
17	160	5.28892
17	161	4.0042
17	184	4.43709
17	199	3.82828
17	211	4.70743
17	217	5.05495
17	260	6.75901
17	262	7.03335
17	289	8.05233
17	291	8.35935
17	295	8.02694
17	300	8.88706
18	51	3.90661
18	85	6.12053
18	109	2.36653
18	155	7.32823
18	166	4.21006
18	172	4.10738
18	195	3.85557
18	203	4.3024
18	218	5.0916
18	230	4.85316
18	232	4.85511
18	233	5.30082
18	247	5.45422
18	266	6.80822
18	298	7.53826
18	300	8.16388
19	14	2.27616
19	78	2.86919
19	164	4.33622
19	170	4.12706
19	176	3.40213
19	190	4.36714
19	203	4.81821
19	219	5.73307
19	224	6.6833
19	247	5.80387
19	250	6.06077
19	257	5.9921
19	259	6.48617
19	262	7.12835
19	286	7.87493
19	291	8.31092
20	41	2.00497
20	48	3.71412
20	51	2.72661
20	62	2.78245
20	78	4.61398
20	88	2.018
20	89	3.03126
20	155	4.31794
20	196	5.53461
20	209	6.92835
20	233	6.21162
20	244	6.41693
20	249	5.48935
20	271	5.92642
20	275	7.78629
20	288	8.71431
21	35	4.44902
21	138	2.78795
21	183	5.2122
21	189	2.69167
21	234	3.59171
21	235	7.19852
21	245	3.36517
21	248	3.91702
21	252	7.08773
21	263	7.38878
21	270	4.30753
21	273	7.71571
21	274	4.65279
21	275	5.41042
21	279	8.1919
21	290	8.59259
22	31	1.46961
22	97	3.31352
22	160	4.7346
22	204	4.86767
22	223	3.55707
22	233	5.00899
22	243	5.30623
22	245	5.71249
22	250	5.71382
22	255	6.24572
22	265	6.25629
22	270	6.65485
22	273	6.60487
22	275	7.75774
22	279	7.08105
22	293	8.08502
23	6	3.2858
23	26	3.64399
23	78	2.66034
23	116	3.52199
23	118	3.42463
23	141	2.9285
23	197	5.75385
23	204	5.00577
23	220	5.19021
23	238	5.74481
23	244	5.35241
23	263	8.39311
23	270	6.51732
23	276	6.0854
23	290	7.13573
23	291	8.10206
24	22	2.10604
24	49	2.93025
24	136	4.04701
24	172	4.49328
24	210	5.234
24	225	4.84518
24	229	6.32483
24	240	5.15591
24	250	5.56962
24	258	6.14506
24	260	6.64677
24	266	6.83288
24	277	7.40266
24	287	6.67219
24	291	7.81977
24	296	8.45266
25	15	4.73539
25	55	2.41398
25	77	3.70258
25	99	1.92537
25	129	2.65634
25	135	3.30152
25	171	4.42903
25	183	4.29403
25	191	5.67627
25	243	5.4243
25	269	7.18844
25	277	7.66303
25	281	8.19838
25	283	8.31398
25	289	7.61419
25	297	8.40176
26	10	4.0302
26	41	4.51566
26	63	4.75493
26	101	3.60704
26	119	5.03587
26	135	4.06174
26	173	4.04164
26	177	6.41154
26	211	3.51372
26	224	5.7771
26	226	5.86042
26	229	5.3999
26	240	4.00969
26	271	7.23406
26	276	6.8237
26	287	8.03768
27	66	4.26712
27	118	2.64061
27	164	3.51708
27	169	3.87331
27	175	4.13429
27	180	5.06564
27	183	4.56212
27	195	4.48519
27	202	4.24979
27	203	5.31735
27	244	5.67507
27	277	6.8741
27	278	7.18101
27	279	7.54182
27	288	7.97245
27	293	8.54579
28	10	3.33384
28	48	2.69152
28	69	2.54161
28	115	2.81432
28	133	2.93581
28	163	3.93349
28	225	5.16941
28	247	5.80311
28	254	6.76678
28	258	7.13342
28	261	6.86992
28	270	6.55925
28	277	7.2895
28	279	7.26109
28	287	6.99642
28	289	8.7688
29	37	2.5677
29	117	3.33082
29	135	3.39201
29	142	3.30245
29	148	3.05024
29	165	3.41381
29	170	3.98678
29	202	5.85541
29	220	5.25879
29	230	5.22869
29	250	5.20679
29	270	6.58589
29	277	7.75353
29	286	7.73465
29	294	7.79202
29	298	9.62636
30	5	4.21057
30	16	2.96055
30	86	4.58538
30	103	4.22151
30	148	3.15842
30	149	3.91307
30	160	5.66349
30	164	5.32181
30	171	4.6277
30	173	5.31228
30	194	5.88695
30	208	4.21743
30	259	6.45407
30	264	7.2809
30	273	6.91972
31	73	1.78699
31	75	4.75684
31	126	2.16331
31	158	4.56928
31	191	3.27555
31	202	7.63929
31	219	5.00299
31	223	3.09158
31	235	5.62218
31	261	6.2244
31	264	6.50056
31	268	6.85711
31	282	6.83756
31	283	6.51584
31	296	8.13137
32	23	2.57464
32	63	2.85087
32	87	4.6001
32	118	3.45574
32	131	3.75576
32	175	3.51389
32	189	4.05387
32	206	5.23991
32	213	8.59269
32	233	5.1782
32	240	5.46932
32	243	5.47733
32	247	6.68231
32	279	7.25026
32	295	7.85122
33	22	2.83014
33	79	2.79942
33	86	4.85044
33	115	4.53748
33	130	3.86006
33	143	3.22527
33	194	6.15201
33	208	4.48248
33	252	5.12045
33	264	5.40296
33	268	7.9025
33	270	6.95913
33	272	6.35498
33	289	8.07792
33	295	8.26191
34	113	5.12301
34	150	4.6503
34	161	3.18205
34	167	3.12962
34	195	5.72384
34	216	4.92707
34	253	5.4118
34	255	5.97789
34	263	6.0101
34	269	6.80443
34	271	6.08982
34	276	6.8337
34	278	7.08618
34	283	6.6329
34	285	7.11784
35	8	2.90274
35	10	2.05837
35	84	3.26273
35	111	2.8484
35	127	3.64959
35	177	3.68461
35	220	5.29998
35	228	6.99918
35	230	5.7508
35	231	5.53336
35	235	4.34084
35	279	7.80984
35	285	7.49054
35	288	6.9854
35	290	8.21053
36	58	4.15216
36	103	5.14509
36	108	3.97939
36	112	3.65495
36	143	3.8838
36	170	2.57996
36	180	2.44639
36	214	5.51163
36	219	6.70691
36	239	3.04211
36	266	5.69776
36	284	6.35707
36	285	8.6241
36	297	9.52402
36	300	7.40762
37	62	1.50439
37	112	4.55087
37	131	1.78
37	171	4.23741
37	236	4.96699
37	237	4.98865
37	241	5.29294
37	251	4.92496
37	256	6.36295
37	273	6.52943
37	277	7.47142
37	284	6.75935
37	288	7.43625
37	290	7.4063
37	299	8.65375
38	77	4.39592
38	93	3.1024
38	175	2.476
38	181	3.74433
38	184	2.57233
38	202	4.59854
38	229	5.33301
38	242	6.34542
38	258	5.05972
38	268	8.1321
38	277	5.2158
38	278	5.52271
38	287	7.6259
38	289	6.6951
38	300	9.14225
39	1	3.2067
39	78	2.2027
39	197	3.7879
39	207	4.94642
39	212	5.23665
39	236	4.7229
39	256	5.4081
39	257	5.32561
39	271	6.03812
39	276	5.62777
39	279	6.92171
39	287	6.49685
39	290	7.16221
39	292	7.546
39	296	8.27732
40	4	0.874191
40	48	4.98065
40	108	2.74658
40	113	3.45403
40	200	5.29077
40	216	4.32067
40	238	5.61232
40	242	6.23029
40	251	5.57932
40	257	5.65076
40	263	7.52541
40	269	7.07787
40	275	6.58928
40	287	6.822
40	297	8.2912
41	11	3.34075
41	71	3.84548
41	91	6.24043
41	104	3.80689
41	114	4.9452
41	126	3.22347
41	127	3.86239
41	157	4.96586
41	172	5.21782
41	188	5.11843
41	217	5.44222
41	249	4.95492
41	267	7.08161
41	271	5.39199
41	277	8.48844
42	11	0.700826
42	78	3.86287
42	97	1.67947
42	164	4.39694
42	169	4.10945
42	193	5.22032
42	198	3.95024
42	199	2.62204
42	212	6.21615
42	220	6.39274
42	226	6.32465
42	257	6.98577
42	289	8.83864
42	291	7.15311
42	295	6.8207
43	121	2.93259
43	144	3.72179
43	157	3.7801
43	174	2.47524
43	246	5.31296
43	248	6.86122
43	250	6.1669
43	257	5.11835
43	263	6.73102
43	264	7.41914
43	265	6.32996
43	273	6.06897
43	279	7.53414
43	282	5.75973
43	295	8.13509
44	8	1.74776
44	90	2.49678
44	112	4.80125
44	116	3.91944
44	140	4.36878
44	150	5.45368
44	195	4.55997
44	210	5.19775
44	218	4.98705
44	220	5.58767
44	239	6.652
44	251	5.17535
44	261	7.22543
44	280	7.983
44	298	8.90821
45	77	3.23222
45	93	3.27545
45	144	7.17079
45	188	4.06828
45	212	4.52133
45	214	3.919
45	216	4.84072
45	224	4.54651
45	229	4.16931
45	245	5.8672
45	262	6.42721
45	268	6.9684
45	288	7.1575
45	297	7.9314
45	299	9.08094
46	52	3.0078
46	53	3.98158
46	56	2.88669
46	84	2.00065
46	136	2.30675
46	187	5.35187
46	200	4.75187
46	227	5.15454
46	233	5.28046
46	243	4.77484
46	266	6.44379
46	267	6.06837
46	269	6.53898
46	283	6.44804
46	289	6.96473
47	21	3.65422
47	100	3.39741
47	103	3.0863
47	127	2.95884
47	171	4.11761
47	177	2.99386
47	184	3.92081
47	217	5.4871
47	241	5.40641
47	256	5.76566
47	266	7.0151
47	267	6.63969
47	270	6.41725
47	293	8.81527
47	299	7.76078
48	9	3.78339
48	43	3.17931
48	74	4.45404
48	77	3.74923
48	86	4.43335
48	97	3.47634
48	146	6.1531
48	152	4.02941
48	176	3.21799
48	183	4.26417
48	216	5.61183
48	274	6.93177
48	279	7.24388
48	284	6.99762
48	292	8.35748
49	56	3.89444
49	69	2.83604
49	123	4.611
49	132	3.63269
49	148	3.31804
49	228	4.84867
49	232	5.49843
49	240	5.77458
49	246	5.33434
49	256	6.2021
49	263	6.7524
49	277	6.81148
49	278	7.11839
49	289	8.29078
49	293	8.55949
50	88	1.15741
50	96	2.86109
50	110	3.97784
50	114	4.34565
50	133	3.09781
50	206	5.41273
50	233	3.7246
50	242	5.83334
50	245	6.56342
50	256	6.06966
50	266	7.3191
50	290	5.87107
50	294	7.90292
50	298	8.04914
50	300	8.67477
51	2	8.58568
51	46	8.60115
51	70	2.89109
51	84	2.00696
51	186	4.9543
51	200	4.75818
51	231	4.27759
51	232	4.49699
51	258	5.76227
51	260	5.67772
51	274	6.24197
51	283	6.45435
51	292	7.66768
51	294	7.99785
51	300	7.80576
52	5	3.92753
52	19	3.53223
52	76	3.25814
52	84	3.30649
52	121	4.31522
52	152	4.5123
52	198	5.31468
52	207	6.0385
52	221	4.60472
52	223	4.32962
52	239	6.889
52	253	6.45218
52	264	6.48557
52	272	7.43759
52	298	8.47966
53	23	3.88977
53	80	4.78574
53	103	5.39099
53	164	4.54065
53	187	0.560699
53	222	1.24184
53	226	3.32732
53	238	3.96698
53	269	6.14111
53	271	7.84199
53	272	7.88608
53	281	5.32632
53	285	8.87001
53	293	9.56936
53	296	7.6195
54	28	3.50667
54	65	3.44762
54	69	3.36214
54	81	3.27678
54	154	4.65347
54	190	5.02075
54	196	5.33255
54	245	4.36183
54	248	4.91369
54	270	5.30419
54	274	5.64946
54	275	6.40708
54	278	8.35458
54	294	8.58591
54	297	9.28615
55	46	8.02554
55	142	4.77117
55	149	2.94176
55	155	5.27133
55	185	3.9907
55	207	5.24804
55	208	3.88467
55	224	4.88279
55	232	5.00605
55	235	6.06976
55	264	6.94814
55	282	7.28514
55	284	6.81688
55	294	7.42224
55	296	8.57895
56	121	3.21033
56	149	4.32904
56	184	4.6136
56	211	4.88394
56	213	5.3265
56	220	4.89203
56	223	4.2879
56	233	5.73981
56	250	6.44464
56	255	6.97655
56	259	4.76599
56	261	6.0145
56	268	6.085
56	286	8.2588
56	288	6.57745
57	39	1.83001
57	89	1.84861
57	97	3.33349
57	105	3.39939
57	126	5.06382
57	129	2.56014
57	164	3.07629
57	218	5.28043
57	262	6.80137
57	267	8.92196
57	271	7.23234
57	280	7.46742
57	285	7.40565
57	299	7.74272
57	300	8.35271
58	67	3.16542
58	99	2.17863
58	101	3.10008
58	178	4.74893
58	181	3.30425
58	191	4.52434
58	195	6.25298
58	215	4.63322
58	221	4.2016
58	226	5.35346
58	230	6.58988
58	256	6.09707
58	283	7.16204
58	294	7.95478
58	297	8.65502
59	25	2.57927
59	58	3.08965
59	84	3.59569
59	128	3.85188
59	188	4.07817
59	212	5.05144
59	234	5.8526
59	236	5.21835
59	256	6.80002
59	257	5.82106
59	274	6.94486
59	275	6.75958
59	279	7.25697
59	287	8.42655
59	288	7.6876
60	3	3.10841
60	6	3.51664
60	98	4.88718
60	123	2.98602
60	222	6.99934
60	227	4.44026
60	232	5.3929
60	238	5.97564
60	250	6.08275
60	257	5.93346
60	258	6.65819
60	260	6.57363
60	269	7.4412
60	275	6.9526
60	282	6.57484
61	40	2.70971
61	41	4.05775
61	81	2.6947
61	92	3.6236
61	137	5.09326
61	148	3.26205
61	203	4.88974
61	204	4.20104
61	218	5.50393
61	228	6.68888
61	230	5.4405
61	256	7.13023
61	277	7.96534
61	278	7.7725
61	297	8.70407
62	15	3.10762
62	127	2.47598
62	149	6.01922
62	152	4.93807
62	209	3.90169
62	213	4.15086
62	219	5.02366
62	236	4.59762
62	243	4.8633
62	250	5.269
62	285	6.94085
62	290	8.46785
62	293	7.6402
62	296	8.15204
62	299	7.27793
63	1	2.25293
63	36	4.18591
63	45	4.2579
63	61	4.84876
63	173	3.37442
63	174	4.56659
63	182	4.37483
63	203	4.68043
63	222	6.83959
63	231	6.27977
63	234	5.88587
63	251	6.95445
63	254	6.79593
63	269	7.28144
63	290	7.69092
64	16	3.13756
64	22	2.7421
64	28	2.99796
64	49	3.5663
64	52	4.03294
64	67	5.65436
64	113	3.94027
64	136	6.10392
64	143	3.13723
64	219	5.96034
64	246	5.35173
64	260	8.70369
64	265	6.74815
64	284	7.32665
64	286	8.01983
65	138	3.0941
65	159	5.78517
65	161	3.50665
65	185	3.91822
65	211	4.20988
65	227	4.05686
65	249	5.75604
65	252	6.03365
65	254	6.64352
65	265	6.76167
65	282	6.19144
65	285	7.44244
65	289	7.55478
65	297	8.34236
65	298	7.76388
66	16	3.57446
66	40	3.21998
66	47	3.25897
66	132	2.11253
66	159	4.26218
66	178	5.30825
66	200	6.21391
66	205	4.62985
66	226	5.91278
66	237	4.2538
66	256	6.65639
66	260	7.13345
66	291	7.73248
66	295	7.40007
66	299	8.65151
67	68	3.24453
67	69	2.651
67	153	3.65867
67	168	4.3904
67	182	4.45551
67	185	4.29804
67	190	4.30961
67	204	5.1571
67	227	5.97725
67	229	7.14942
67	246	5.1493
67	254	6.87618
67	255	6.53515
67	260	7.47137
67	294	7.87477
68	36	4.35795
68	60	3.30527
68	119	2.01946
68	132	3.53944
68	152	4.12097
68	190	4.4014
68	209	6.78038
68	221	4.21339
68	236	5.42365
68	242	5.91713
68	249	5.34138
68	267	7.46807
68	286	7.9092
68	292	8.57588
68	298	8.08833
69	23	6.1617
69	31	1.51611
69	49	3.12095
69	135	6.76835
69	180	4.65138
69	188	4.22335
69	207	5.31245
69	215	4.31029
69	223	3.60357
69	231	4.85107
69	239	6.16295
69	242	7.94212
69	250	5.76032
69	281	8.12871
69	298	7.75362
70	33	3.9195
70	88	1.54884
70	156	5.21588
70	176	3.78863
70	208	4.63604
70	212	4.17749
70	239	6.84991
70	242	6.26937
70	251	6.30717
70	254	5.66287
70	271	7.09112
70	279	5.86254
70	280	8.18091
70	286	6.88682
70	292	6.48684
71	72	1.34026
71	92	1.23117
71	117	3.06868
71	178	2.56083
71	179	5.76511
71	216	5.55769
71	217	4.86342
71	256	6.09042
71	258	6.65204
71	263	6.64071
71	279	7.44384
71	281	6.59689
71	289	7.8608
71	294	7.94813
71	297	8.44988
72	8	2.5136
72	46	0.920733
72	73	2.59212
72	233	5.34863
72	253	5.07632
72	255	5.39649
72	262	7.12104
72	264	7.30569
72	269	6.06496
72	271	6.6973
72	277	7.8865
72	286	7.86762
72	296	7.54335
72	297	7.10316
72	299	8.06239
73	53	4.55024
73	80	3.33678
73	90	1.9966
73	151	2.46176
73	162	5.00139
73	164	5.05873
73	219	6.45559
73	228	6.30577
73	230	5.05739
73	246	6.46959
73	258	6.32463
73	263	6.3133
73	278	7.38939
73	284	6.87017
73	286	7.56335
74	7	4.92612
74	62	6.83304
74	79	1.87309
74	93	2.64435
74	126	2.98025
74	140	3.57356
74	179	5.75378
74	181	3.28627
74	233	4.13859
74	241	5.94504
74	274	7.1204
74	276	6.29875
74	281	8.43366
74	292	8.54611
74	297	8.63704
75	57	2.55385
75	101	2.94881
75	131	2.02952
75	161	6.65914
75	166	3.61082
75	215	4.48195
75	218	4.98618
75	231	4.4998
75	260	6.42286
75	262	6.99957
75	266	7.19524
75	269	7.29043
75	270	6.59739
75	272	6.61991
75	292	8.41282
76	39	2.26002
76	67	3.24596
76	81	2.72619
76	103	4.35664
76	132	3.6082
76	200	5.23383
76	216	5.64489
76	240	5.75009
76	252	5.76934
76	263	6.72791
76	264	6.05185
76	266	7.42705
76	269	7.52224
76	272	7.00387
76	297	8.73557
77	5	3.99699
77	13	2.34859
77	53	5.35688
77	68	3.79712
77	98	3.76303
77	101	3.57266
77	115	4.79959
77	154	4.49492
77	254	5.81816
77	260	7.04671
77	271	7.19967
77	279	6.01783
77	286	7.04211
77	292	6.64213
77	299	8.56477
78	13	2.87704
78	20	3.9254
78	119	3.36854
78	151	2.53309
78	158	2.99024
78	202	3.89573
78	218	5.36716
78	235	6.19437
78	257	5.75184
78	267	8.81715
78	271	7.12753
78	275	6.69037
78	281	8.18891
78	283	7.08803
78	294	7.69205
79	38	2.87971
79	76	3.1102
79	180	4.1086
79	182	3.66937
79	200	5.51961
79	224	4.40443
79	252	6.05512
79	272	7.28965
79	277	7.05059
79	283	6.48506
79	285	6.8894
79	286	7.0317
79	292	7.69838
79	299	7.22648
79	300	7.83647
80	44	3.74691
80	124	4.67479
80	132	1.9224
80	143	3.33307
80	168	1.842
80	172	4.96394
80	198	4.33948
80	219	6.15618
80	244	5.90201
80	262	6.21636
80	265	6.94399
80	277	8.23456
80	283	7.66903
80	291	7.54235
80	295	7.20994
81	94	4.06189
81	160	4.6925
81	161	3.40778
81	176	3.01307
81	186	2.49305
81	220	5.01001
81	254	6.32378
81	261	6.64778
81	262	6.7393
81	273	6.56277
81	286	7.54773
81	289	7.45591
81	290	7.43964
81	292	7.14775
81	299	7.68065
82	17	3.469
82	83	3.62245
82	105	3.79851
82	153	3.20258
82	180	3.55777
82	185	4.4277
82	234	6.09577
82	249	6.11836
82	254	7.00584
82	260	6.62378
82	266	6.80914
82	271	6.77675
82	276	6.36639
82	284	7.46845
82	300	8.519
83	3	3.61523
83	26	4.11085
83	42	4.67277
83	55	2.90277
83	92	3.81008
83	124	5.31471
83	137	3.74892
83	139	3.54768
83	153	3.38846
83	184	4.48774
83	204	5.47263
83	212	5.48049
83	224	7.33871
83	274	7.37392
83	277	8.15182
84	41	3.73132
84	134	5.68727
84	137	5.2184
84	141	4.97763
84	161	7.30203
84	162	5.05807
84	226	5.07608
84	227	5.77988
84	244	5.30636
84	249	5.79132
84	263	6.36998
84	272	6.4938
84	282	7.3951
84	284	6.92685
84	294	7.6774
85	63	2.8774
85	108	2.9367
85	113	3.64415
85	122	3.94416
85	149	4.70873
85	152	3.62759
85	156	4.67815
85	201	4.08079
85	227	5.88356
85	234	5.87242
85	253	5.87537
85	271	6.5534
85	279	7.27679
85	281	8.27794
85	294	9.18921
86	57	3.54748
86	75	3.89969
86	125	4.10335
86	148	4.05537
86	162	1.28981
86	170	3.06818
86	176	3.87143
86	220	6.26392
86	238	6.81851
86	261	7.90169
86	262	7.99321
86	266	6.18598
86	284	6.84529
86	299	8.93456
86	300	7.89584
87	9	3.99611
87	11	2.77471
87	73	5.1818
87	83	4.85929
87	109	2.91093
87	152	4.11529
87	221	4.20771
87	229	4.89905
87	236	7.2192
87	247	5.74102
87	259	6.51476
87	261	7.06543
87	272	6.77729
87	285	7.76122
87	299	8.0983
88	12	2.55745
88	36	3.42615
88	115	3.407
88	170	3.22952
88	198	3.99155
88	246	8.73156
88	248	5.85756
88	249	5.14869
88	252	5.4263
88	255	5.69514
88	257	5.09456
88	263	5.72735
88	285	6.83509
88	288	6.96111
88	297	7.73501
89	64	2.6805
89	158	2.50766
89	191	3.36515
89	216	4.46281
89	228	5.89451
89	242	6.37244
89	263	7.66755
89	266	6.60119
89	270	6.00334
89	273	6.22899
89	290	6.41017
89	291	7.58808
89	293	7.70914
89	295	7.30613
89	296	8.22098
90	2	1.13114
90	165	3.00907
90	182	4.74515
90	209	4.14844
90	210	6.34824
90	213	4.39761
90	229	7.43906
90	252	5.77881
90	253	5.48156
90	257	5.44707
90	268	7.12452
90	278	7.15595
90	282	7.10498
90	288	7.31362
90	297	8.08752
91	6	0.714541
91	18	3.94789
91	58	4.87266
91	72	0.556562
91	92	0.447471
91	148	4.80249
91	204	6.82659
91	222	1.72871
91	250	7.67274
91	253	5.63934
91	256	7.68656
91	281	5.81319
91	290	9.44067
91	296	8.10637
91	297	7.66618
92	71	1.88548
92	184	4.41676
92	204	5.40165
92	210	5.19618
92	238	3.84009
92	240	5.83409
92	245	6.75538
92	273	7.13885
92	274	7.30293
92	280	6.29615
92	281	5.19943
92	290	8.01573
92	295	8.21599
92	296	7.49261
92	297	7.05242
93	25	2.35676
93	34	1.84566
93	134	5.44919
93	154	3.60631
93	200	5.23856
93	222	6.58381
93	227	5.64123
93	229	4.47691
93	257	5.59855
93	262	6.73481
93	265	6.20969
93	283	6.93473
93	287	8.64381
93	297	8.23899
93	298	9.31215
94	35	2.48725
94	48	3.57066
94	51	2.58316
94	56	1.99507
94	140	4.8924
94	180	5.66405
94	182	5.22482
94	197	5.1666
94	223	4.61624
94	227	6.747
94	259	5.4591
94	273	7.66404
94	283	8.0405
94	285	7.77571
94	293	7.76778
95	25	4.80016
95	29	3.22364
95	30	3.41217
95	60	3.59968
95	110	4.31144
95	112	3.09215
95	191	4.52383
95	192	4.93219
95	209	5.02214
95	222	7.30604
95	230	6.58937
95	258	6.96488
95	265	6.93192
95	276	7.36233
95	297	8.96122
96	35	2.29815
96	114	4.07221
96	192	4.32515
96	217	4.25051
96	225	5.05796
96	232	5.2493
96	258	6.35784
96	261	6.51852
96	264	7.03464
96	273	6.67345
96	276	6.01589
96	282	7.37164
96	289	7.5666
96	293	7.57868
96	299	7.79134
97	2	1.88674
97	121	3.03703
97	137	3.70148
97	171	4.87038
97	198	5.37796
97	207	5.82348
97	215	4.82131
97	220	5.60964
97	237	5.10216
97	252	6.53441
97	266	7.5346
97	278	7.91154
97	285	7.9432
97	291	8.58083
97	295	8.24842
98	6	3.49975
98	43	2.36305
98	85	2.97412
98	100	3.71142
98	110	5.34697
98	144	3.62075
98	155	3.46736
98	174	4.91856
98	206	5.42275
98	225	5.34142
98	227	6.06847
98	269	7.42431
98	286	7.88002
98	289	7.85006
98	296	8.9489
99	128	3.32702
99	173	2.8163
99	202	5.77576
99	204	4.32266
99	221	6.22078
99	246	4.51093
99	251	5.81385
99	254	6.2378
99	266	6.62813
99	267	6.25271
99	269	6.72331
99	278	7.00507
99	291	7.61501
99	293	7.73607
99	294	7.2364
100	2	1.92147
100	49	3.66671
100	95	3.60208
100	149	4.19048
100	151	3.01864
100	165	3.7994
100	190	4.61244
100	193	4.47195
100	225	5.58164
100	244	6.65915
100	245	6.81365
100	269	7.66452
100	276	7.71497
100	283	7.51417
100	300	8.925
101	27	3.10884
101	32	5.58659
101	65	2.63474
101	108	2.92865
101	119	4.34716
101	173	4.81592
101	212	5.06321
101	223	8.01285
101	236	7.77127
101	244	5.402
101	251	5.76139
101	253	5.86732
101	270	6.56691
101	288	7.69938
101	300	8.52043
102	45	2.94068
102	115	1.96488
102	118	2.20658
102	142	4.27471
102	153	3.96243
102	162	6.14495
102	178	5.55843
102	184	3.79659
102	222	7.80934
102	224	6.07964
102	246	6.0388
102	258	6.28398
102	277	6.44006
102	278	6.74697
102	287	7.99532
103	8	3.10979
103	85	3.55791
103	111	3.05544
103	179	6.33816
103	184	4.81861
103	193	3.56258
103	209	5.28234
103	217	3.82305
103	233	5.94482
103	250	6.64965
103	261	6.09105
103	266	7.91291
103	268	6.16155
103	271	7.29349
103	288	6.654
104	61	3.37502
104	125	3.38512
104	136	3.12473
104	138	3.32202
104	151	2.71107
104	192	4.54125
104	217	4.78532
104	234	5.96137
104	248	6.69283
104	253	5.96432
104	256	6.91871
104	282	7.58774
104	285	7.67036
104	291	8.24865
104	298	9.21358
105	101	3.36323
105	122	4.38101
105	137	3.77654
105	163	4.38605
105	171	2.745
105	176	3.68776
105	193	3.85402
105	257	6.27773
105	267	7.23424
105	271	6.99025
105	283	7.61392
105	285	7.45059
105	288	6.94544
105	290	8.11433
105	293	7.44266
106	1	2.41585
106	14	3.59822
106	61	4.33029
106	65	3.79252
106	112	3.76199
106	152	5.08522
106	159	4.67889
106	163	5.09893
106	225	6.33484
106	253	7.0251
106	254	5.93119
106	272	7.74721
106	279	6.13086
106	286	7.15513
106	292	6.75515
107	21	4.00603
107	34	2.2821
107	47	4.65183
107	94	3.24044
107	98	3.31086
107	170	4.16995
107	237	5.45394
107	259	5.67423
107	263	6.66778
107	264	7.3559
107	274	7.1588
107	285	7.99083
107	287	7.20623
107	289	7.88786
107	293	7.9829
108	4	5.19856
108	33	3.39331
108	61	2.95145
108	123	4.3438
108	133	4.61774
108	157	3.53429
108	166	3.49349
108	184	4.09005
108	228	6.47767
108	287	8.12167
108	290	7.68902
108	291	8.17124
108	292	8.40193
108	293	8.2923
108	295	7.88928
109	68	3.8971
109	106	4.61746
109	126	5.13083
109	159	3.38882
109	191	3.79643
109	193	3.93508
109	226	5.03941
109	258	6.34465
109	265	6.31168
109	267	8.98897
109	271	7.29935
109	273	6.66026
109	276	6.00269
109	280	7.50284
109	294	7.64074
110	60	3.05745
110	65	2.46648
110	68	3.72166
110	123	3.96226
110	125	3.6581
110	137	3.91051
110	139	3.70927
110	185	5.27786
110	186	6.24784
110	231	5.57112
110	274	7.5355
110	276	6.71385
110	282	7.55108
110	283	7.74788
110	284	7.60135
111	9	3.612
111	42	4.05924
111	95	3.49658
111	105	3.37085
111	120	4.64204
111	147	4.59164
111	182	4.15708
111	196	4.32342
111	198	4.53356
111	250	5.98386
111	259	6.13065
111	275	6.5751
111	279	7.07248
111	291	7.95539
111	299	10.3994
112	43	3.05875
112	82	3.07564
112	93	4.55354
112	145	4.57041
112	157	3.36927
112	199	4.12495
112	225	5.04328
112	250	5.94353
112	252	6.01914
112	255	6.28798
112	265	6.29854
112	272	6.444
112	278	7.39627
112	281	8.12446
112	283	7.02358
113	23	3.03542
113	28	3.13609
113	83	3.83336
113	95	4.78665
113	114	3.68156
113	134	3.42272
113	139	3.5727
113	193	4.50968
113	215	4.89378
113	221	4.46216
113	230	8.12658
113	258	6.91924
113	282	7.93304
113	283	8.69874
113	292	8.82465
114	1	3.09738
114	63	3.73529
114	99	2.86283
114	113	4.79958
114	132	4.21185
114	146	4.34775
114	151	3.48001
114	181	3.98845
114	197	5.16106
114	214	5.12947
114	244	5.45445
114	276	6.51027
114	283	6.30947
114	284	7.88842
114	297	9.33922
115	49	2.50123
115	52	4.5931
115	69	3.41359
115	76	4.10582
115	165	4.25916
115	168	5.15299
115	203	4.38509
115	208	4.95459
115	228	3.97903
115	249	6.75128
115	277	5.94184
115	278	6.24875
115	284	7.88681
115	289	7.42114
115	294	8.63736
116	10	3.76291
116	25	3.01246
116	122	4.35753
116	166	4.98802
116	167	4.00656
116	179	2.42303
116	185	4.33707
116	254	7.19585
116	257	5.96891
116	264	7.57516
116	273	6.91953
116	282	6.61029
116	284	7.4439
116	290	8.09085
116	294	8.19445
117	44	3.49934
117	91	2.23292
117	113	3.88854
117	116	3.82402
117	188	4.61698
117	192	4.69669
117	200	5.72529
117	205	4.59251
117	260	6.64482
117	269	7.2398
117	272	6.84187
117	277	7.98699
117	280	7.52173
117	286	7.9681
117	297	8.278
118	20	4.5241
118	102	2.38534
118	122	4.29668
118	124	4.53535
118	191	4.28929
118	203	4.70487
118	210	5.21045
118	259	6.68748
118	264	7.51431
118	273	7.15312
118	275	7.13192
118	277	6.26161
118	278	6.56852
118	284	7.38305
118	289	7.74091
119	37	3.26458
119	87	4.09962
119	94	5.19784
119	109	4.51806
119	130	4.12562
119	146	4.38797
119	157	5.05652
119	177	4.04967
119	189	4.9785
119	241	6.46222
119	249	5.04558
119	261	7.78373
119	267	7.17227
119	271	5.48265
119	289	8.59185
120	55	3.69861
120	90	3.36203
120	92	4.60592
120	106	1.90753
120	107	4.43751
120	146	4.69493
120	157	4.72782
120	182	5.56645
120	186	2.4617
120	192	5.65737
120	211	5.55392
120	271	7.75846
120	279	6.4921
120	286	7.51637
120	292	7.11639
121	3	2.75411
121	150	3.50425
121	157	3.34165
121	159	3.34806
121	234	5.69132
121	252	6.26622
121	254	6.60139
121	257	5.65978
121	264	6.54873
121	267	6.61629
121	272	7.50075
121	282	7.31768
121	285	7.40031
121	286	7.54261
121	300	8.34738
122	21	1.42073
122	54	2.47201
122	62	2.33703
122	123	4.89373
122	155	3.87252
122	156	3.23465
122	159	4.09062
122	188	4.93405
122	203	5.22845
122	234	6.8928
122	236	5.79964
122	248	7.21811
122	290	8.23894
122	292	8.95186
122	296	9.35406
123	2	2.35375
123	65	1.90966
123	99	2.83373
123	110	4.13818
123	116	2.63292
123	147	5.62474
123	189	4.9092
123	196	3.8092
123	236	6.06697
123	265	7.56449
123	269	8.0968
123	276	6.97184
123	282	6.99426
123	290	8.50628
123	291	8.9885
124	3	3.40714
124	32	5.54468
124	63	3.59232
124	74	3.79613
124	112	3.32718
124	121	3.39016
124	130	3.94244
124	143	3.55602
124	160	5.12521
124	175	4.25534
124	195	4.93508
124	213	8.16157
124	226	5.89468
124	291	8.87462
124	299	8.63341
125	44	2.65295
125	117	3.37466
125	122	3.99893
125	133	5.15571
125	163	4.00397
125	190	5.12964
125	211	4.13568
125	239	6.36695
125	253	5.93014
125	267	6.85216
125	279	7.33156
125	288	7.7622
125	294	7.83585
125	296	8.84736
125	299	9.32391
126	51	1.6262
126	119	2.6319
126	167	3.49966
126	209	7.39282
126	214	4.37541
126	228	6.3726
126	236	5.14465
126	249	5.95382
126	251	5.67591
126	267	8.08051
126	287	6.9186
126	288	7.6139
126	291	8.06617
126	292	8.29687
126	294	7.68756
127	112	5.73117
127	125	4.00967
127	157	3.60551
127	165	3.48564
127	174	4.6359
127	177	7.54365
127	184	4.16127
127	209	4.62501
127	234	5.95518
127	240	5.14179
127	268	7.60109
127	276	6.2258
127	280	7.72595
127	282	7.58154
127	295	7.9605
128	32	3.20868
128	38	4.10748
128	54	4.65567
128	94	2.85026
128	124	4.71858
128	143	3.37686
128	235	4.45094
128	247	6.35457
128	261	6.53255
128	282	8.03454
128	284	7.56629
128	288	7.09551
128	293	7.59272
128	298	8.43861
128	300	9.06423
129	11	2.45842
129	19	2.81893
129	103	3.13332
129	171	4.16463
129	206	5.12995
129	235	5.72051
129	238	5.66596
129	256	5.78688
129	280	7.5067
129	283	7.04058
129	286	7.58722
129	293	8.86228
129	295	7.74126
129	296	8.65611
129	299	7.782
130	20	4.32245
130	57	2.68228
130	79	4.32011
130	110	3.98241
130	121	4.7533
130	125	3.23815
130	161	3.79649
130	175	3.69129
130	222	6.97701
130	264	6.92365
130	272	7.87567
130	281	8.42881
130	287	7.16299
130	289	7.84461
130	292	8.54126
131	59	2.31063
131	72	3.49635
131	96	3.20053
131	100	4.04084
131	111	5.52838
131	153	3.46496
131	163	4.43493
131	233	5.69046
131	256	6.37384
131	283	7.66279
131	287	8.00037
131	292	8.87612
131	295	8.36347
131	297	8.96705
131	299	8.66464
132	97	2.94533
132	105	3.79551
132	134	3.20881
132	160	5.15069
132	168	2.71862
132	229	4.93959
132	233	5.42508
132	242	5.952
132	262	7.09298
132	266	7.39316
132	277	7.96295
132	290	7.89783
132	291	8.41897
132	295	8.08656
132	300	8.74883
133	49	3.26135
133	57	2.52258
133	75	3.62317
133	84	4.77736
133	111	7.13623
133	126	2.8157
133	197	4.29433
133	221	6.95063
133	235	6.27458
133	243	5.49502
133	267	6.78856
133	268	7.5095
133	294	7.77225
133	295	7.86891
133	296	8.78376
134	26	3.46795
134	54	4.13542
134	59	4.09846
134	88	1.02663
134	167	3.6087
134	196	4.54324
134	240	5.76021
134	242	5.74716
134	251	6.72368
134	253	5.89088
134	260	6.41594
134	274	6.9802
134	275	6.79492
134	293	8.29627
134	300	8.54399
135	17	3.51591
135	24	2.5191
135	27	3.38715
135	40	3.99505
135	63	3.14766
135	146	5.79754
135	147	5.0662
135	173	3.63124
135	221	4.29816
135	255	6.71172
135	256	6.19363
135	258	6.75525
135	273	7.07086
135	294	9.23547
135	297	8.75158
136	89	2.00763
136	153	3.70358
136	174	4.5364
136	188	4.35584
136	210	6.1035
136	229	7.19433
136	249	5.87826
136	252	6.15587
136	259	6.31821
136	260	7.51627
136	262	6.96039
136	265	6.43528
136	267	6.78065
136	268	7.50159
136	285	7.56467
137	95	3.85986
137	103	4.26137
137	142	3.45048
137	158	3.29042
137	206	5.42541
137	217	4.85534
137	225	4.81155
137	235	6.44238
137	240	5.43504
137	245	6.5761
137	253	6.03434
137	257	5.99985
137	259	6.49393
137	290	7.83645
137	298	10.1314
138	56	3.71334
138	122	6.09156
138	128	3.96933
138	133	3.04914
138	185	4.30198
138	206	5.05284
138	233	5.30235
138	239	6.40981
138	249	5.99263
138	262	7.07476
138	269	7.36562
138	270	7.32746
138	274	7.67272
138	290	7.77511
138	297	8.57895
139	64	3.29232
139	138	3.27327
139	145	3.18912
139	195	4.26037
139	214	4.50914
139	221	5.65588
139	230	5.25796
139	259	6.37516
139	261	6.92582
139	265	6.49223
139	280	7.68339
139	284	7.07074
139	285	7.62161
139	287	8.31347
139	298	8.98181
140	25	3.16225
140	45	2.52064
140	74	3.24401
140	167	4.94807
140	175	4.10358
140	192	5.01546
140	197	4.96727
140	205	4.91127
140	218	6.01935
140	241	6.00913
140	254	7.34564
140	271	7.11655
140	285	8.14457
140	291	8.72285
140	294	8.381
141	52	3.69199
141	78	2.67314
141	99	4.53366
141	108	3.2214
141	135	3.33624
141	154	3.80381
141	202	6.22107
141	219	5.61938
141	222	6.78131
141	268	7.4735
141	281	8.23311
141	283	7.13223
141	286	7.67888
141	294	7.73625
141	299	9.98795
142	23	5.62495
142	36	4.34129
142	38	3.74054
142	94	4.46855
142	188	4.5414
142	199	4.44724
142	203	4.83581
142	210	5.02675
142	234	6.04124
142	244	5.57886
142	247	5.98763
142	266	7.34163
142	271	6.72221
142	290	7.4431
142	294	9.47495
143	32	2.54339
143	74	2.95167
143	147	4.6664
143	159	6.83354
143	187	5.95135
143	205	4.21857
143	227	5.10523
143	228	6.33659
143	248	6.47433
143	273	7.54905
143	280	7.51365
143	282	7.23981
143	293	8.15122
143	295	7.7482
143	300	8.39894
144	3	3.23068
144	17	3.54112
144	87	3.49699
144	90	2.45244
144	108	4.53911
144	139	4.97276
144	142	3.58698
144	189	4.37587
144	199	4.5739
144	208	4.39379
144	221	7.98379
144	264	7.45726
144	268	7.8138
144	282	7.79426
144	293	8.57623
145	53	4.9755
145	67	3.25662
145	84	3.79599
145	100	3.82001
145	109	2.99603
145	157	3.78766
145	181	3.39546
145	202	5.52425
145	247	6.08371
145	276	6.40794
145	282	7.76369
145	286	7.98862
145	292	8.6553
145	298	9.2952
145	299	9.29113
146	29	3.0374
146	55	2.55729
146	92	3.69451
146	106	5.05146
146	134	3.28212
146	155	6.86648
146	186	5.97068
146	187	6.37454
146	214	4.76259
146	217	4.99003
146	234	6.16608
146	242	6.94781
146	246	5.34926
146	265	6.74568
146	270	6.86861
147	90	3.24409
147	136	4.12289
147	177	4.23868
147	195	5.30728
147	205	5.43523
147	215	5.54664
147	222	1.49097
147	237	6.34694
147	253	5.4016
147	255	5.72177
147	270	7.66208
147	280	6.67216
147	281	5.57544
147	295	8.96486
147	297	7.42843
148	43	2.31649
148	104	3.04793
148	179	3.96923
148	211	4.33573
148	213	4.77829
148	217	4.68325
148	232	5.20658
148	237	5.2467
148	257	7.51511
148	259	6.32183
148	266	7.15969
148	272	6.58436
148	273	8.46573
148	280	7.63006
148	297	8.4682
149	44	3.67515
149	55	2.08913
149	136	3.45598
149	140	3.80588
149	142	5.89815
149	158	3.49948
149	182	4.78159
149	210	5.27814
149	235	6.70361
149	254	7.20269
149	263	7.77476
149	277	8.1628
149	278	7.96996
149	290	6.51738
149	298	8.32305
150	14	3.69452
150	18	3.43073
150	52	3.33591
150	76	2.65412
150	111	3.56138
150	130	4.33866
150	171	5.75462
150	219	6.91025
150	221	5.27393
150	225	6.43114
150	232	6.46573
150	241	6.81015
150	252	5.59905
150	264	5.88156
150	272	6.83358
151	106	4.55401
151	111	2.11155
151	123	4.12847
151	125	2.88348
151	146	6.04671
151	155	7.33374
151	174	4.34935
151	235	6.07961
151	245	6.21333
151	280	7.43939
151	284	6.82673
151	290	7.4528
151	292	8.1866
151	299	7.71469
151	300	8.32468
152	5	3.87066
152	90	2.67691
152	94	4.81968
152	177	3.67151
152	190	4.73586
152	194	6.28779
152	208	4.61826
152	216	3.90559
152	233	3.70647
152	242	5.81522
152	287	7.53207
152	290	5.85295
152	291	8.67964
152	294	7.88479
152	296	9.31254
153	64	5.83529
153	75	2.83368
153	149	3.74401
153	210	5.40586
153	218	5.40625
153	220	5.19791
153	229	6.49669
153	255	6.39152
153	260	6.81863
153	266	7.12287
153	274	6.91475
153	277	7.69265
153	283	7.12712
153	289	7.64381
153	292	8.34045
154	61	3.61982
154	72	3.44987
154	145	3.96678
154	162	1.94468
154	207	5.2115
154	237	5.69908
154	242	6.1709
154	254	7.22174
154	266	6.84085
154	268	7.95758
154	284	7.50016
154	285	8.02066
154	293	8.72001
154	299	8.35774
154	300	8.55072
155	13	3.19406
155	34	2.31598
155	85	5.96199
155	127	3.34453
155	131	4.01027
155	150	5.34185
155	168	4.52469
155	200	5.70888
155	207	5.68968
155	211	4.57684
155	234	6.10041
155	248	6.83186
155	251	5.99743
155	293	8.50875
155	294	9.3206
156	118	4.38011
156	122	4.35713
156	162	6.0596
156	177	4.0494
156	186	6.57486
156	189	3.97718
156	223	4.65065
156	228	7.36397
156	234	4.87722
156	247	6.71665
156	261	7.78346
156	270	5.59303
156	274	5.9383
156	275	6.69592
156	283	8.07491
157	41	3.36257
157	57	6.31666
157	74	3.28414
157	172	4.6749
157	190	4.41885
157	206	5.46937
157	229	4.92217
157	252	6.37555
157	254	6.98541
157	264	7.36472
157	267	8.97364
157	271	7.28402
157	274	7.16762
157	276	6.34597
157	298	8.10578
158	40	2.4388
158	64	3.20396
158	190	4.49697
158	209	4.49409
158	231	4.28776
158	267	6.74923
158	271	6.50523
158	273	6.75244
158	278	7.50159
158	287	8.02696
158	288	7.65926
158	292	8.34223
158	293	8.2326
158	296	8.74443
158	298	8.6953
159	23	2.80379
159	104	3.26367
159	116	4.38458
159	149	3.99658
159	174	5.46143
159	176	3.45353
159	196	5.56086
159	217	4.899
159	237	5.46245
159	257	8.10454
159	276	6.34566
159	284	7.23315
159	288	7.91005
159	295	8.08037
159	299	8.12111
160	35	4.51723
160	83	5.26389
160	93	3.47194
160	114	5.18267
160	126	3.80785
160	134	3.97177
160	137	4.323
160	145	4.51084
160	164	4.67797
160	192	5.43561
160	215	5.36734
160	224	7.02505
160	245	7.40044
160	251	6.75275
160	276	7.12635
161	29	5.58186
161	64	3.51817
161	117	3.58593
161	139	4.91732
161	158	4.41332
161	170	4.24189
161	204	6.03023
161	223	4.01886
161	228	6.73218
161	237	5.52587
161	245	6.68318
161	247	6.08486
161	257	6.10693
161	296	9.05864
161	300	8.79453
162	6	4.6158
162	38	4.84409
162	59	4.08677
162	82	1.3826
162	174	5.82551
162	176	4.22764
162	183	5.56945
162	192	4.33322
162	198	6.01023
162	239	3.88654
162	266	6.54219
162	274	8.23705
162	284	7.2015
162	285	8.85378
162	300	8.25205
163	13	3.41412
163	128	4.31975
163	154	4.29669
163	160	4.02609
163	213	7.06244
163	219	5.08126
163	227	6.33161
163	236	6.63024
163	247	5.15206
163	255	6.8895
163	256	6.37141
163	273	7.24865
163	275	7.22745
163	299	8.36653
163	300	8.97652
164	37	2.4394
164	141	3.05907
164	145	3.60046
164	163	3.0311
164	176	3.32384
164	181	7.93762
164	187	6.15382
164	246	5.84675
164	247	5.90354
164	269	7.34093
164	280	7.71612
164	283	7.25
164	294	7.85401
164	296	8.86553
164	298	7.97578
165	66	1.88469
165	160	5.07032
165	162	5.30173
165	170	4.11582
165	174	4.69312
165	198	5.57228
165	205	5.67252
165	248	6.74385
165	260	6.54041
165	262	7.44916
165	287	7.1521
165	295	8.44274
165	297	8.6213
165	298	8.04283
165	300	8.66845
166	22	3.2415
166	23	3.39669
166	28	3.49736
166	45	3.09324
166	121	3.47076
166	152	4.73101
166	204	4.29859
166	225	4.20283
166	231	5.1151
166	232	6.01522
166	270	7.37048
166	275	7.57492
166	280	8.43871
166	297	9.27684
166	299	9.51858
167	50	3.25409
167	64	3.49761
167	150	5.35936
167	151	6.53679
167	161	3.89111
167	163	4.19469
167	169	3.85378
167	199	4.52392
167	248	6.84937
167	270	6.82045
167	277	7.98809
167	282	7.74428
167	290	7.06079
167	294	9.09263
167	298	8.14834
168	17	2.35883
168	30	3.57339
168	178	5.21634
168	188	5.01369
168	215	5.10063
168	224	5.73755
168	226	5.82086
168	237	4.82576
168	239	6.95329
168	240	6.13695
168	262	6.97844
168	271	7.1945
168	289	8.33485
168	291	8.30444
168	295	7.97203
169	63	3.12846
169	109	2.98218
169	132	4.18212
169	140	4.28002
169	170	4.2269
169	205	6.69944
169	212	5.32231
169	233	5.45578
169	237	6.3234
169	248	6.85493
169	252	6.42367
169	256	6.17442
169	280	7.89424
169	287	7.26318
169	291	9.80207
170	127	3.57635
170	151	3.08193
170	154	2.88917
170	176	5.479
170	205	4.80792
170	212	5.53107
170	219	6.12402
170	239	5.13789
170	252	6.63242
170	268	7.97814
170	273	7.26041
170	276	6.60284
170	284	8.45285
170	296	9.2524
170	300	9.50341
171	76	4.06316
171	91	6.30821
171	96	2.50876
171	129	4.7894
171	149	4.60757
171	158	3.89289
171	175	4.35404
171	232	5.2244
171	235	4.41201
171	247	6.63243
171	260	7.21405
171	262	7.79076
171	268	6.56412
171	293	7.55378
171	298	8.71647
172	4	1.80637
172	7	3.83203
172	12	4.04582
172	61	3.92262
172	136	5.0941
172	153	3.88116
172	156	5.42021
172	181	3.87261
172	182	4.678
172	199	5.02048
172	241	6.30617
172	260	7.69386
172	267	7.53945
172	277	8.48465
172	288	8.44948
173	8	2.51143
173	94	4.44147
173	131	3.92403
173	179	5.7398
173	181	7.90276
173	202	4.1265
173	213	7.77907
173	214	4.61067
173	221	4.16964
173	247	5.86868
173	250	6.05129
173	285	7.72315
173	290	7.81922
173	297	8.62306
173	300	8.67022
174	70	4.33549
174	72	3.73231
174	82	3.9508
174	83	4.12079
174	146	4.21155
174	179	2.86329
174	185	4.77733
174	227	4.91597
174	242	6.45333
174	250	6.63124
174	265	7.62078
174	282	7.05055
174	289	8.41543
174	293	9.00244
174	297	9.20301
175	27	3.47479
175	28	4.10446
175	54	4.29082
175	166	4.74556
175	187	6.25179
175	192	4.62321
175	252	6.34352
175	258	6.79864
175	268	7.68924
175	277	6.95472
175	278	7.26163
175	281	8.44885
175	288	7.87833
175	293	8.45166
175	295	8.04865
176	33	3.41675
176	147	4.83092
176	170	4.99654
176	201	5.75825
176	216	5.42562
176	239	5.45869
176	243	5.53883
176	261	6.92059
176	264	7.19676
176	265	6.487
176	280	7.67816
176	284	8.77365
176	290	7.71245
176	291	8.19467
176	296	8.82757
177	104	5.08173
177	109	2.66283
177	158	4.33486
177	167	3.5249
177	190	6.97748
177	235	6.21512
177	237	5.19153
177	238	5.73415
177	250	6.75625
177	262	6.90884
177	270	6.50667
177	273	6.73231
177	278	7.48146
177	282	7.43049
177	290	7.60919
178	50	3.87353
178	53	0.767374
178	103	4.87996
178	160	5.7079
178	195	4.99773
178	216	6.16821
178	241	6.34168
178	249	6.67257
178	255	6.03446
178	280	6.98486
178	281	5.88813
178	284	7.8081
178	293	9.05832
178	296	8.18132
178	297	7.74113
179	43	0.52165
179	60	1.86802
179	101	4.3654
179	110	3.50558
179	116	2.00031
179	159	5.95538
179	178	6.01425
179	185	4.08843
179	201	5.51981
179	247	7.25783
179	261	8.32464
179	264	8.60081
179	265	6.93189
179	271	7.99242
179	273	6.67089
180	42	5.11678
180	74	3.93445
180	80	4.35039
180	82	2.48472
180	86	1.76196
180	92	4.25409
180	175	4.39366
180	187	6.93413
180	250	6.7628
180	251	6.62268
180	266	7.64431
180	270	7.4282
180	284	8.30362
180	288	8.56067
180	300	9.35417
181	83	6.74729
181	86	4.45306
181	107	3.21924
181	129	2.7227
181	157	3.50955
181	162	5.14855
181	210	4.84473
181	215	6.85074
181	242	5.71844
181	246	7.57222
181	260	6.38723
181	279	7.26359
181	280	7.62998
181	294	7.76788
181	298	7.88965
182	18	2.80088
182	24	2.76938
182	90	5.09995
182	98	3.73293
182	137	3.95587
182	172	5.00892
182	191	4.55295
182	205	4.96429
182	210	5.74964
182	259	6.95113
182	260	7.16241
182	264	7.77797
182	277	8.35877
182	291	8.77588
182	293	8.89694
183	15	3.30792
183	39	2.59238
183	91	6.08118
183	119	4.9418
183	195	5.97744
183	205	4.93471
183	224	5.68304
183	243	6.09045
183	244	6.03148
183	249	6.4816
183	261	7.47222
183	263	7.06026
183	276	7.0873
183	283	6.8865
183	284	7.61713
184	49	3.51027
184	116	3.98555
184	124	4.58875
184	194	2.41901
184	228	4.98807
184	245	6.82305
184	247	6.22473
184	259	6.74088
184	263	6.87959
184	277	6.95087
184	279	7.68271
184	289	8.43017
184	293	8.68668
184	296	9.19852
184	300	8.9344
185	87	3.68204
185	168	4.77723
185	193	4.55596
185	196	4.33657
185	213	5.27194
185	214	4.94946
185	219	6.14474
185	227	5.38705
185	250	6.39008
185	257	6.88025
185	259	6.81548
185	267	7.27792
185	273	7.83087
185	281	8.75847
185	293	8.76129
186	59	4.08047
186	70	1.34964
186	134	4.25453
186	135	4.64714
186	150	6.37993
186	164	4.51812
186	212	4.57651
186	232	6.48577
186	245	7.6832
186	254	6.0619
186	272	7.86355
186	279	6.26157
186	285	8.84748
186	286	7.28584
186	292	6.88586
187	91	0.998295
187	99	3.72076
187	145	5.24335
187	164	4.96788
187	208	5.81414
187	226	3.19138
187	231	6.71613
187	238	3.83104
187	253	5.01654
187	269	6.00517
187	280	6.28711
187	286	9.43954
187	291	9.87552
187	296	7.48356
187	297	7.04337
188	35	4.09566
188	99	4.09823
188	125	3.72813
188	144	7.64237
188	167	4.15494
188	180	5.36236
188	185	4.7661
188	214	5.03068
188	225	4.23676
188	243	6.0656
188	254	7.34423
188	266	7.73456
188	267	7.35914
188	298	9.55659
188	300	9.09022
189	91	5.91648
189	120	5.26824
189	173	3.78288
189	197	4.72506
189	206	4.75755
189	208	6.0318
189	224	5.51834
189	231	5.4222
189	243	5.68355
189	244	5.83194
189	262	7.39903
189	266	7.5947
189	274	7.37744
189	283	7.59896
189	298	8.32474
190	29	4.27795
190	36	4.66647
190	108	3.17975
190	138	3.72706
190	164	3.74605
190	171	5.00259
190	201	4.57478
190	211	4.75806
190	247	6.31281
190	250	5.5308
190	259	6.82895
190	262	7.47113
190	280	8.13718
190	294	8.27508
190	300	9.02247
191	7	3.43336
191	19	3.2988
191	95	3.64975
191	183	3.5419
191	214	6.38184
191	234	6.2158
191	237	5.60321
191	243	5.84724
191	267	7.14077
191	277	8.08598
191	283	7.56184
191	284	7.37391
191	285	7.92479
191	289	8.03713
191	291	8.50308
192	16	2.52105
192	36	1.6394
192	109	3.32419
192	142	3.88458
192	176	5.8422
192	200	6.07396
192	202	4.57783
192	207	6.5274
192	221	4.62097
192	243	6.09692
192	245	7.01019
192	254	7.37555
192	291	8.75276
192	295	8.47081
192	300	9.86662
193	125	3.49157
193	128	3.23932
193	163	4.35348
193	207	5.86597
193	216	5.79493
193	220	5.98298
193	227	6.28785
193	232	5.83624
193	237	5.66411
193	268	7.17596
193	269	7.67228
193	278	7.95404
193	281	8.68223
193	287	7.41641
193	288	7.66841
194	6	4.72493
194	12	4.68525
194	28	2.97935
194	102	1.95333
194	114	5.58085
194	138	4.61456
194	228	3.8668
194	246	6.4371
194	258	5.67352
194	266	8.5543
194	272	7.97897
194	277	5.8296
194	278	6.13651
194	289	7.3089
194	295	9.25923
195	58	4.49595
195	61	3.66945
195	68	3.63973
195	98	3.60564
195	100	5.13555
195	114	3.43756
195	137	3.82857
195	152	4.42437
195	193	4.56431
195	239	6.80107
195	260	6.88932
195	273	7.28949
195	283	8.45474
195	292	8.87928
195	299	8.40737
196	65	1.99452
196	123	3.4903
196	128	4.50566
196	148	5.52905
196	151	3.25607
196	193	4.70938
196	209	5.1762
196	211	4.9828
196	257	6.43774
196	275	7.41335
196	279	7.91074
196	280	8.27714
196	282	7.07912
196	291	8.79365
196	296	9.42655
197	18	5.43195
197	89	4.02647
197	176	3.77596
197	191	4.46182
197	199	4.80348
197	206	5.79149
197	209	5.0673
197	229	5.24429
197	238	6.3275
197	241	6.57216
197	246	5.58066
197	249	6.42006
197	255	6.96651
197	275	7.30446
197	294	8.94403
198	66	2.61371
198	73	3.20845
198	116	4.33986
198	117	4.08012
198	136	3.79601
198	165	4.63165
198	200	6.24113
198	237	6.02551
198	238	6.56268
198	243	6.26409
198	245	7.17736
198	251	6.52967
198	259	7.09519
198	262	8.17819
198	270	7.33519
199	35	3.98432
199	97	3.33459
199	130	3.67792
199	163	4.3996
199	201	4.53119
199	235	6.73381
199	244	5.86045
199	262	7.48224
199	265	6.90243
199	270	7.02536
199	282	7.94919
199	289	8.14415
199	291	8.80824
199	295	8.47582
199	296	9.243
200	11	3.65599
200	33	2.66022
200	37	3.42756
200	50	4.15705
200	130	5.42158
200	150	3.92
200	166	5.63574
200	169	4.66937
200	175	4.60151
200	181	4.19164
200	189	5.14148
200	248	7.66496
200	264	6.96448
200	272	7.9165
200	299	8.97957
201	15	4.10497
201	54	4.47671
201	71	3.45643
201	82	2.84086
201	144	3.82123
201	181	3.48735
201	196	4.88452
201	207	6.3711
201	243	5.86065
201	261	7.24241
201	266	8.00045
201	294	8.13788
201	297	8.83812
201	298	8.25964
201	300	9.71031
202	11	2.92669
202	104	3.98675
202	118	3.81405
202	137	5.74901
202	139	3.74387
202	186	6.0088
202	225	4.76102
202	238	6.13423
202	244	5.74183
202	248	6.93566
202	265	6.78381
202	268	7.85011
202	283	7.50885
202	286	8.0555
202	292	8.72218
203	30	3.58852
203	38	1.72771
203	58	3.7657
203	82	3.88535
203	183	4.95332
203	184	4.78571
203	221	4.68414
203	225	5.84135
203	262	7.63337
203	270	7.23119
203	276	6.79927
203	278	7.73609
203	287	7.66835
203	289	8.90848
203	299	8.57472
204	41	4.68311
204	44	2.73292
204	53	5.5587
204	81	3.32005
204	94	5.14784
204	121	3.52335
204	166	4.11143
204	168	5.14481
204	218	5.48679
204	240	4.71162
204	265	7.30013
204	272	7.44558
204	275	7.62751
204	287	8.73961
204	293	9.12886
205	7	3.58043
205	25	3.08955
205	80	2.58207
205	95	4.19134
205	150	5.60432
205	171	4.99905
205	199	4.97923
205	219	6.15467
205	226	5.67022
205	242	6.2221
205	244	5.9005
205	245	6.90759
205	289	8.18421
205	291	9.5103
205	295	9.17788
206	14	3.43851
206	15	4.7382
206	22	3.4911
206	102	5.43836
206	156	2.21788
206	183	5.28711
206	197	5.29319
206	208	5.59147
206	217	5.68639
206	224	6.08646
206	234	5.87603
206	243	5.24323
206	275	7.69473
206	277	8.73261
206	295	8.86776
207	9	4.79528
207	13	3.94505
207	20	5.15056
207	36	1.76984
207	42	5.24252
207	96	3.69378
207	102	5.42731
207	146	4.46884
207	153	3.95821
207	180	5.03583
207	210	5.83691
207	239	5.63155
207	241	6.54309
207	261	7.8646
207	300	9.99706
208	48	3.01967
208	100	3.86755
208	161	3.95806
208	175	3.85286
208	186	5.98946
208	189	5.64079
208	199	4.59086
208	234	6.54083
208	254	7.09493
208	265	6.76446
208	274	7.60192
208	275	8.35954
208	293	8.5932
208	298	8.21529
208	300	8.84092
209	3	3.53505
209	20	4.2405
209	38	4.17157
209	68	4.04037
209	105	4.175
209	138	3.83291
209	172	5.07182
209	194	6.36769
209	204	5.66325
209	211	4.9487
209	247	6.41865
209	252	6.77246
209	271	7.44262
209	287	7.61197
209	294	8.38093
210	4	1.75598
210	10	4.04121
210	30	3.62395
210	64	6.80571
210	90	5.72659
210	139	3.83012
210	172	5.63556
210	182	4.7732
210	212	5.76293
210	215	5.15119
210	220	5.93952
210	259	7.02662
210	275	7.47107
210	284	7.7222
210	300	9.22014
211	24	2.63012
211	107	3.61373
211	111	6.21451
211	144	7.44062
211	188	4.33811
211	197	4.68446
211	242	6.11293
211	246	5.4369
211	273	7.18189
211	281	8.65923
211	286	8.105
211	287	8.6865
211	291	8.54099
211	293	8.66205
211	296	9.17388
212	26	4.43121
212	77	2.66107
212	106	2.75465
212	115	4.8829
212	149	4.52354
212	208	4.8279
212	210	5.58752
212	224	5.82602
212	261	7.6152
212	273	7.53019
212	278	8.27934
212	279	7.33922
212	284	7.76012
212	286	8.3635
212	292	7.96352
213	14	3.55773
213	62	2.43347
213	82	3.88702
213	89	2.68227
213	129	3.3938
213	163	4.213
213	169	4.26619
213	184	4.73641
213	219	7.01464
213	221	4.6858
213	240	6.15375
213	272	7.25538
213	275	7.43731
213	287	7.67002
213	296	9.4505
214	34	3.2674
214	55	2.9492
214	58	4.12669
214	59	3.27006
214	124	4.63849
214	229	5.1749
214	244	7.23045
214	255	6.89712
214	258	6.94065
214	265	6.90769
214	276	8.28627
214	278	8.00542
214	280	8.09885
214	285	8.03707
214	286	8.17938
215	19	3.76699
215	45	2.40088
215	60	3.56319
215	91	5.93798
215	130	3.67092
215	131	4.22569
215	213	7.91298
215	219	5.9318
215	223	7.72235
215	227	6.32696
215	258	6.92839
215	264	7.60519
215	289	8.13715
215	296	9.23599
215	299	8.36189
216	7	5.09162
216	18	4.97034
216	21	4.70183
216	67	3.88163
216	69	6.14808
216	75	3.77353
216	102	5.33825
216	108	3.82661
216	194	6.65775
216	224	5.98635
216	238	6.69236
216	241	6.11055
216	275	7.66932
216	294	8.48241
216	299	8.8084
217	47	4.80235
217	160	5.48615
217	165	3.95869
217	177	3.70737
217	216	5.94646
217	235	4.99166
217	249	6.45081
217	255	6.99727
217	259	5.82476
217	268	7.14377
217	279	7.8326
217	288	7.63622
217	289	8.24956
217	294	8.33689
217	298	8.45866
218	22	3.3574
218	26	2.93773
218	50	4.00739
218	63	5.97524
218	79	2.62881
218	99	4.46797
218	141	5.35372
218	152	4.84691
218	200	6.39232
218	201	4.99221
218	216	6.30207
218	253	6.78679
218	261	7.79705
218	285	8.49284
218	299	9.92226
219	1	3.18534
219	5	3.68991
219	30	5.55583
219	35	4.47976
219	87	4.18659
219	118	4.42812
219	127	4.06239
219	146	4.43571
219	167	4.53904
219	215	5.49052
219	217	5.64222
219	218	6.40204
219	236	7.74698
219	271	7.49924
219	288	8.65327
220	9	2.86698
220	21	4.56065
220	85	3.56654
220	97	4.25798
220	105	3.46283
220	191	4.6855
220	216	6.13937
220	217	5.29521
220	240	6.24458
220	244	6.15877
220	260	7.14916
220	265	7.20075
220	274	7.71342
220	285	8.6313
220	288	8.12616
221	43	3.44487
221	105	3.8078
221	122	4.1768
221	130	3.46016
221	141	5.46397
221	187	6.31353
221	206	5.49908
221	243	5.7365
221	256	7.7417
221	269	7.50064
221	290	7.91012
221	292	8.62304
221	293	8.5134
221	298	10.0366
221	300	8.76112
222	82	4.92184
222	91	1.35981
222	133	4.64424
222	179	7.29079
222	218	7.14891
222	226	3.5529
222	238	4.19256
222	242	7.42437
222	251	7.46216
222	257	7.5336
222	269	6.36669
222	280	6.64862
222	281	5.5519
222	296	7.84508
222	297	7.40489
223	120	5.08953
223	129	2.97909
223	163	3.68787
223	180	5.0438
223	212	5.31445
223	217	4.93956
223	224	7.43974
223	230	5.46094
223	245	6.66032
223	264	7.40498
223	279	7.51998
223	282	7.74197
223	288	7.95061
223	292	8.63358
223	298	8.14604
224	17	3.93305
224	66	4.6895
224	95	4.38829
224	101	5.42762
224	102	5.13574
224	115	4.84072
224	124	5.55573
224	139	3.82586
224	173	5.22312
224	187	6.76829
224	215	5.92202
224	238	6.48985
224	240	6.18326
224	243	6.19126
224	295	8.56515
225	37	2.13561
225	47	3.2691
225	50	3.83912
225	120	5.58949
225	143	3.58425
225	175	4.28357
225	214	5.21208
225	231	4.78671
225	253	6.61851
225	287	8.52592
225	292	9.13354
225	294	8.52423
225	298	9.19426
225	299	9.19019
225	300	9.27162
226	43	3.93408
226	67	3.71358
226	187	2.0362
226	201	4.80264
226	241	6.28597
226	251	6.49129
226	253	6.62797
226	255	6.94814
226	262	7.69899
226	264	7.88364
226	272	7.31934
226	276	6.86489
226	281	6.80182
226	296	9.095
226	299	8.64034
227	47	3.50904
227	49	4.25327
227	98	5.64022
227	114	5.18245
227	143	4.17915
227	155	4.29414
227	196	4.14282
227	200	6.46398
227	216	6.37373
227	226	6.16285
227	238	6.78553
227	251	6.75253
227	265	7.89811
227	273	7.63711
227	283	8.16015
228	15	5.0212
228	27	3.48457
228	80	4.77016
228	118	2.73101
228	144	4.73746
228	192	5.72532
228	194	2.43263
228	196	5.80074
228	218	6.72921
228	220	6.52087
228	240	6.76887
228	246	6.32863
228	258	6.80841
228	278	7.2714
228	289	8.44379
229	14	2.96437
229	24	3.56648
229	28	3.21772
229	90	5.89705
229	142	3.80739
229	177	3.66744
229	185	4.72023
229	212	5.58714
229	235	6.79929
229	260	7.95951
229	267	7.31327
229	277	8.25847
229	281	8.79382
229	288	8.2233
229	295	8.39362
230	34	3.43239
230	52	4.42013
230	71	3.78294
230	74	3.76452
230	147	5.47925
230	150	5.79717
230	191	5.61275
230	195	7.3414
230	202	4.66807
230	208	4.78162
230	214	7.07046
230	221	4.71121
230	240	6.17916
230	286	8.40702
230	288	8.39073
231	34	2.67314
231	75	2.95862
231	87	3.78666
231	107	3.81759
231	177	7.31753
231	183	4.88224
231	186	6.26217
231	205	4.93326
231	262	7.56228
231	281	8.86309
231	283	7.76221
231	289	8.27889
231	292	8.97554
231	298	9.61201
231	299	9.60795
232	20	4.85896
232	96	3.43996
232	141	3.67352
232	159	4.21654
232	165	4.09026
232	203	5.35437
232	207	6.14907
232	248	7.29126
232	257	6.52826
232	260	7.08781
232	261	7.42482
232	288	7.98777
232	293	8.48498
232	294	8.46847
232	295	8.56513
233	62	6.79344
233	80	4.13409
233	151	5.72147
233	164	3.889
233	223	4.38976
233	236	5.87512
233	252	6.80957
233	258	7.12194
233	263	7.50285
233	286	8.36066
233	288	8.34438
233	289	8.3307
233	290	6.24546
233	294	8.27731
233	299	8.55544
234	21	0.93877
234	77	4.69759
234	111	3.23079
234	133	3.86696
234	147	5.71138
234	158	3.99471
234	208	6.12629
234	243	5.77804
234	246	5.97105
234	263	7.38911
234	270	7.12666
234	275	8.22955
234	278	8.46519
234	279	8.19223
234	287	7.92756
235	4	2.16764
235	60	4.22312
235	65	3.74612
235	129	5.29345
235	155	4.41438
235	195	5.32349
235	210	5.96126
235	225	6.28844
235	230	6.32108
235	240	6.59918
235	259	5.74916
235	268	7.06818
235	285	8.06577
235	293	8.05784
235	299	9.02182
236	19	4.47462
236	92	4.084
236	93	3.17177
236	134	3.67161
236	159	4.2123
236	173	5.23305
236	198	5.42101
236	203	5.35013
236	220	5.931
236	223	8.42998
236	230	5.90089
236	237	5.94297
236	271	7.23654
236	274	7.64783
236	289	8.37689
237	1	2.89225
237	122	4.59691
237	165	4.16717
237	168	3.33935
237	169	5.99604
237	180	5.45337
237	197	4.95592
237	222	7.4789
237	262	7.71371
237	268	8.17109
237	274	7.61744
237	282	8.15154
237	287	7.66488
237	292	9.04315
237	295	8.70729
238	27	4.00625
238	53	1.85628
238	96	3.60416
238	125	3.97664
238	173	4.25034
238	181	4.01992
238	246	5.94497
238	253	6.80319
238	265	7.34139
238	275	7.66877
238	279	8.16615
238	280	8.07376
238	285	8.47077
238	296	9.27022
238	297	8.83003
239	12	2.89137
239	27	4.1569
239	37	3.40648
239	56	4.65572
239	112	3.65227
239	143	3.88111
239	178	5.61524
239	192	5.35309
239	201	5.20597
239	215	5.49953
239	255	7.48147
239	284	8.22136
239	291	9.19971
239	299	8.9585
239	300	9.27192
240	5	4.06281
240	10	4.06164
240	12	4.01587
240	133	5.19534
240	150	5.82596
240	162	5.87385
240	180	5.51271
240	237	5.97192
240	250	4.94804
240	251	5.63474
240	276	6.85514
240	280	8.35529
240	298	9.36761
240	299	9.36354
240	300	9.24057
241	48	5.70433
241	50	3.185
241	79	2.44281
241	85	5.66494
241	135	5.7802
241	141	3.71157
241	145	4.25296
241	195	4.9456
241	205	5.07355
241	244	6.13548
241	248	7.32931
241	266	7.89824
241	283	7.9025
241	290	6.9917
241	299	8.64392
242	40	3.91263
242	50	3.3145
242	57	3.32509
242	70	4.40748
242	75	3.6773
242	130	4.0212
242	135	5.9097
242	187	6.87456
242	197	5.73932
242	235	7.07709
242	239	7.10586
242	241	6.78118
242	258	7.27867
242	267	7.59107
242	275	7.57308
243	145	4.23679
243	179	6.30733
243	199	4.98769
243	201	4.79005
243	206	4.52575
243	241	6.27338
243	245	5.85802
243	248	6.40987
243	251	6.47871
243	263	7.18293
243	268	8.2276
243	270	6.80038
243	275	7.90327
243	286	8.43298
243	299	8.62775
244	46	1.44444
244	50	3.76358
244	65	3.31041
244	100	4.67083
244	177	3.81918
244	191	5.35232
244	197	4.97078
244	210	5.52555
244	230	7.41786
244	255	7.10907
244	274	7.6323
244	276	8.19082
244	285	8.24903
244	295	8.54536
244	297	9.14894
245	41	4.89073
245	87	4.25724
245	88	2.06684
245	120	5.90207
245	140	5.08469
245	156	2.49557
245	189	5.25368
245	190	5.27164
245	214	5.52466
245	219	6.71994
245	234	6.15372
245	270	6.86954
245	274	7.2148
245	275	7.97243
245	290	8.73321
246	56	4.08836
246	88	13.846
246	96	3.18745
246	119	4.82786
246	146	3.96251
246	160	4.94616
246	163	3.19968
246	228	6.93878
246	239	6.78484
246	247	6.07212
246	250	6.38221
246	269	7.74065
246	274	7.43734
246	278	8.02241
246	298	8.3755
247	20	4.94868
247	29	3.52085
247	37	3.14357
247	39	2.78288
247	58	3.88657
247	73	5.54783
247	188	5.14968
247	215	5.32876
247	223	7.8268
247	236	7.58522
247	258	7.26209
247	266	7.94991
247	267	7.57449
247	284	7.80763
247	300	9.30558
248	77	4.82809
248	89	3.07032
248	91	6.54053
248	112	3.65821
248	137	4.38564
248	156	2.72379
248	185	5.2503
248	206	4.82314
248	207	6.50764
248	211	5.3948
248	227	6.92951
248	229	5.76519
248	243	5.74914
248	270	7.09776
248	274	7.44303
249	40	3.25119
249	57	5.57649
249	78	5.2314
249	134	3.75269
249	148	3.80353
249	157	6.11771
249	179	6.36229
249	209	7.54577
249	252	6.93684
249	268	8.28255
249	271	6.54384
249	280	8.40741
249	284	7.79476
249	297	9.24555
249	298	8.66707
250	31	6.83653
250	33	4.1573
250	86	5.2418
250	104	3.31991
250	123	5.1078
250	161	7.1658
250	217	5.4719
250	226	5.95529
250	231	5.00645
250	241	6.33965
250	244	6.18558
250	280	8.41872
250	282	8.27432
250	288	8.48296
250	299	9.40993
251	8	2.53702
251	31	7.12
251	34	2.80249
251	123	5.04676
251	131	2.81966
251	178	5.28973
251	183	5.01159
251	208	4.81281
251	246	5.77011
251	256	7.40261
251	275	7.4939
251	278	8.26425
251	287	9.02914
251	295	8.59224
251	300	9.24297
252	48	3.58118
252	121	4.57722
252	131	4.65624
252	150	3.70309
252	156	5.5521
252	194	6.64179
252	200	5.92955
252	209	5.4162
252	215	5.33347
252	231	5.87426
252	255	7.31541
252	264	6.74757
252	266	8.04676
252	272	7.69959
252	277	8.61654
253	44	4.01208
253	51	2.47686
253	98	3.87389
253	147	2.7866
253	174	5.31028
253	185	4.96149
253	212	5.8284
253	239	7.06932
253	251	6.52658
253	263	7.23081
253	281	7.31652
253	282	8.25592
253	295	8.63488
253	296	9.6097
253	297	9.16951
254	39	4.08694
254	70	2.6601
254	81	3.56526
254	109	3.79398
254	115	5.21617
254	147	5.8588
254	171	5.57145
254	185	5.26721
254	186	3.54162
254	205	5.41097
254	225	6.24797
254	258	7.54785
254	279	7.57202
254	282	8.56164
254	292	8.19632
255	53	2.27812
255	83	4.32123
255	141	3.90826
255	144	4.38657
255	169	4.53041
255	178	3.36283
255	191	4.8589
255	204	5.98553
255	211	5.27098
255	214	5.39106
255	269	8.21368
255	279	8.19892
255	280	8.49561
255	281	7.39888
255	291	9.08183
256	74	3.83429
256	80	4.25022
256	134	6.27606
256	153	3.73231
256	155	4.06413
256	169	4.36137
256	191	4.68985
256	199	5.03151
256	206	6.01952
256	210	5.61101
256	211	4.94672
256	221	6.81309
256	291	8.91278
256	296	9.54568
256	300	9.28156
257	18	2.83655
257	114	4.85121
257	148	6.09797
257	174	4.36355
257	186	6.32887
257	193	4.72728
257	196	4.46298
257	241	6.21597
257	245	7.06898
257	265	8.21827
257	267	7.44924
257	278	8.2016
257	291	8.81155
257	295	8.52959
257	296	9.44444
258	39	2.84495
258	58	3.94864
258	66	4.84127
258	128	4.71088
258	148	3.87848
258	172	5.31114
258	175	4.69095
258	203	5.87402
258	226	6.01893
258	229	5.55841
258	256	6.76254
258	277	7.43076
258	286	8.56288
258	289	8.91006
258	298	8.74202
259	46	1.56692
259	125	3.87737
259	141	3.77623
259	169	4.39837
259	193	4.57534
259	220	5.98134
259	261	7.10381
259	278	8.33984
259	281	9.06803
259	282	8.28887
259	285	8.17191
259	293	8.16398
259	294	8.57117
259	295	8.66783
259	298	8.69294
260	9	4.58193
260	67	4.70685
260	100	4.32073
260	106	5.52343
260	124	4.94845
260	140	4.79459
260	153	3.94348
260	166	5.34028
260	167	4.35881
260	172	5.60268
260	229	7.43423
260	232	5.98532
260	267	7.56301
260	281	9.04357
260	284	7.79615
261	24	3.13923
261	32	3.56332
261	56	2.75998
261	89	2.91477
261	105	3.37214
261	124	5.07322
261	151	3.51252
261	194	6.65824
261	213	5.68181
261	229	5.60964
261	233	6.09512
261	268	7.54303
261	285	8.54062
261	288	8.03548
261	300	9.41887
262	11	2.98623
262	26	4.57416
262	30	3.80482
262	42	2.00563
262	100	4.42764
262	168	3.73816
262	173	4.23351
262	199	4.90744
262	209	5.41478
262	234	6.74496
262	251	6.64197
262	263	7.3462
262	292	9.26293
262	295	9.1061
262	299	8.79102
263	29	3.44758
263	70	4.31764
263	115	4.85715
263	123	5.0361
263	142	6.54998
263	144	4.16827
263	151	6.64521
263	167	5.76813
263	193	4.77926
263	201	4.78462
263	216	5.22185
263	246	5.75944
263	272	7.30131
263	273	7.50444
263	300	9.23231
264	33	2.25252
264	52	4.01114
264	79	3.95324
264	106	5.7168
264	110	4.79053
264	141	3.94512
264	189	5.03939
264	200	5.73876
264	213	5.7504
264	236	6.19716
264	252	6.27428
264	258	7.44398
264	272	7.50881
264	278	8.50874
264	287	7.97111
265	60	3.33889
265	62	2.43701
265	117	3.98133
265	179	3.64525
265	194	6.42929
265	213	5.45286
265	222	7.48759
265	242	6.39309
265	248	7.26532
265	252	6.83406
265	261	7.54707
265	263	7.13511
265	273	8.14175
265	282	7.83251
265	288	8.36887
266	7	3.98387
266	13	3.85997
266	16	2.52408
266	57	3.42531
266	78	3.61187
266	86	2.27743
266	201	5.8037
266	220	6.14175
266	231	5.8942
266	232	6.1136
266	267	7.69129
266	272	7.49138
266	284	8.81909
266	290	8.57138
266	300	9.86965
267	3	3.72301
267	8	3.1575
267	68	3.53624
267	120	5.63415
267	154	4.63645
267	166	5.36246
267	181	3.91836
267	198	5.52567
267	201	4.86859
267	202	4.77257
267	213	5.57922
267	249	6.50142
267	271	6.93849
267	282	8.28659
267	298	8.69065
268	10	3.01673
268	46	1.80377
268	94	3.69852
268	96	3.39596
268	128	3.51468
268	132	4.3809
268	136	4.06271
268	138	4.26001
268	156	5.70509
268	203	5.69393
268	230	6.24469
268	259	6.1323
268	260	7.42737
268	285	8.44891
268	300	9.55542
269	71	4.02508
269	73	3.37457
269	79	2.64373
269	104	3.9874
269	166	5.50101
269	205	5.27447
269	219	6.59057
269	222	3.25455
269	226	5.34003
269	236	6.16453
269	239	7.23854
269	255	7.48535
269	270	7.50131
269	296	9.63221
269	298	8.8292
270	61	3.8421
270	138	5.37263
270	208	5.89183
270	222	7.48768
270	242	6.39318
270	243	5.54359
270	245	5.94985
270	248	6.5017
270	261	7.54716
270	262	7.63867
270	274	7.23747
270	289	8.35528
270	291	8.82123
270	295	8.53928
270	297	9.14286
271	5	3.99178
271	31	2.30641
271	107	3.87351
271	109	5.44393
271	209	7.41045
271	223	4.39387
271	233	5.84579
271	249	5.97145
271	257	6.48194
271	267	8.09814
271	281	8.91901
271	287	7.65319
271	293	8.92182
271	297	9.12239
271	299	8.55955
272	33	2.5223
272	52	4.28092
272	87	3.86937
272	89	2.69223
272	129	3.40376
272	158	3.74713
272	201	4.74865
272	248	7.27173
272	252	6.54406
272	264	6.82657
272	265	7.11988
272	280	8.31104
272	288	8.37528
272	290	8.34534
272	296	9.46045
273	21	4.54307
273	66	4.73324
273	93	3.21978
273	98	6.027
273	131	4.51343
273	132	4.0851
273	143	4.56592
273	155	4.0422
273	156	5.4093
273	220	5.979
273	265	8.28489
273	280	8.37433
273	282	7.71465
273	291	8.89084
273	297	9.21247
274	54	1.87902
274	122	5.77973
274	138	5.49604
274	159	4.31254
274	172	5.25535
274	174	5.33653
274	189	5.39977
274	204	5.84679
274	215	5.2429
274	240	6.27923
274	248	6.62512
274	253	6.65875
274	269	8.05138
274	286	8.50709
274	293	9.06414
275	22	4.17745
275	54	2.14158
275	130	3.94363
275	141	3.70224
275	176	3.96702
275	201	4.7969
275	222	7.54225
275	223	4.46892
275	236	5.95428
275	245	6.33583
275	248	6.88768
275	272	7.31359
275	274	7.62345
275	286	8.43982
275	298	8.61896
276	158	3.59964
276	183	3.85245
276	186	6.19739
276	228	6.9865
276	230	7.30023
276	234	6.39279
276	238	6.32281
276	244	7.01737
276	256	6.44374
276	269	7.78837
276	274	7.48506
276	275	7.29977
276	283	7.87239
276	295	8.39811
276	298	8.42322
277	55	3.4001
277	135	4.28764
277	167	4.49975
277	194	2.62284
277	204	5.96997
277	207	6.36825
277	215	5.36609
277	221	4.93446
277	228	5.19189
277	229	5.6258
277	233	6.11129
277	258	6.99862
277	278	7.46161
277	282	8.40535
277	289	8.634
278	72	3.85711
278	96	3.56129
278	99	2.85142
278	175	4.51099
278	184	4.60732
278	194	2.71894
278	211	5.19534
278	224	5.94293
278	231	5.8468
278	240	6.34234
278	258	7.09472
278	273	7.64709
278	285	8.4279
278	289	8.7301
278	295	8.72423
279	77	2.55006
279	79	2.48026
279	95	4.46377
279	120	3.22162
279	206	6.02932
279	227	6.64645
279	232	5.98259
279	248	7.36676
279	254	7.02854
279	259	7.09784
279	283	7.93995
279	286	8.25249
279	288	8.47031
279	292	7.85251
279	298	8.66573
280	6	0.695569
280	71	3.90199
280	97	4.34531
280	117	3.68772
280	182	5.19744
280	188	5.20864
280	216	6.2267
280	222	3.13146
280	244	6.2461
280	247	6.65486
280	255	7.36226
280	271	7.38945
280	276	6.97909
280	294	8.61714
280	297	9.06892
281	107	4.34202
281	117	3.22382
281	126	3.93411
281	147	2.22211
281	170	5.08542
281	178	2.71597
281	187	1.98641
281	226	4.75303
281	230	6.32733
281	240	6.60542
281	272	7.70706
281	280	7.84875
281	287	8.1217
281	296	9.04521
281	297	8.60502
282	47	3.2826
282	102	5.20498
282	113	4.4008
282	143	4.27842
282	148	5.87707
282	183	5.05374
282	223	4.50946
282	253	6.63201
282	256	6.68002
282	257	6.78576
282	265	7.99738
282	273	7.73639
282	276	6.89968
282	295	8.63439
282	297	9.23797
283	4	1.72143
283	25	5.27425
283	62	2.43268
283	118	4.13939
283	119	5.01233
283	214	6.45563
283	233	5.86185
283	235	6.94053
283	244	6.78061
283	276	7.83642
283	286	8.38083
283	288	8.36454
283	291	8.81682
283	296	9.44971
283	297	9.13844
284	84	3.31701
284	178	5.16257
284	192	5.85182
284	196	5.11506
284	207	6.43143
284	227	6.4709
284	236	5.82551
284	237	5.84717
284	239	5.40513
284	255	7.0288
284	263	7.06101
284	278	8.13709
284	280	8.23053
284	291	8.74704
284	300	9.77064
285	9	2.75769
285	70	4.35345
285	103	2.78512
285	104	3.80069
285	144	4.20408
285	168	5.03635
285	189	4.82004
285	193	4.92545
285	212	5.8109
285	220	6.33145
285	230	5.95739
285	241	6.30376
285	261	7.45392
285	279	8.01643
285	298	8.64249
286	39	3.94279
286	45	2.73961
286	51	2.50185
286	93	3.27076
286	119	5.13734
286	120	3.42129
286	156	5.46028
286	178	5.35736
286	198	5.52
286	212	5.74282
286	227	6.66569
286	265	7.23415
286	279	7.42787
286	292	8.05217
286	294	8.56321
287	59	3.75142
287	83	3.98481
287	127	5.17471
287	140	4.61467
287	171	5.0943
287	188	5.09278
287	190	5.91116
287	213	5.37712
287	219	6.24992
287	241	6.14983
287	252	6.75833
287	255	7.02717
287	279	7.8625
287	294	8.36679
287	295	8.46345
288	17	3.92232
288	75	3.5603
288	129	5.49829
288	136	3.71245
288	142	3.96819
288	231	5.67698
288	232	5.93329
288	258	7.16167
288	261	7.20251
288	268	7.27301
288	283	7.85374
288	285	8.2706
288	287	7.6888
288	292	9.06707
288	299	8.59517
289	38	1.69438
289	73	3.11028
289	102	3.51959
289	149	4.45601
289	184	4.75238
289	194	2.864
289	202	4.64683
289	203	5.83912
289	228	5.43305
289	268	8.18039
289	276	6.8051
289	281	8.94
289	290	8.33954
289	292	9.05245
289	298	8.56491
290	2	8.99986
290	46	9.01533
290	69	6.0777
290	113	4.31958
290	126	3.49996
290	139	3.81388
290	194	6.44327
290	196	5.20315
290	239	6.98761
290	241	6.04016
290	249	6.57043
290	263	7.63757
290	278	8.22518
290	281	8.95337
290	298	8.57828
291	12	4.06367
291	42	1.92298
291	66	2.46539
291	86	5.22617
291	88	1.77102
291	108	3.69661
291	111	3.07525
291	136	3.79568
291	177	3.91146
291	198	6.15299
291	199	4.82479
291	206	6.02634
291	218	6.2161
291	272	7.35738
291	295	9.02345
292	31	2.50774
292	81	3.14441
292	120	3.14458
292	166	5.41705
292	182	5.20378
292	186	3.12077
292	188	5.21498
292	212	5.46611
292	238	6.64484
292	250	6.75195
292	253	6.71776
292	256	6.76577
292	279	7.15117
292	284	7.87293
292	286	8.17545
293	55	3.25031
293	76	4.00632
293	85	3.57459
293	104	3.81782
293	121	3.43202
293	168	5.05348
293	179	6.35484
293	209	5.29902
293	217	5.02481
293	225	5.94189
293	237	6.0166
293	259	6.0443
293	268	7.36332
293	288	7.85576
293	294	8.53786
294	15	4.32087
294	44	3.82763
294	54	4.6926
294	146	5.41474
294	159	4.10185
294	167	5.41974
294	197	5.43894
294	202	4.55746
294	253	6.44806
294	257	6.41357
294	263	8.0782
294	270	7.14765
294	281	8.85063
294	297	9.05402
294	299	8.49118
295	106	5.32663
295	116	4.14845
295	133	3.52034
295	165	4.2568
295	205	6.0267
295	208	4.66714
295	231	5.56913
295	237	5.65066
295	241	6.13294
295	259	6.90378
295	271	7.12222
295	287	7.58095
295	288	8.27625
295	291	9.12934
295	299	8.48731
296	60	3.88486
296	64	4.01718
296	76	4.0146
296	92	1.79986
296	139	3.90351
296	162	5.92682
296	187	2.39996
296	198	5.50293
296	222	3.0811
296	226	5.16658
296	236	6.00324
296	238	5.80624
296	251	6.5345
296	269	7.98037
296	275	7.54447
297	42	4.8973
297	51	2.35348
297	110	4.4653
297	147	2.46568
297	169	4.24204
297	193	4.70918
297	234	6.50618
297	238	5.63625
297	253	6.82175
297	269	7.81038
297	274	7.59844
297	277	8.37635
297	280	8.09232
297	285	8.21516
297	296	9.28877
298	7	3.54621
298	93	4.10683
298	127	4.9816
298	145	4.12371
298	162	5.61799
298	166	4.61987
298	187	6.53712
298	195	4.67639
298	240	5.22006
298	241	6.02035
298	264	7.61802
298	268	7.97456
298	274	7.42092
298	281	8.73418
298	297	8.93756
299	67	3.4663
299	102	4.92292
299	110	4.30613
299	127	4.9451
299	156	5.15273
299	204	4.65584
299	207	5.93627
299	211	4.68759
299	245	6.89171
299	247	6.29339
299	251	6.14703
299	263	6.94825
299	272	7.07206
299	273	7.27518
299	283	7.65165
300	12	3.27069
300	86	2.05903
300	154	3.037
300	160	5.50953
300	162	3.04521
300	201	5.58529
300	202	4.56396
300	203	5.24618
300	213	5.3706
300	225	5.7643
300	239	5.28573
300	272	7.17667
300	277	8.32178
300	298	8.48204
300	299	8.49768
