in-degree distribution (probability density function of the degree in logarithmic bins) 
17.6078	0.111939
19.3953	0.0866403
21	0.048091
22.5	0.0611268
24.7805	0.0639075
27.4783	0.0329105
29.381	0.0275845
32	0.0241165
35	0.017711
38.3043	0.0233717

in-degree distribution (degree-occurrences) 
17	0.0666667
18	0.103333
19	0.0866667
20	0.0566667
21	0.0866667
22	0.06
23	0.06
24	0.0566667
25	0.0533333
26	0.0266667
27	0.04
28	0.0366667
29	0.0433333
30	0.0266667
31	0.02
32	0.0266667
33	0.02
34	0.02
35	0.0133333
36	0.02
37	0.0233333
38	0.02
39	0.02
40	0.0133333


--------------------------------------
out-degree distribution (probability density function of the degree in logarithmic bins) 
24	2.24094
25	7.62735

out-degree distribution (degree-occurrences) 
24	0.22
25	0.78


--------------------------------------
community distribution (size-occurrences)
25	0.1
26	0.1
27	0.2
29	0.2
32	0.2
36	0.1
37	0.1


--------------------------------------
mixing parameter (in-links)
0.2627	0.0333333
0.269231	0.00666667
0.272727	0.0233333
0.277538	0.08
0.28066	0.0333333
0.285714	0.0933333
0.290959	0.0833333
0.295298	0.136667
0.3	0.0966667
0.304278	0.0833333
0.309019	0.0666667
0.314973	0.0866667
0.319008	0.0733333
0.322098	0.0266667
0.333333	0.07
0.352941	0.00666667

--------------------------------------
mixing parameter (out-links)
0.163333	0.00666667
0.201923	0.0433333
0.243947	0.126667
0.282941	0.396667
0.32	0.233333
0.333333	0.04
0.36	0.0933333
0.375	0.00666667
0.4	0.0333333
0.416667	0.00666667
0.44	0.00666667
0.48	0.00333333
0.541667	0.00333333

--------------------------------------
mixing parameter (weights)
0.299528	0.0133333
0.299609	0.01
0.299661	0.0133333
0.299716	0.0333333
0.299784	0.0333333
0.299848	0.0933333
0.299912	0.12
0.299978	0.166667
0.30004	0.13
0.300102	0.11
0.300166	0.0966667
0.300232	0.0633333
0.300291	0.0433333
0.300348	0.0266667
0.300428	0.0133333
0.300475	0.00666667
0.300557	0.0133333
0.300617	0.00333333
0.30066	0.00333333
0.300749	0.00666667

--------------------------------------
internal weights (weight-occurrences)
4.8215	0.00153639
5.08029	0.00441713
5.32115	0.0138275
5.55042	0.0295756
5.78163	0.0485884
6.02715	0.0677934
6.2682	0.0756674
6.50498	0.0879585
6.75065	0.105435
6.9872	0.102938
7.23156	0.082005
7.47269	0.0735548
7.72012	0.0739389
7.95593	0.0699059
8.18349	0.0687536
8.43161	0.0555022
8.65732	0.0263107
8.92044	0.00729787
9.15614	0.00364893
9.37643	0.00134434

--------------------------------------
external weights (weight-occurrences)
3.03415	0.00224517
3.50695	0.00359228
3.85925	0.00763359
4.27137	0.0139201
4.67105	0.0246969
5.0604	0.0368208
5.45434	0.0556803
5.86338	0.0704984
6.26143	0.0983386
6.65823	0.117198
7.05379	0.121688
7.45616	0.112708
7.86388	0.0853166
8.2493	0.0826224
8.65894	0.0696004
9.03215	0.0453525
9.46005	0.0323305
9.81395	0.0143691
10.1988	0.00404131
10.736	0.0013471
