in-degree distribution (probability density function of the degree in logarithmic bins) 
17.4727	0.120719
19.5854	0.0826105
21	0.0314441
22.5758	0.0560329
24.7333	0.0701424
27.3158	0.027187
29.6111	0.0236439
31.8667	0.0361748
35.3636	0.0243527
38.25	0.0203232

in-degree distribution (degree-occurrences) 
17	0.0966667
18	0.0866667
19	0.0566667
20	0.08
21	0.0566667
22	0.0466667
23	0.0633333
24	0.0633333
25	0.0633333
26	0.0233333
27	0.0433333
28	0.02
29	0.0233333
30	0.0366667
31	0.0433333
32	0.0266667
33	0.03
34	0.0133333
35	0.02
36	0.04
37	0.02
38	0.0233333
39	0.01
40	0.0133333


--------------------------------------
out-degree distribution (probability density function of the degree in logarithmic bins) 
24	0.0518475
25	4.38358
26	0.526451

out-degree distribution (degree-occurrences) 
24	0.01
25	0.88
26	0.11


--------------------------------------
community distribution (size-occurrences)
18	0.166667
19	0.166667
21	0.0833333
22	0.0833333
26	0.0833333
28	0.166667
29	0.0833333
34	0.0833333
38	0.0833333


--------------------------------------
mixing parameter (in-links)
0.470588	0.0533333
0.474716	0.0566667
0.478261	0.0333333
0.48061	0.0566667
0.483756	0.04
0.486255	0.0233333
0.5	0.473333
0.51363	0.0266667
0.515988	0.0566667
0.519407	0.05
0.521739	0.03
0.524842	0.0566667
0.529412	0.0433333

--------------------------------------
mixing parameter (out-links)
0.36	0.00666667
0.384615	0.00333333
0.4	0.0233333
0.44	0.0666667
0.461538	0.02
0.48	0.353333
0.5	0.0633333
0.52	0.333333
0.538862	0.0266667
0.56	0.0733333
0.576923	0.00333333
0.6	0.0133333
0.615385	0.00333333
0.64	0.01

--------------------------------------
mixing parameter (weights)
0.499612	0.01
0.49966	0.01
0.49971	0.01
0.499746	0.0266667
0.499788	0.0233333
0.499839	0.0266667
0.499886	0.0633333
0.49993	0.113333
0.49997	0.15
0.500019	0.1
0.500056	0.186667
0.500105	0.0733333
0.500144	0.0866667
0.500192	0.05
0.500234	0.03
0.500282	0.01
0.500324	0.0133333
0.500376	0.00333333
0.500415	0.00666667
0.500468	0.00666667

--------------------------------------
internal weights (weight-occurrences)
4.45522	0.000796813
4.78244	0.00239044
5.07537	0.00717131
5.3656	0.0207171
5.62555	0.0478088
5.91576	0.0677291
6.20555	0.085259
6.50245	0.103054
6.78073	0.103054
7.07496	0.100664
7.36409	0.0929615
7.65973	0.0953519
7.9521	0.102258
8.22956	0.075166
8.51763	0.0464807
8.81778	0.0308101
9.07237	0.0116866
9.43443	0.00185923
9.73231	0.00265604
9.95698	0.00212483

--------------------------------------
external weights (weight-occurrences)
3.78359	0.000265604
4.3015	0.00106242
4.55978	0.00265604
4.84945	0.00451527
5.20332	0.0108898
5.49106	0.036919
5.7993	0.062417
6.09604	0.0942895
6.39486	0.109695
6.71438	0.10093
7.01667	0.0876494
7.31755	0.109163
7.62433	0.107304
7.93299	0.0871182
8.23506	0.0714475
8.54291	0.0501992
8.84335	0.0347942
9.12851	0.0207171
9.42038	0.0061089
9.73433	0.00185923
