in-degree distribution (probability density function of the degree in logarithmic bins) 
17.52	0.109744
19.4524	0.0846254
21	0.0332938
22.4848	0.0560329
25.1163	0.0670249
27.5517	0.0414959
29.3846	0.0341522
32.0769	0.0313515
34.8333	0.0132833
38.2381	0.0213394

in-degree distribution (degree-occurrences) 
17	0.08
18	0.0866667
19	0.0766667
20	0.0633333
21	0.06
22	0.0566667
23	0.0533333
24	0.0366667
25	0.0533333
26	0.0533333
27	0.0433333
28	0.0533333
29	0.0533333
30	0.0333333
31	0.02
32	0.04
33	0.0266667
34	0.0133333
35	0.02
36	0.00666667
37	0.0266667
38	0.0166667
39	0.01
40	0.0166667


--------------------------------------
out-degree distribution (probability density function of the degree in logarithmic bins) 
25	9.80549
26	0.358865

out-degree distribution (degree-occurrences) 
25	0.963333
26	0.0366667


--------------------------------------
community distribution (size-occurrences)
19	0.1
24	0.2
26	0.1
27	0.1
28	0.1
35	0.1
36	0.1
39	0.1
42	0.1


--------------------------------------
mixing parameter (in-links)
0.647059	0.00666667
0.666667	0.08
0.678131	0.0333333
0.681111	0.06
0.685201	0.0866667
0.69136	0.0933333
0.695948	0.0766667
0.7	0.113333
0.704736	0.15
0.709218	0.0533333
0.714286	0.08
0.719403	0.0533333
0.722898	0.0566667
0.727273	0.0233333
0.7373	0.0333333

--------------------------------------
mixing parameter (out-links)
0.6	0.00666667
0.64	0.0566667
0.68	0.426667
0.692308	0.02
0.72	0.436667
0.730769	0.01
0.76	0.0233333
0.769231	0.00666667
0.8	0.0133333

--------------------------------------
mixing parameter (weights)
0.699449	0.00333333
0.69967	0.01
0.699713	0.01
0.699759	0.0233333
0.699819	0.04
0.69986	0.06
0.699905	0.0966667
0.699953	0.12
0.700003	0.1
0.700052	0.153333
0.700099	0.113333
0.700146	0.0666667
0.700199	0.0866667
0.700233	0.06
0.700291	0.0366667
0.700326	0.01
0.700399	0.01

--------------------------------------
internal weights (weight-occurrences)
4.24276	0.000886132
4.61825	0.0026584
4.89925	0.00930439
5.19117	0.0248117
5.46078	0.0381037
5.75404	0.053611
6.02278	0.0651307
6.30224	0.0917147
6.59426	0.0983607
6.87533	0.10545
7.16597	0.0886132
7.44727	0.0890563
7.73027	0.0850687
8.02274	0.0788658
8.30949	0.0567125
8.58254	0.0429774
8.87458	0.0358883
9.16297	0.0168365
9.42255	0.0124058
9.71692	0.00354453

--------------------------------------
external weights (weight-occurrences)
4.916	0.000951656
5.16154	0.00494861
5.36195	0.00951656
5.57717	0.0192234
5.79126	0.0378759
6.01208	0.0544347
6.22589	0.0728968
6.43777	0.0801294
6.6626	0.0824134
6.88435	0.0852684
7.09497	0.091359
7.31315	0.0864104
7.53555	0.0744195
7.75661	0.0810811
7.96758	0.0709935
8.19804	0.062619
8.40971	0.0454892
8.62346	0.0230301
8.84364	0.0135135
9.04723	0.00342596
