in-degree distribution (probability density function of the degree in logarithmic bins) 
15.4643	0.0972641
17.6122	0.0754524
20.5833	0.0327642
23.0789	0.0459922
26.0541	0.0397022
29.2083	0.0228316
32.15	0.0168681
36.5217	0.017198
41.1333	0.00994381
47.1429	0.00822814

in-degree distribution (degree-occurrences) 
15	0.1
16	0.0866667
17	0.0933333
18	0.04
19	0.03
20	0.0333333
21	0.0466667
22	0.05
23	0.0166667
24	0.06
25	0.0366667
26	0.0433333
27	0.0433333
28	0.0166667
29	0.03
30	0.0333333
31	0.0166667
32	0.0333333
33	0.00666667
34	0.01
35	0.0266667
36	0.01
37	0.0166667
38	0.02
39	0.00333333
40	0.0233333
41	0.00666667
42	0.0133333
43	0.00333333
44	0.00333333
45	0.00666667
46	0.00666667
47	0.0166667
48	0.01
49	0.00333333
50	0.00333333


--------------------------------------
out-degree distribution (probability density function of the degree in logarithmic bins) 
24	0.0172825
25	4.53302
26	0.41478

out-degree distribution (degree-occurrences) 
24	0.00333333
25	0.91
26	0.0866667


--------------------------------------
community distribution (size-occurrences)
23	0.222222
24	0.111111
31	0.111111
34	0.111111
36	0.111111
37	0.111111
45	0.111111
47	0.111111


--------------------------------------
mixing parameter (in-links)
0.25	0.0233333
0.263158	0.0133333
0.266809	0.06
0.272727	0.0233333
0.278351	0.07
0.284784	0.08
0.289696	0.0333333
0.293822	0.183333
0.299405	0.123333
0.304401	0.0466667
0.308665	0.0733333
0.313338	0.12
0.318926	0.0433333
0.322581	0.00333333
0.333333	0.0966667
0.352941	0.00666667

--------------------------------------
mixing parameter (out-links)
0.04	0.00333333
0.08	0.01
0.12	0.0233333
0.16	0.0166667
0.192308	0.00333333
0.2	0.05
0.239631	0.166667
0.269231	0.02
0.280146	0.266667
0.318163	0.223333
0.346154	0.0133333
0.36	0.06
0.396923	0.05
0.44	0.0366667
0.48	0.03
0.52	0.02
0.56	0.00666667

--------------------------------------
mixing parameter (weights)
0.299337	0.0133333
0.299466	0.0133333
0.299596	0.04
0.299737	0.0533333
0.299845	0.176667
0.299961	0.22
0.300086	0.173333
0.300208	0.0933333
0.300331	0.07
0.300467	0.0466667
0.300558	0.0166667
0.300714	0.0233333
0.300846	0.0166667
0.300963	0.0266667
0.301081	0.01
0.301435	0.00333333
0.301783	0.00333333

--------------------------------------
internal weights (weight-occurrences)
3.44346	0.0015163
3.81489	0.00265353
4.15331	0.00473844
4.46098	0.0113723
4.79148	0.0155421
5.13743	0.0341168
5.45628	0.0617892
5.78337	0.0638741
6.12079	0.0718347
6.4424	0.0760045
6.77668	0.0835861
7.109	0.0900303
7.45559	0.0841547
7.78587	0.090978
8.10362	0.0868082
8.43398	0.0907885
8.774	0.068044
9.09896	0.0434041
9.41274	0.0178165
9.70323	0.000947688

--------------------------------------
external weights (weight-occurrences)
0.384095	0.00400178
1.10412	0.00444642
1.83267	0.0102268
2.4509	0.0137839
3.14002	0.0280124
3.8282	0.0444642
4.50093	0.0551356
5.20021	0.0795909
5.88367	0.0871498
6.59028	0.104936
7.2485	0.116496
7.96436	0.115607
8.63993	0.116052
9.30319	0.0813695
10.0036	0.0640285
10.6664	0.0386839
11.38	0.0182303
12.0722	0.00933748
12.8131	0.00489106
13.503	0.00355714
