in-degree distribution (probability density function of the degree in logarithmic bins) 
15.4231	0.0903167
17.8281	0.09855
20.3902	0.0559722
22.8824	0.041151
26.1481	0.0289719
28.9444	0.0171237
32.6875	0.0134945
37.36	0.0186935
41.8182	0.00729213
47.4167	0.00705269

in-degree distribution (degree-occurrences) 
15	0.1
16	0.0733333
17	0.09
18	0.07
19	0.0533333
20	0.0833333
21	0.0533333
22	0.04
23	0.0466667
24	0.0266667
25	0.0233333
26	0.03
27	0.0366667
28	0.0266667
29	0.01
30	0.0233333
31	0.00333333
32	0.02
33	0.02
34	0.01
35	0.01
36	0.01
37	0.02
38	0.0266667
39	0.0166667
40	0.00666667
41	0.01
42	0.00666667
43	0.01
44	0.00333333
45	0.00666667
46	0.00666667
47	0.00333333
48	0.0133333
49	0.00666667
50	0.00333333


--------------------------------------
out-degree distribution (probability density function of the degree in logarithmic bins) 
24	7.80934
25	2.28169

out-degree distribution (degree-occurrences) 
24	0.766667
25	0.233333


--------------------------------------
community distribution (size-occurrences)
21	0.1
26	0.2
27	0.1
29	0.2
30	0.1
31	0.1
39	0.1
42	0.1


--------------------------------------
mixing parameter (in-links)
0.466667	0.0666667
0.470588	0.0333333
0.474758	0.0466667
0.478261	0.0133333
0.481108	0.0433333
0.485679	0.0266667
0.487914	0.0233333
0.5	0.48
0.511582	0.03
0.514551	0.0266667
0.518729	0.0266667
0.521739	0.0333333
0.524923	0.06
0.529412	0.0566667
0.533333	0.0333333

--------------------------------------
mixing parameter (out-links)
0.208333	0.00333333
0.291667	0.00666667
0.333333	0.00333333
0.36	0.00333333
0.375	0.0233333
0.416667	0.0533333
0.456369	0.0933333
0.48	0.0933333
0.5	0.416667
0.52	0.08
0.541667	0.103333
0.56	0.0333333
0.583333	0.05
0.6	0.01
0.628	0.0166667
0.666667	0.01

--------------------------------------
mixing parameter (weights)
0.499534	0.00333333
0.499634	0.00333333
0.499665	0.0133333
0.4997	0.00666667
0.49977	0.02
0.499816	0.0466667
0.499868	0.09
0.499918	0.126667
0.499969	0.103333
0.500014	0.143333
0.500067	0.126667
0.500121	0.08
0.500171	0.07
0.500219	0.0466667
0.500281	0.0433333
0.500325	0.03
0.500379	0.0133333
0.500423	0.00666667
0.50048	0.01
0.500527	0.0166667

--------------------------------------
internal weights (weight-occurrences)
3.17366	0.000275255
3.74164	0.00137627
4.06544	0.00440407
4.36063	0.00633086
4.72475	0.0184421
5.09686	0.0366089
5.42617	0.0624828
5.76726	0.0806496
6.09214	0.0861547
6.44439	0.104597
6.7807	0.0999174
7.11442	0.0820259
7.46774	0.0792733
7.81667	0.0800991
8.14983	0.0778971
8.50164	0.0539499
8.85771	0.0561519
9.1739	0.0429397
9.50673	0.0206441
9.81792	0.00578035

--------------------------------------
external weights (weight-occurrences)
3.50985	0.00137476
3.93976	0.0107231
4.35457	0.0214462
4.77949	0.0313445
5.20146	0.0615892
5.62475	0.0954083
6.04471	0.110531
6.46228	0.111081
6.89111	0.0921089
7.33649	0.097333
7.76594	0.0838603
8.18843	0.0866098
8.61223	0.0767116
9.05204	0.0483915
9.45331	0.0415177
9.89348	0.0142975
10.3387	0.0129227
10.6851	0.00247457
11.8455	0.000274952
