in-degree distribution (probability density function of the degree in logarithmic bins) 
15.551	0.0851061
17.9851	0.10317
20.5185	0.0368598
22.8788	0.0399406
26	0.0407753
29	0.018075
31.9524	0.0177116
37	0.0127115
42.1333	0.00994381
47.1429	0.00822814

in-degree distribution (degree-occurrences) 
15	0.0733333
16	0.09
17	0.0733333
18	0.08
19	0.07
20	0.0433333
21	0.0466667
22	0.04
23	0.0433333
24	0.0266667
25	0.0466667
26	0.0333333
27	0.0466667
28	0.0233333
29	0.0166667
30	0.0233333
31	0.0366667
32	0.0133333
33	0.00666667
34	0.0133333
35	0.0166667
37	0.0133333
38	0.02
39	0.00666667
40	0.01
41	0.00666667
42	0.0133333
43	0.00666667
44	0.0133333
45	0.0133333
46	0.00666667
47	0.01
48	0.00333333
49	0.00333333
50	0.01


--------------------------------------
out-degree distribution (probability density function of the degree in logarithmic bins) 
24	3.15769
25	6.74727

out-degree distribution (degree-occurrences) 
24	0.31
25	0.69


--------------------------------------
community distribution (size-occurrences)
15	0.0833333
16	0.0833333
17	0.166667
23	0.0833333
24	0.0833333
25	0.0833333
26	0.0833333
28	0.0833333
31	0.0833333
32	0.0833333
46	0.0833333


--------------------------------------
mixing parameter (in-links)
0.666667	0.103333
0.678078	0.0233333
0.681061	0.04
0.684472	0.0766667
0.687981	0.09
0.694489	0.0766667
0.697322	0.0133333
0.70142	0.153333
0.706204	0.126667
0.710191	0.05
0.714286	0.0633333
0.719615	0.0433333
0.72235	0.05
0.727273	0.0166667
0.732479	0.04
0.736842	0.0133333
0.75	0.02

--------------------------------------
mixing parameter (out-links)
0.6	0.01
0.625	0.0133333
0.64	0.0533333
0.666667	0.08
0.68	0.29
0.708333	0.183333
0.72	0.276667
0.75	0.0233333
0.76	0.04
0.791667	0.00666667
0.8	0.00666667
0.833333	0.00333333
0.84	0.01
0.88	0.00333333

--------------------------------------
mixing parameter (weights)
0.699616	0.0166667
0.699679	0.00333333
0.699705	0.0133333
0.699753	0.01
0.699789	0.0166667
0.699846	0.0333333
0.699887	0.08
0.699926	0.103333
0.69997	0.103333
0.700011	0.09
0.700055	0.12
0.700102	0.106667
0.700139	0.07
0.70019	0.0766667
0.700232	0.04
0.700276	0.0366667
0.700317	0.0433333
0.700361	0.02
0.700403	0.00666667
0.700455	0.01

--------------------------------------
internal weights (weight-occurrences)
3.72661	0.0022553
4.14974	0.0108254
4.54415	0.0184935
4.9682	0.0351827
5.33958	0.0690122
5.7391	0.0996843
6.12258	0.0947226
6.52714	0.0996843
6.93464	0.103744
7.33817	0.0933694
7.74846	0.0843482
8.13695	0.0613442
8.55228	0.060442
8.93254	0.0654037
9.3427	0.0532251
9.71239	0.0311231
10.1136	0.0103744
10.4826	0.00405954
10.9479	0.0022553
11.5521	0.00045106

--------------------------------------
external weights (weight-occurrences)
3.3162	0.000192678
3.89484	0.000578035
4.17754	0.00423892
4.49711	0.00732177
4.83589	0.00924855
5.15607	0.0242775
5.48094	0.0558767
5.79352	0.0909441
6.13695	0.101156
6.45714	0.0894027
6.78581	0.0967245
7.11004	0.095183
7.43954	0.0880539
7.76139	0.060501
8.10578	0.0707129
8.43462	0.0714836
8.74016	0.061079
9.07652	0.0431599
9.39813	0.0236994
9.7141	0.0061657
