degree distribution (probability density function of the degree in logarithmic bins) 
17.375	0.105355
19.4839	0.0936924
21	0.0527151
22.5909	0.0560329
24.6364	0.0514378
27.5	0.0343414
29.5714	0.0275845
32	0.0289398
35	0.0232457
38.2857	0.0213394

degree distribution (degree-occurrences) 
17	0.1
18	0.06
19	0.08
20	0.075
21	0.095
22	0.045
23	0.065
24	0.065
25	0.02
26	0.025
27	0.04
28	0.04
29	0.03
30	0.04
31	0.035
32	0.01
33	0.035
34	0.03
35	0.01
36	0.03
37	0.025
38	0.02
39	0.005
40	0.02


--------------------------------------
community distribution (size-occurrences)
18	0.25
22	0.25
27	0.125
29	0.125
32	0.25


--------------------------------------
mixing parameter
0.647059	0.025
0.666667	0.055
0.678234	0.04
0.683254	0.075
0.690469	0.055
0.695733	0.115
0.701079	0.2
0.707121	0.18
0.713852	0.13
0.719316	0.015
0.724225	0.06
0.736842	0.04
0.73913	0.005
0.761905	0.005

--------------------------------------
